       0/9     4.02G      2.28       1.2         0      3.48        22       416     0.439     0.473     0.317     0.456      1.53     0.815         0
       1/9     4.03G      1.64     0.927         0      2.57        28       416     0.557      0.61      0.48     0.582      1.34     0.679         0
       2/9     4.03G      1.48     0.812         0      2.29        13       416     0.578     0.671      0.52     0.621      1.24     0.607         0
       3/9     4.03G      1.39     0.765         0      2.15        17       416      0.59     0.712     0.573     0.645      1.18     0.572         0
       4/9     4.03G      1.32     0.727         0      2.04        27       416     0.592     0.742     0.596     0.658      1.14     0.541         0
       5/9     4.03G      1.26     0.688         0      1.95        18       416     0.597     0.784     0.637     0.678      1.12     0.521         0
       6/9     4.03G      1.22     0.673         0      1.89        17       416      0.59     0.798     0.659     0.679      1.06     0.504         0
       7/9     4.03G      1.19     0.645         0      1.83        21       416     0.602     0.785     0.648     0.681      1.05      0.49         0
       8/9     4.03G      1.16      0.64         0       1.8        22       416     0.598     0.803      0.67     0.686      1.01     0.479         0
       9/9     4.03G      1.11     0.614         0      1.72        16       416    0.0907      0.91     0.724     0.165     0.981      0.47         0
