       0/9     4.22G      2.09     0.797         0      2.89         4       608     0.346      0.32     0.169     0.332      1.19     0.488         0
       1/9     4.22G       1.5     0.602         0       2.1         4       608     0.546     0.547     0.392     0.546     0.992      0.39         0
       2/9     4.22G      1.35     0.531         0      1.89        13       608     0.618     0.588     0.437     0.602     0.907     0.343         0
       3/9     4.22G      1.24     0.494         0      1.73         7       608     0.533     0.714     0.549      0.61     0.838     0.323         0
       4/9     4.22G      1.19     0.462         0      1.65         8       608     0.555     0.715     0.546     0.625     0.821     0.302         0
       5/9     4.22G      1.14     0.443         0      1.58         7       608      0.59     0.749      0.59      0.66     0.801     0.289         0
       6/9     4.22G      1.09     0.426         0      1.52         7       608      0.54     0.768     0.589     0.634     0.769     0.284         0
       7/9     4.22G      1.07     0.415         0      1.49         7       608     0.592     0.781       0.6     0.674     0.751     0.272         0
       8/9     4.22G      1.04     0.402         0      1.44         9       608     0.594     0.791     0.636     0.679     0.727     0.266         0
       9/9     4.22G     0.987     0.391         0      1.38         5       608      0.11     0.935     0.698     0.197     0.712     0.263         0
