       0/9     5.21G      2.16      1.07         0      3.23         4       608     0.377     0.503     0.313     0.431      1.33     0.825         0
       1/9     5.21G      1.59      0.86         0      2.45         4       608     0.583     0.592     0.447     0.588      1.12     0.688         0
       2/9     5.21G      1.46     0.834         0       2.3        13       480     0.532     0.717     0.559     0.611      1.06     0.625         0
       3/9     5.24G      1.32     0.707         0      2.03         7       320      0.54     0.737     0.596     0.623      1.03      0.59         0
       4/9     5.24G      1.31     0.754         0      2.06         8       608     0.458     0.784     0.598     0.578     0.963     0.577         0
       5/9     5.24G      1.22     0.664         0      1.89         7       544     0.621     0.779     0.644     0.691     0.915     0.528         0
       6/9     5.24G      1.18     0.619         0       1.8         7       576     0.578      0.81     0.669     0.675     0.886     0.508         0
       7/9     5.24G      1.12      0.55         0      1.67         7       448     0.576     0.829     0.693      0.68     0.857     0.489         0
       8/9     5.24G      1.16     0.704         0      1.87         9       384     0.552     0.824     0.662     0.661     0.849     0.496         0
       9/9     5.24G      1.09     0.613         0      1.71         5       608    0.0903      0.92     0.729     0.164     0.826     0.486         0
