       0/9     4.44G      1.83      1.57      2.99      6.38        69       416     0.312     0.189     0.126     0.202      1.72      1.28      2.12
       1/9     4.44G      1.65       1.4      2.21      5.27        71       416      0.34     0.264     0.189     0.275      1.62      1.21      1.77
       2/9     4.44G      1.59      1.36      1.99      4.94        82       416     0.361     0.301     0.216     0.301       1.6      1.18      1.64
       3/9     4.44G      1.56      1.33      1.88      4.77        59       416     0.377     0.312      0.23     0.318      1.59      1.15      1.57
       4/9     4.44G      1.54      1.31      1.81      4.65        83       416     0.361     0.337     0.243     0.329      1.61      1.14      1.51
       5/9     4.44G      1.52       1.3      1.76      4.58       122       416     0.368     0.347     0.254     0.331      1.56      1.14       1.5
       6/9     4.44G      1.51      1.28      1.72      4.51        76       416     0.382     0.361      0.27     0.349      1.53      1.12      1.43
       7/9     4.44G       1.5      1.28      1.69      4.46        77       416     0.379     0.371     0.274     0.357      1.51      1.12      1.41
       8/9     4.44G      1.49      1.27      1.67      4.44        89       416     0.371      0.37     0.272     0.355      1.56       1.1      1.41
       9/9     4.44G      1.29      1.17      1.35      3.81        88       416    0.0487     0.628     0.391    0.0889      1.29         1       1.1
