       0/9     4.02G      1.95     0.603         0      2.55        70       416      0.37     0.124     0.105     0.186      1.33      0.38         0
       1/9     4.02G      1.33     0.335         0      1.67        56       416     0.351     0.165     0.141     0.224      1.21     0.294         0
       2/9     4.02G       1.2      0.28         0      1.48        48       416      0.48     0.168     0.148     0.249       1.1     0.263         0
       3/9     4.03G      1.13     0.255         0      1.39       126       416     0.459     0.181     0.164      0.26      1.06     0.245         0
       4/9     4.03G      1.09     0.241         0      1.33       184       416      0.48     0.186     0.167     0.268      1.02     0.235         0
       5/9     4.03G      1.05     0.229         0      1.28        64       416     0.478     0.195     0.176     0.277         1     0.226         0
       6/9     4.03G      1.02     0.219         0      1.24       182       416     0.516     0.197     0.178     0.285     0.975      0.22         0
       7/9     4.03G         1     0.214         0      1.22        68       416     0.498       0.2     0.184     0.285     0.973     0.216         0
       8/9     4.03G     0.981     0.206         0      1.19        80       416     0.541     0.202     0.188     0.294     0.951     0.213         0
       9/9     4.03G     0.942     0.203         0      1.14        42       416     0.149     0.216     0.193     0.176      0.92     0.207         0
