      0/19     4.02G      2.12      1.25         0      3.37        22       416      0.26     0.232    0.0849     0.245      1.64     0.939         0
      1/19     4.03G      1.74      1.04         0      2.78        28       416       0.4      0.41     0.243     0.405      1.51     0.795         0
      2/19     4.03G      1.62     0.933         0      2.55        13       416     0.418     0.537     0.359      0.47      1.38     0.738         0
      3/19     4.03G      1.52     0.894         0      2.42        17       416     0.433     0.585     0.376     0.498      1.32     0.687         0
      4/19     4.03G      1.46     0.857         0      2.31        27       416     0.489      0.61     0.437     0.543       1.3      0.66         0
      5/19     4.03G      1.41     0.821         0      2.24        18       416      0.45     0.654     0.462     0.533      1.27     0.637         0
      6/19     4.03G      1.37     0.801         0      2.17        17       416     0.409     0.686      0.49     0.513      1.22      0.63         0
      7/19     4.03G      1.33     0.774         0      2.11        21       416     0.476     0.707     0.525     0.569      1.19     0.613         0
      8/19     4.03G      1.32     0.774         0      2.09        22       416     0.424     0.681     0.439     0.522      1.24     0.764         0
      9/19     4.03G       1.3     0.765         0      2.06        16       416     0.506      0.69     0.516     0.584      1.14     0.597         0
     10/19     4.03G      1.25     0.742         0      1.99        25       416     0.523     0.729     0.582     0.609       1.1     0.566         0
     11/19     4.03G      1.25     0.721         0      1.97        22       416     0.497     0.734     0.562     0.592      1.08     0.567         0
     12/19     4.03G      1.21     0.712         0      1.93        16       416     0.507     0.736     0.588     0.601      1.07     0.554         0
     13/19     4.03G      1.21     0.707         0      1.92        27       416     0.506     0.744     0.589     0.603      1.05     0.556         0
     14/19     4.03G       1.2     0.689         0      1.89        23       416     0.552     0.737     0.594     0.631      1.04     0.541         0
     15/19     4.03G      1.18     0.674         0      1.85        18       416     0.553     0.747     0.606     0.636      1.05     0.534         0
     16/19     4.03G      1.16     0.676         0      1.84        17       416      0.55     0.763     0.623     0.639      1.04     0.523         0
     17/19     4.03G       1.1     0.645         0      1.74        15       416     0.555      0.78     0.652     0.649     0.964     0.499         0
     18/19     4.03G      1.06      0.63         0      1.69        14       416     0.559      0.78     0.656     0.651     0.961     0.492         0
     19/19     4.03G      1.04     0.611         0      1.65        18       416    0.0935     0.899     0.706     0.169     0.954     0.491         0
