      0/49     5.21G       1.9      0.56         0      2.46       154       608     0.339     0.123     0.105      0.18      1.24     0.388         0
      1/49     5.21G      1.31     0.321         0      1.63        78       576     0.276     0.164     0.131     0.205      1.08     0.305         0
      2/49     5.21G      1.18     0.282         0      1.46       244       480     0.367     0.174      0.15     0.236         1     0.262         0
      3/49     5.21G      1.12     0.241         0      1.36        62       480     0.528     0.177     0.161     0.265     0.964     0.244         0
      4/49     5.21G      1.06     0.246         0      1.31       306       448     0.489     0.187     0.169      0.27     0.941     0.234         0
      5/49     5.21G      1.05     0.216         0      1.26        52       320     0.472     0.191     0.174     0.272     0.932     0.227         0
      6/49     5.21G      1.02     0.227         0      1.24        80       608     0.532     0.192     0.177     0.282     0.909     0.226         0
      7/49     5.21G     0.997     0.221         0      1.22        70       352     0.462       0.2     0.184     0.279     0.902     0.217         0
      8/49     5.21G     0.984     0.208         0      1.19        88       384     0.556       0.2     0.186     0.294     0.892     0.211         0
      9/49     5.21G      0.97     0.202         0      1.17        40       448     0.501     0.204     0.189      0.29     0.871     0.207         0
     10/49     5.21G     0.956     0.199         0      1.15        54       448     0.557     0.206     0.191     0.301     0.869     0.203         0
     11/49     5.21G     0.939     0.194         0      1.13        80       384     0.536     0.208     0.191       0.3     0.868     0.202         0
     12/49     5.21G     0.934     0.189         0      1.12       170       352     0.556     0.207     0.192     0.302     0.859     0.199         0
     13/49     5.21G     0.912     0.195         0      1.11        36       352     0.551     0.212     0.199     0.306     0.854     0.199         0
     14/49     5.21G      0.91     0.195         0       1.1        24       576     0.622     0.209     0.196     0.313     0.852     0.199         0
     15/49     5.21G     0.915     0.183         0       1.1       198       480     0.585     0.211       0.2      0.31     0.836     0.196         0
     16/49     5.21G     0.895     0.185         0      1.08        34       320     0.638     0.212     0.202     0.318     0.842     0.193         0
     17/49     5.21G     0.891     0.179         0      1.07       114       544     0.627     0.215     0.203      0.32     0.834     0.193         0
     18/49     5.21G     0.887     0.185         0      1.07        94       576     0.627     0.212     0.202     0.317      0.83     0.195         0
     19/49     5.21G     0.881     0.174         0      1.05        58       544     0.636     0.215     0.203     0.321     0.829     0.193         0
     20/49     5.21G      0.88     0.177         0      1.06        26       544     0.659     0.213     0.204     0.322     0.824     0.191         0
     21/49     5.21G     0.873     0.166         0      1.04       148       384     0.642     0.217     0.204     0.324     0.824     0.188         0
     22/49     5.21G     0.858     0.179         0      1.04       102       384     0.642     0.216     0.205     0.323      0.82     0.187         0
     23/49     5.21G     0.874     0.164         0      1.04        42       544     0.651     0.219     0.206     0.328     0.813     0.187         0
     24/49     5.21G     0.857     0.169         0      1.03       104       320     0.616      0.22     0.211     0.324     0.816     0.187         0
     25/49     5.21G     0.855     0.171         0      1.03        68       544     0.664     0.217     0.205     0.327     0.812     0.187         0
     26/49     5.21G     0.849     0.174         0      1.02       122       544     0.659      0.22     0.209     0.329     0.813     0.184         0
     27/49     5.21G     0.847     0.164         0      1.01        56       320     0.602     0.225     0.213     0.328     0.821     0.184         0
     28/49     5.21G     0.849     0.164         0      1.01        78       512     0.633      0.22     0.211     0.326     0.807     0.183         0
     29/49     5.21G     0.828      0.17         0     0.998       276       480     0.645     0.222     0.213      0.33     0.812     0.186         0
     30/49     5.21G     0.824     0.172         0     0.996        30       416     0.653     0.223     0.214     0.332     0.807     0.184         0
     31/49     5.21G     0.828     0.162         0      0.99        52       352     0.619     0.225     0.213      0.33     0.803     0.183         0
     32/49     5.21G     0.819     0.162         0     0.981        46       608      0.66     0.223     0.213     0.333       0.8     0.182         0
     33/49     5.21G      0.82     0.163         0     0.983        48       512     0.595      0.23     0.221     0.332     0.806      0.18         0
     34/49     5.21G     0.821     0.158         0     0.979       138       384     0.654     0.225     0.214     0.334     0.792      0.18         0
     35/49     5.21G     0.821     0.158         0     0.979        86       416     0.672     0.225     0.215     0.337     0.798     0.181         0
     36/49     5.21G     0.805      0.16         0     0.965        82       448     0.663     0.225     0.214     0.336     0.801     0.182         0
     37/49     5.21G     0.813     0.156         0     0.969        52       576     0.649     0.227     0.215     0.336     0.809     0.181         0
     38/49     5.21G      0.81     0.152         0     0.962       206       480     0.693     0.224     0.215     0.339     0.789      0.18         0
     39/49     5.21G     0.812      0.15         0     0.962       334       480     0.674     0.225     0.215     0.337      0.79     0.179         0
     40/49     5.21G     0.801     0.158         0     0.959        24       480      0.67     0.226     0.215     0.338     0.798      0.18         0
     41/49     5.21G     0.778     0.154         0     0.932        70       512     0.669     0.228     0.215      0.34     0.772     0.177         0
     42/49     5.21G     0.765     0.146         0     0.911       120       512     0.674     0.228     0.216     0.341     0.772     0.176         0
     43/49     5.21G     0.757     0.147         0     0.905       216       576     0.686     0.228     0.216     0.343     0.774     0.176         0
     44/49     5.21G     0.751     0.151         0     0.902        82       512     0.674      0.23     0.223     0.343     0.768     0.176         0
     45/49     5.21G     0.761      0.14         0     0.902        56       576     0.684     0.229     0.216     0.343     0.772     0.176         0
     46/49     5.21G     0.748     0.146         0     0.894        46       448     0.678     0.229     0.217     0.342     0.766     0.175         0
     47/49     5.21G     0.748      0.15         0     0.899       986       544     0.691     0.228     0.216     0.343     0.766     0.175         0
     48/49     5.21G     0.756     0.142         0     0.898       174       576     0.669      0.23     0.219     0.342     0.767     0.175         0
     49/49     5.21G     0.747     0.144         0     0.891        36       320     0.205      0.24     0.225     0.221     0.768     0.176         0
