       0/4     5.21G      1.56     0.545         0      2.11         9       320     0.443     0.524     0.429      0.48      1.08     0.366         0
       1/4     5.21G      1.27     0.431         0       1.7         5       480     0.527     0.568     0.496     0.546     0.981     0.331         0
       2/4     5.21G      1.19     0.394         0      1.59        15       384     0.531     0.606      0.53     0.566     0.936     0.306         0
       3/4     5.21G      1.15     0.387         0      1.53         9       544      0.53      0.62     0.545     0.571     0.905     0.299         0
       4/4     5.21G      1.11     0.367         0      1.48        20       608    0.0649     0.735   0.00801     0.119     0.892     0.289         0
     5/272     4.24G      1.09     0.358         0      1.45         9       416     0.524     0.649      0.57      0.58     0.871     0.285         0
     6/272     4.24G      1.07     0.358         0      1.43         5       448     0.527     0.659     0.574     0.586     0.852     0.281         0
     7/272     4.24G      1.05     0.344         0       1.4        15       448     0.588     0.627     0.562     0.607     0.841     0.276         0
     8/272     4.24G      1.04     0.349         0      1.39         9       544     0.496     0.676     0.594     0.572     0.827      0.27         0
     9/272     4.24G      1.02     0.334         0      1.36        20       352     0.546     0.666     0.596       0.6     0.827     0.272         0
    10/272     4.24G      1.02     0.336         0      1.36        17       480     0.469     0.698     0.604     0.561     0.819     0.268         0
    11/272     4.24G      1.01     0.334         0      1.35        15       480      0.52     0.687     0.605     0.592      0.81     0.263         0
    12/272     4.24G      1.01     0.334         0      1.34         6       512     0.535     0.683      0.61       0.6     0.802     0.265         0
    13/272     4.24G         1     0.333         0      1.33         4       512     0.552     0.677     0.608     0.608     0.798     0.261         0
    14/272     4.24G     0.988     0.321         0      1.31        11       448     0.553     0.683     0.613     0.611     0.799     0.262         0
