       0/9     4.18G      2.18     0.666         0      2.84        70       416     0.241     0.132    0.0918     0.171      1.72      0.53         0
       1/9     4.19G      1.81     0.519         0      2.33        56       416     0.345     0.143     0.115     0.202      1.54     0.452         0
       2/9     4.19G      1.57     0.409         0      1.98        48       416     0.365     0.159     0.131     0.221      1.41     0.366         0
       3/9     4.19G      1.43     0.354         0      1.78       126       416     0.386      0.17     0.147     0.236      1.34      0.35         0
       4/9     4.19G      1.39     0.349         0      1.74       184       416     0.325     0.147     0.094     0.202      1.54     0.723         0
       5/9     4.19G      1.37     0.343         0      1.71        64       416     0.449     0.168     0.144     0.244      1.26     0.335         0
       6/9     4.19G      1.33     0.333         0      1.67       182       416     0.555     0.179     0.161     0.271      1.29      0.33         0
       7/9     4.19G      1.29     0.315         0      1.61        68       416      0.53     0.178     0.161     0.267      1.24     0.302         0
       8/9     4.19G      1.26     0.305         0      1.57        80       416     0.402     0.194     0.173     0.262      1.19     0.303         0
       9/9     4.19G      1.14      0.28         0      1.42        42       416     0.149     0.214     0.187     0.176      1.07      0.27         0
