      0/49      5.5G      1.83     0.538         0      2.36       154       608      0.35     0.137     0.115     0.197      1.23     0.382         0
      1/49      5.5G      1.31      0.32         0      1.63        78       576     0.298      0.17     0.136     0.217      1.09     0.302         0
      2/49      5.5G      1.18      0.28         0      1.46       244       480     0.475     0.174     0.157     0.255      1.04     0.262         0
      3/49      5.5G      1.12     0.237         0      1.36        62       480     0.507     0.183     0.166     0.269     0.958     0.242         0
      4/49      5.5G      1.06     0.241         0      1.31       306       448     0.503     0.191     0.177     0.277     0.931     0.226         0
      5/49      5.5G      1.04     0.209         0      1.25        52       320      0.47     0.197     0.177     0.278     0.924     0.222         0
      6/49      5.5G      1.01     0.221         0      1.23        80       608     0.552     0.197      0.18     0.291     0.918     0.218         0
      7/49      5.5G     0.995     0.215         0      1.21        70       352     0.482     0.206     0.188     0.289     0.902     0.211         0
      8/49      5.5G     0.981     0.202         0      1.18        88       384     0.634     0.201     0.192     0.305     0.878     0.205         0
      9/49      5.5G     0.962     0.196         0      1.16        40       448     0.596     0.206     0.193     0.307     0.867     0.202         0
     10/49      5.5G     0.954     0.194         0      1.15        54       448     0.526     0.214     0.199     0.304     0.851     0.198         0
     11/49      5.5G     0.935     0.188         0      1.12        80       384     0.595     0.211     0.198     0.312     0.878     0.204         0
     12/49      5.5G     0.931     0.185         0      1.12       170       352     0.572     0.212       0.2     0.309     0.864     0.199         0
     13/49      5.5G     0.915     0.192         0      1.11        36       352     0.657     0.211     0.202     0.319      0.86     0.197         0
     14/49      5.5G      0.91     0.192         0       1.1        24       576     0.657     0.212     0.203     0.321     0.842     0.195         0
     15/49      5.5G     0.911     0.178         0      1.09       198       480     0.612     0.215     0.202     0.318     0.836     0.193         0
     16/49      5.5G     0.898     0.181         0      1.08        34       320     0.572     0.222     0.209     0.319     0.837      0.19         0
     17/49      5.5G     0.895     0.177         0      1.07       114       544     0.626      0.22     0.211     0.326     0.842     0.194         0
     18/49      5.5G     0.891     0.184         0      1.08        94       576     0.608     0.219     0.207     0.322     0.833     0.188         0
     19/49      5.5G     0.884     0.171         0      1.06        58       544     0.648      0.22      0.21     0.328     0.823     0.188         0
     20/49      5.5G     0.879     0.174         0      1.05        26       544     0.683     0.217     0.206     0.329     0.822     0.187         0
     21/49      5.5G     0.874     0.163         0      1.04       148       384     0.612     0.222     0.212     0.326     0.827      0.19         0
     22/49      5.5G     0.867     0.178         0      1.04       102       384     0.589     0.227     0.213     0.328     0.814     0.185         0
     23/49      5.5G     0.883     0.162         0      1.04        42       544     0.624     0.226     0.214     0.331     0.819     0.185         0
     24/49      5.5G     0.866     0.169         0      1.03       104       320     0.652     0.224     0.213     0.334      0.82     0.191         0
     25/49      5.5G     0.868     0.172         0      1.04        68       544     0.718      0.22     0.215     0.337     0.803     0.186         0
     26/49      5.5G      0.86     0.174         0      1.03       122       544     0.649     0.224     0.214     0.333     0.825     0.185         0
     27/49      5.5G     0.858     0.164         0      1.02        56       320     0.619     0.227     0.214     0.332     0.829     0.186         0
     28/49      5.5G     0.861     0.165         0      1.03        78       512      0.65     0.221     0.213      0.33     0.813     0.183         0
     29/49      5.5G     0.849     0.173         0      1.02       276       480     0.619     0.229     0.214     0.334      0.82     0.186         0
     30/49      5.5G     0.841     0.173         0      1.01        30       416     0.625     0.229     0.217     0.336     0.798     0.183         0
     31/49      5.5G     0.844     0.163         0      1.01        52       352     0.539     0.235     0.221     0.327     0.804     0.187         0
     32/49      5.5G     0.838     0.164         0         1        46       608     0.665     0.227     0.215     0.338     0.808     0.182         0
     33/49      5.5G     0.835     0.164         0     0.999        48       512     0.633      0.23     0.222     0.338     0.808     0.182         0
     34/49      5.5G     0.836      0.16         0     0.996       138       384     0.656     0.228     0.215     0.339     0.801     0.182         0
     35/49      5.5G     0.841     0.161         0         1        86       416     0.691     0.226     0.216     0.341     0.813     0.184         0
     36/49      5.5G     0.826     0.163         0     0.989        82       448     0.539     0.231     0.218     0.323     0.819     0.192         0
     37/49      5.5G     0.835      0.16         0     0.995        52       576     0.732     0.226     0.216     0.346     0.824     0.187         0
     38/49      5.5G     0.833     0.155         0     0.988       206       480     0.702     0.228     0.217     0.344     0.788     0.179         0
     39/49      5.5G     0.834     0.153         0     0.987       334       480     0.682     0.231     0.224     0.345     0.791     0.178         0
     40/49      5.5G     0.824     0.162         0     0.987        24       480     0.728     0.225     0.216     0.344     0.802     0.185         0
     41/49      5.5G     0.779     0.154         0     0.934        70       512     0.708      0.23     0.224     0.348     0.759     0.174         0
     42/49      5.5G     0.759     0.142         0     0.902       120       512     0.656     0.236     0.225     0.347     0.756     0.172         0
     43/49      5.5G     0.752     0.143         0     0.895       216       576     0.684     0.235     0.225      0.35     0.758     0.171         0
     44/49      5.5G      0.74     0.146         0     0.886        82       512     0.689     0.235     0.225     0.351     0.755     0.172         0
     45/49      5.5G     0.752     0.136         0     0.888        56       576      0.69     0.235     0.225      0.35     0.753     0.171         0
     46/49      5.5G     0.735     0.141         0     0.876        46       448     0.701     0.234     0.225     0.351     0.747     0.169         0
     47/49      5.5G     0.735     0.144         0      0.88       986       544     0.709     0.233     0.225     0.351     0.748      0.17         0
     48/49      5.5G     0.743     0.137         0      0.88       174       576     0.688     0.235     0.225      0.35     0.749      0.17         0
     49/49      5.5G     0.733     0.138         0     0.872        36       320     0.225     0.246      0.23     0.235     0.749      0.17         0
