      0/49     5.42G      1.69     0.435         0      2.12        48       608     0.802    0.0616    0.0612     0.114      1.12     0.323         0
      1/49     5.42G      1.21     0.262         0      1.47       430       576     0.763    0.0676    0.0624     0.124      1.03     0.242         0
      2/49     5.42G      1.09     0.222         0      1.31       130       480     0.748    0.0696    0.0676     0.127      0.94     0.208         0
      3/49     5.42G      1.04     0.184         0      1.22        66       480     0.903    0.0952    0.0915     0.172      0.89     0.187         0
      4/49     5.42G     0.982     0.179         0      1.16        96       448     0.831     0.145     0.139     0.247     0.854      0.17         0
      5/49     5.42G      0.96     0.161         0      1.12        90       320     0.689     0.167     0.156     0.269     0.868     0.166         0
      6/49     5.42G     0.934     0.163         0       1.1       186       608     0.711     0.176     0.165     0.282     0.839      0.16         0
      7/49     5.42G     0.917     0.159         0      1.08        26       352     0.634     0.188     0.174     0.289     0.846     0.155         0
      8/49     5.42G     0.907      0.15         0      1.06        72       384     0.732     0.182     0.175     0.292     0.822     0.152         0
      9/49     5.42G     0.892     0.145         0      1.04       114       448     0.721     0.187     0.176     0.297     0.805     0.148         0
     10/49     5.42G      0.88      0.14         0      1.02        98       448     0.624     0.197     0.184       0.3     0.806     0.147         0
     11/49     5.42G     0.876     0.138         0      1.01       258       384     0.619     0.201      0.19     0.303       0.8     0.147         0
     12/49     5.42G     0.862     0.136         0     0.999        48       352     0.738     0.189     0.178     0.301     0.802     0.147         0
     13/49     5.42G      0.85     0.139         0     0.989       102       352     0.631     0.204     0.192     0.308      0.81     0.145         0
     14/49     5.42G     0.847     0.137         0     0.984        50       576     0.748     0.194     0.186     0.308     0.795     0.144         0
     15/49     5.42G     0.846     0.132         0     0.978        54       480     0.731     0.199      0.19     0.313      0.78      0.14         0
     16/49     5.42G     0.836     0.133         0     0.969        74       320     0.671     0.207     0.195     0.316     0.795     0.142         0
     17/49     5.42G     0.829     0.129         0     0.958        34       544     0.623     0.211     0.202     0.315     0.787     0.143         0
     18/49     5.42G     0.825     0.132         0     0.957       116       576     0.733     0.204     0.196     0.319     0.772     0.139         0
     19/49     5.42G     0.828     0.126         0     0.954        96       544       0.7      0.21     0.203     0.323     0.784      0.14         0
     20/49     5.42G      0.82     0.125         0     0.945       122       544     0.788     0.196     0.188     0.314     0.776     0.139         0
     21/49     5.42G     0.824     0.123         0     0.946       104       384     0.679     0.209     0.196     0.319     0.774     0.138         0
     22/49     5.42G     0.805      0.13         0     0.935       132       384     0.698     0.209       0.2     0.322     0.779     0.139         0
     23/49     5.42G     0.825     0.122         0     0.947       342       544     0.759     0.208     0.198     0.326      0.75     0.135         0
     24/49     5.42G     0.805     0.123         0     0.927        24       320     0.634     0.218     0.204     0.324     0.761     0.139         0
     25/49     5.42G     0.802     0.123         0     0.924        84       544     0.743     0.207     0.197     0.324     0.759     0.134         0
     26/49     5.42G     0.805     0.126         0     0.931       274       544     0.779     0.206     0.198     0.326     0.765     0.136         0
     27/49     5.42G       0.8     0.123         0     0.923        94       320     0.681     0.216     0.205     0.328     0.768     0.137         0
     28/49     5.42G     0.802     0.121         0     0.923        32       512     0.765     0.209       0.2     0.329     0.761     0.134         0
     29/49     5.42G     0.788     0.126         0     0.914        58       480     0.709     0.215     0.205      0.33      0.76     0.141         0
     30/49     5.42G     0.783     0.128         0     0.911        30       416     0.726     0.213     0.206     0.329     0.767     0.136         0
     31/49     5.42G     0.784     0.122         0     0.905        52       352     0.677     0.217     0.206     0.329     0.764      0.14         0
     32/49     5.42G     0.783     0.119         0     0.902        46       608     0.742     0.214     0.206     0.332     0.757     0.135         0
     33/49     5.42G     0.781      0.12         0     0.901        44       512     0.614     0.228     0.213     0.332     0.772     0.134         0
     34/49     5.42G     0.783     0.119         0     0.902       336       384     0.708     0.218     0.207     0.333     0.748     0.132         0
     35/49     5.42G     0.783     0.116         0     0.899       146       416     0.691     0.222     0.214     0.336     0.792     0.136         0
     36/49     5.42G     0.778     0.118         0     0.896       182       448     0.661     0.225     0.214     0.336     0.761     0.135         0
     37/49     5.42G     0.782     0.118         0     0.899       100       576     0.723      0.22     0.213     0.337     0.752     0.135         0
     38/49     5.42G     0.781     0.114         0     0.895        54       480     0.684     0.226     0.214     0.339     0.753     0.135         0
     39/49     5.42G     0.781     0.114         0     0.894       118       480     0.768     0.217     0.208     0.339     0.746     0.132         0
     40/49     5.42G      0.77     0.119         0     0.889        34       480     0.722     0.222     0.215      0.34     0.746     0.133         0
     41/49     5.42G     0.723      0.11         0     0.833        64       512     0.733     0.225     0.216     0.344      0.71     0.126         0
     42/49     5.42G     0.708     0.103         0     0.811       124       512     0.733     0.226     0.217     0.345     0.708     0.126         0
     43/49     5.42G     0.702     0.105         0     0.807        98       576     0.742     0.224     0.216     0.345      0.71     0.126         0
     44/49     5.42G     0.685     0.104         0     0.788        44       512     0.747     0.225     0.217     0.346     0.707     0.126         0
     45/49     5.42G     0.701    0.0995         0       0.8        84       576      0.77     0.223     0.217     0.346     0.708     0.126         0
     46/49     5.42G     0.681     0.101         0     0.782        80       448     0.743     0.226     0.217     0.346     0.702     0.125         0
     47/49     5.42G     0.684     0.103         0     0.787        68       544     0.759     0.224     0.217     0.346     0.702     0.125         0
     48/49     5.42G     0.686    0.0991         0     0.785        72       576     0.741     0.226     0.217     0.346     0.704     0.126         0
     49/49     5.42G     0.678    0.0981         0     0.776        16       320     0.246     0.243     0.228     0.244     0.704     0.126         0
     50/99     5.35G     0.771      0.11         0     0.882        48       608     0.759     0.217     0.207     0.337     0.745     0.135         0
     51/99     5.35G     0.773     0.113         0     0.886       430       576      0.72     0.224     0.215     0.342     0.754     0.135         0
     52/99     5.35G      0.76     0.116         0     0.876       130       480     0.686     0.226     0.215      0.34     0.759     0.136         0
     53/99     5.35G     0.773     0.109         0     0.882        66       480     0.749     0.218     0.208     0.338     0.739     0.131         0
     54/99     5.35G     0.752     0.115         0     0.867        96       448     0.715     0.225     0.216     0.342     0.734     0.129         0
     55/99     5.35G     0.762      0.11         0     0.872        90       320     0.691     0.227     0.216     0.341     0.762     0.137         0
     56/99     5.35G     0.756     0.117         0     0.873       186       608     0.689     0.227     0.216     0.341     0.743     0.132         0
     57/99     5.35G     0.747     0.117         0     0.864        26       352     0.716     0.226     0.216     0.343     0.746     0.134         0
     58/99     5.35G     0.755     0.114         0     0.869        72       384     0.787     0.218     0.208     0.342     0.751     0.131         0
     59/99     5.35G     0.751     0.112         0     0.863       114       448     0.731     0.225     0.216     0.344     0.737     0.132         0
     60/99     5.35G     0.746     0.109         0     0.855        98       448     0.688     0.228     0.216     0.342     0.758     0.133         0
     61/99     5.35G     0.752     0.111         0     0.863       258       384     0.669     0.229     0.215     0.341     0.763     0.135         0
     62/99     5.35G     0.745      0.11         0     0.855        48       352     0.769      0.22     0.214     0.342     0.762     0.132         0
     63/99     5.35G     0.731     0.114         0     0.845       102       352     0.666     0.229     0.216      0.34     0.754     0.135         0
     64/99     5.35G     0.737     0.112         0     0.849        50       576     0.757     0.225     0.217     0.347     0.731      0.13         0
     65/99     5.35G     0.743     0.109         0     0.852        54       480     0.754     0.224     0.216     0.345      0.74     0.134         0
     66/99     5.35G     0.735     0.111         0     0.846        74       416     0.649     0.233     0.224     0.343     0.749     0.135         0
     67/99     5.35G     0.732     0.109         0      0.84        34       544     0.689     0.232     0.225     0.347     0.745     0.135         0
     68/99     5.35G     0.726      0.11         0     0.836       116       576     0.723     0.225     0.217     0.344     0.733     0.132         0
     69/99     5.35G     0.737     0.107         0     0.844        96       544     0.736     0.228     0.217     0.348     0.735     0.132         0
     70/99     5.35G     0.734     0.107         0      0.84       122       544      0.81      0.22     0.214     0.346     0.733      0.13         0
     71/99     5.35G     0.739     0.105         0     0.844       104       384     0.663     0.234     0.224     0.346     0.731     0.129         0
     72/99     5.35G     0.727     0.111         0     0.838       132       384     0.781     0.218     0.209     0.341      0.74     0.131         0
     73/99     5.35G      0.74     0.105         0     0.845       342       544     0.736     0.228     0.217     0.348     0.732     0.133         0
     74/99     5.35G     0.724     0.107         0     0.832        24       320     0.667     0.234     0.224     0.347      0.74     0.135         0
     75/99     5.35G     0.723     0.107         0      0.83        84       544     0.757     0.225     0.217     0.347     0.734     0.132         0
     76/99     5.35G     0.729     0.109         0     0.838       274       544     0.806      0.22     0.216     0.346     0.741     0.135         0
     77/99     5.35G     0.724     0.106         0      0.83        94       320      0.71     0.229     0.218     0.346     0.748     0.142         0
     78/99     5.35G     0.732     0.106         0     0.838        32       512     0.795      0.22     0.217     0.345     0.742     0.135         0
     79/99     5.35G      0.71      0.11         0     0.819        58       480     0.739     0.229      0.22      0.35     0.746     0.137         0
     80/99     5.35G     0.712     0.113         0     0.825        30       416     0.764     0.223     0.218     0.346     0.739     0.133         0
     81/99     5.35G     0.683     0.103         0     0.787        52       352     0.725     0.231     0.226     0.351     0.711     0.128         0
     82/99     5.35G     0.665    0.0975         0     0.762        46       608     0.736     0.233     0.226     0.354     0.706     0.128         0
     83/99     5.35G     0.658    0.0964         0     0.754        44       320     0.764     0.228     0.219     0.352     0.705     0.127         0
     84/99     5.35G     0.653    0.0942         0     0.748       336       384     0.741     0.232     0.227     0.354     0.703     0.127         0
     85/99     5.35G     0.651    0.0915         0     0.743       146       416     0.771     0.229      0.22     0.353     0.699     0.127         0
     86/99     5.35G     0.644    0.0929         0     0.737       182       448     0.743     0.233     0.227     0.355     0.702     0.127         0
     87/99     5.35G     0.649    0.0917         0     0.741       100       576     0.775     0.231     0.227     0.355       0.7     0.128         0
     88/99     5.35G     0.649    0.0892         0     0.738        54       480     0.751     0.233     0.227     0.356     0.698     0.127         0
     89/99     5.35G     0.648    0.0889         0     0.736       118       480     0.776      0.23     0.227     0.355     0.699     0.127         0
     90/99     5.35G     0.635    0.0921         0     0.727        34       480     0.729     0.237     0.227     0.357     0.696     0.126         0
     91/99     5.35G     0.635    0.0908         0     0.725        64       512     0.756     0.234     0.227     0.357     0.695     0.127         0
     92/99     5.35G     0.637     0.088         0     0.725       124       512     0.749     0.234     0.227     0.356     0.696     0.127         0
     93/99     5.35G     0.636    0.0919         0     0.728        98       576     0.766     0.232     0.227     0.356     0.697     0.127         0
     94/99     5.35G     0.626    0.0914         0     0.718        44       512     0.778     0.232     0.227     0.357     0.695     0.127         0
     95/99     5.35G     0.647    0.0888         0     0.736        84       576     0.779     0.231     0.227     0.356     0.697     0.127         0
     96/99     5.35G      0.63    0.0898         0      0.72        80       448     0.756     0.233     0.227     0.356     0.694     0.127         0
     97/99     5.35G     0.635    0.0919         0     0.727        68       544     0.772     0.231     0.227     0.356     0.695     0.126         0
     98/99     5.35G     0.639    0.0888         0     0.728        72       576     0.759     0.233     0.227     0.357     0.696     0.127         0
     99/99     5.35G     0.633     0.088         0     0.721        16       320     0.267      0.25     0.235     0.258     0.698     0.128         0
