     0/249     4.02G      2.47       3.5         0      5.97       270       416         0         0         0         0      2.15      3.44         0
     1/249     4.03G      2.38      3.51         0      5.88       326       416         0         0         0         0      2.08      3.36         0
     2/249     4.03G      2.24      3.31         0      5.55       259       416         0         0         0         0      2.02      3.28         0
     3/249     4.03G      2.17      3.21         0      5.38       335       416         0         0         0         0      2.01      3.16         0
     4/249     4.03G       2.2      3.05         0      5.25       213       416         0         0         0         0      2.04      3.01         0
     5/249     4.03G       2.1         3         0       5.1       293       416    0.0441  0.000697  0.000273   0.00137      2.03      2.91         0
     6/249     4.03G      2.27      2.84         0       5.1       321       416     0.117    0.0209   0.00312    0.0355         2      2.74         0
     7/249     4.03G       2.1      2.71         0      4.81       373       416      0.13    0.0748    0.0108    0.0949      1.96      2.63         0
     8/249     4.03G      2.08      2.61         0      4.68       288       416     0.119      0.19    0.0305     0.147      1.93      2.48         0
     9/249     4.03G      2.06      2.42         0      4.48       292       416     0.103     0.278    0.0481      0.15      1.92      2.39         0
    10/249     4.03G      2.02      2.39         0      4.41       284       416    0.0996     0.315    0.0607     0.151       1.9      2.35         0
    11/249     4.03G         2      2.36         0      4.36       353       416     0.101     0.336    0.0729     0.155      1.88      2.29         0
    12/249     4.03G      2.03      2.26         0      4.29       303       416     0.116     0.361    0.0893     0.176      1.85      2.17         0
    13/249     4.03G       2.1      2.22         0      4.32       259       416     0.125     0.381       0.1     0.189      1.83      2.11         0
    14/249     4.03G         2      2.14         0      4.15       290       416     0.142     0.414     0.114     0.211      1.82      2.02         0
    15/249     4.03G      1.97      2.06         0      4.04       325       416     0.152     0.437     0.128     0.226       1.8      1.99         0
    16/249     4.03G      1.93      1.97         0       3.9       319       416     0.158     0.452     0.132     0.234      1.78      1.95         0
    17/249     4.03G      1.94      1.94         0      3.88       301       416     0.167     0.464     0.136     0.245      1.76      1.92         0
    18/249     4.03G      1.97      1.88         0      3.85       320       416     0.172     0.474     0.144     0.252      1.74      1.89         0
    19/249     4.03G      1.99      1.89         0      3.87       268       416     0.182     0.492     0.159     0.266      1.72      1.85         0
    20/249     4.03G      1.92      1.86         0      3.78       355       416     0.191     0.508     0.175     0.278      1.71      1.81         0
    21/249     4.03G      1.85      1.87         0      3.71       291       416     0.197     0.521     0.195     0.286      1.69      1.78         0
    22/249     4.03G       1.8      1.82         0      3.62       281       416     0.206     0.534     0.218     0.298      1.67      1.75         0
    23/249     4.03G      1.86       1.8         0      3.65       386       416     0.214     0.547     0.234     0.308      1.65      1.73         0
    24/249     4.03G      1.84      1.74         0      3.59       283       416     0.221     0.562     0.251     0.318      1.63      1.71         0
    25/249     4.03G       1.7      1.74         0      3.45       313       416     0.231     0.574     0.271     0.329      1.61      1.69         0
    26/249     4.03G      1.78      1.74         0      3.52       336       416      0.24     0.581     0.285      0.34       1.6      1.67         0
    27/249     4.03G      1.78      1.69         0      3.47       278       416     0.246      0.59     0.296     0.347      1.59      1.65         0
    28/249     4.03G      1.81      1.69         0      3.49       227       416     0.254     0.594     0.304     0.355      1.57      1.63         0
    29/249     4.03G      1.72      1.62         0      3.34       269       416     0.258     0.599     0.312     0.361      1.56      1.61         0
    30/249     4.03G      1.73      1.66         0      3.39       335       416      0.27     0.597     0.316     0.371      1.54      1.59         0
    31/249     4.03G      1.81      1.61         0      3.42       358       416     0.278     0.611     0.326     0.383      1.53      1.58         0
    32/249     4.03G      1.59      1.61         0       3.2       286       416     0.289     0.615     0.332     0.393      1.51      1.56         0
    33/249     4.03G       1.6      1.56         0      3.17       278       416     0.298      0.62     0.342     0.402       1.5      1.54         0
    34/249     4.03G      1.69      1.58         0      3.27       287       416     0.308     0.623     0.354     0.412      1.48      1.53         0
    35/249     4.03G      1.69      1.54         0      3.23       334       416     0.317     0.628     0.367     0.421      1.47      1.51         0
    36/249     4.03G      1.64      1.53         0      3.17       263       416     0.325     0.634     0.383      0.43      1.45       1.5         0
    37/249     4.03G      1.55      1.53         0      3.07       308       416     0.331     0.634     0.388     0.435      1.44      1.49         0
    38/249     4.03G      1.47       1.5         0      2.97       273       416     0.339     0.643     0.402     0.444      1.43      1.48         0
    39/249     4.03G      1.59      1.53         0      3.12       261       416     0.346     0.641     0.411      0.45      1.42      1.47         0
    40/249     4.03G      1.62       1.5         0      3.12       294       416     0.356     0.646     0.417     0.459      1.41      1.46         0
    41/249     4.03G      1.63      1.49         0      3.12       285       416     0.361     0.646     0.427     0.464      1.39      1.45         0
    42/249     4.03G      1.53      1.49         0      3.02       295       416     0.367     0.651     0.438     0.469      1.38      1.44         0
    43/249     4.03G      1.56      1.44         0         3       262       416     0.373     0.651     0.448     0.474      1.37      1.43         0
    44/249     4.03G      1.56      1.43         0      2.99       295       416     0.381      0.66     0.457     0.483      1.36      1.42         0
    45/249     4.03G      1.47      1.44         0      2.91       288       416     0.387     0.653     0.459     0.486      1.35      1.41         0
    46/249     4.03G      1.49      1.44         0      2.93       318       416     0.398     0.663     0.471     0.497      1.34       1.4         0
    47/249     4.03G      1.47      1.43         0       2.9       333       416     0.401     0.665     0.474       0.5      1.33       1.4         0
    48/249     4.03G      1.43       1.4         0      2.83       264       416     0.413     0.675     0.489     0.513      1.32      1.39         0
    49/249     4.03G      1.42      1.42         0      2.85       346       416     0.425     0.673     0.491     0.521      1.31      1.38         0
    50/249     4.03G      1.43      1.39         0      2.82       321       416     0.431     0.679     0.501     0.528       1.3      1.37         0
    51/249     4.03G      1.39      1.39         0      2.78       319       416     0.432     0.677     0.507     0.528      1.29      1.36         0
    52/249     4.03G      1.41      1.43         0      2.84       327       416     0.446     0.678     0.512     0.538      1.29      1.36         0
    53/249     4.03G      1.35      1.36         0      2.71       304       416     0.448     0.676     0.517     0.539      1.28      1.35         0
    54/249     4.03G      1.39      1.38         0      2.77       273       416     0.452     0.681     0.526     0.543      1.27      1.34         0
    55/249     4.03G      1.35      1.39         0      2.74       247       416     0.457     0.687     0.533     0.549      1.26      1.33         0
    56/249     4.03G      1.41      1.38         0      2.79       254       416     0.466     0.686     0.538     0.555      1.25      1.33         0
    57/249     4.03G      1.36      1.37         0      2.73       357       416     0.471     0.689     0.541     0.559      1.25      1.32         0
    58/249     4.03G      1.38      1.37         0      2.74       298       416      0.48      0.69     0.549     0.566      1.24      1.31         0
    59/249     4.03G      1.31      1.34         0      2.65       288       416     0.484     0.695     0.557     0.571      1.23      1.31         0
    60/249     4.03G      1.41      1.35         0      2.77       295       416     0.491     0.696      0.56     0.576      1.22       1.3         0
    61/249     4.03G      1.36      1.29         0      2.65       295       416     0.491     0.696     0.561     0.576      1.22       1.3         0
    62/249     4.03G      1.33      1.33         0      2.66       252       416     0.503     0.697     0.567     0.584      1.21      1.29         0
    63/249     4.03G      1.34      1.34         0      2.68       267       416     0.508     0.696      0.57     0.587      1.21      1.29         0
    64/249     4.03G      1.34      1.34         0      2.68       279       416     0.512     0.699     0.575     0.591       1.2      1.28         0
    65/249     4.03G      1.34      1.29         0      2.63       235       416     0.517     0.703     0.584     0.596      1.19      1.28         0
    66/249     4.03G      1.36      1.28         0      2.64       277       416     0.522     0.702     0.589     0.599      1.19      1.27         0
    67/249     4.03G       1.3      1.32         0      2.61       276       416     0.531     0.704     0.591     0.605      1.18      1.27         0
    68/249     4.03G      1.26      1.24         0       2.5       284       416      0.53     0.705     0.594     0.605      1.18      1.26         0
    69/249     4.03G      1.26      1.23         0      2.49       324       416     0.538     0.705     0.594      0.61      1.17      1.26         0
    70/249     4.03G      1.25      1.28         0      2.53       305       416     0.547     0.704     0.596     0.615      1.17      1.25         0
    71/249     4.03G      1.26      1.29         0      2.55       303       416     0.551     0.699     0.587     0.616      1.17      1.25         0
    72/249     4.03G      1.29      1.25         0      2.54       277       416     0.558     0.705     0.599     0.623      1.16      1.24         0
    73/249     4.03G      1.33      1.24         0      2.56       307       416     0.563     0.707     0.603     0.627      1.15      1.24         0
    74/249     4.03G      1.29      1.24         0      2.53       270       416     0.564     0.707     0.603     0.627      1.14      1.23         0
    75/249     4.03G      1.28      1.28         0      2.56       299       416     0.575     0.709     0.604     0.635      1.14      1.23         0
    76/249     4.03G      1.26      1.26         0      2.52       308       416     0.577     0.708     0.607     0.636      1.14      1.23         0
    77/249     4.03G      1.19      1.24         0      2.44       351       416     0.582     0.715     0.617     0.642      1.13      1.22         0
    78/249     4.03G      1.22      1.23         0      2.45       273       416     0.585     0.714     0.617     0.643      1.13      1.22         0
    79/249     4.03G      1.26      1.21         0      2.48       286       416     0.587     0.715     0.622     0.644      1.13      1.21         0
    80/249     4.03G      1.27      1.26         0      2.53       248       416     0.593     0.716     0.623     0.649      1.12      1.21         0
    81/249     4.03G      1.23      1.23         0      2.46       274       416     0.597     0.715     0.622     0.651      1.12      1.21         0
    82/249     4.03G      1.18      1.21         0      2.39       365       416     0.595     0.718     0.625      0.65      1.11       1.2         0
    83/249     4.03G      1.21      1.21         0      2.42       267       416     0.601     0.721     0.635     0.655      1.11       1.2         0
    84/249     4.03G      1.17      1.17         0      2.34       280       416     0.604     0.721     0.636     0.657      1.11       1.2         0
    85/249     4.03G       1.2       1.2         0       2.4       280       416     0.608     0.725     0.639     0.661       1.1      1.19         0
    86/249     4.03G      1.19       1.2         0      2.39       291       416     0.613     0.726     0.642     0.665       1.1      1.19         0
    87/249     4.03G       1.1      1.21         0      2.31       292       416     0.617     0.724     0.644     0.666      1.09      1.18         0
    88/249     4.03G      1.16       1.2         0      2.35       324       416      0.62     0.726     0.645     0.669      1.09      1.18         0
    89/249     4.03G      1.17      1.19         0      2.36       237       416     0.616     0.731     0.653     0.669      1.09      1.18         0
    90/249     4.03G      1.14      1.19         0      2.33       277       416     0.625     0.732     0.654     0.674      1.08      1.17         0
    91/249     4.03G      1.15      1.17         0      2.31       267       416     0.627     0.736     0.654     0.677      1.08      1.17         0
    92/249     4.03G      1.19      1.15         0      2.34       291       416     0.622     0.735     0.656     0.674      1.08      1.16         0
    93/249     4.03G      1.13      1.16         0      2.29       293       416     0.629     0.738     0.658     0.679      1.07      1.16         0
    94/249     4.03G      1.15      1.18         0      2.34       303       416     0.635     0.738     0.659     0.683      1.07      1.16         0
    95/249     4.03G      1.21       1.2         0       2.4       282       416     0.635     0.739     0.662     0.683      1.07      1.16         0
    96/249     4.03G      1.14      1.17         0      2.31       321       416     0.637      0.74     0.668     0.685      1.07      1.15         0
    97/249     4.03G      1.13      1.16         0      2.29       308       416     0.643     0.741     0.672     0.688      1.06      1.15         0
    98/249     4.03G       1.1      1.13         0      2.24       190       416     0.638     0.739     0.667     0.685      1.06      1.15         0
    99/249     4.03G      1.15      1.19         0      2.34       352       416     0.648     0.745     0.674     0.693      1.06      1.14         0
   100/249     4.03G      1.08      1.15         0      2.23       279       416     0.649     0.739     0.668     0.691      1.06      1.14         0
   101/249     4.03G      1.11      1.14         0      2.25       266       416      0.65     0.745     0.677     0.694      1.05      1.14         0
   102/249     4.03G      1.17      1.13         0       2.3       321       416      0.65     0.746     0.677     0.695      1.05      1.14         0
   103/249     4.03G       1.1      1.16         0      2.26       311       416     0.656     0.742     0.677     0.696      1.05      1.13         0
   104/249     4.03G      1.14      1.11         0      2.26       222       416     0.656     0.746      0.68     0.698      1.04      1.13         0
   105/249     4.03G      1.14      1.13         0      2.27       335       416     0.658     0.748     0.679       0.7      1.04      1.13         0
   106/249     4.03G      1.06      1.11         0      2.17       333       416     0.661     0.748     0.681     0.701      1.04      1.12         0
   107/249     4.03G      1.09      1.14         0      2.23       327       416     0.667     0.751     0.687     0.706      1.04      1.12         0
   108/249     4.03G      1.12      1.12         0      2.24       241       416     0.664     0.751      0.69     0.705      1.03      1.12         0
   109/249     4.03G      1.12       1.1         0      2.22       341       416     0.664     0.749     0.687     0.704      1.03      1.12         0
   110/249     4.03G      1.08       1.1         0      2.18       338       416     0.665     0.754     0.692     0.707      1.03      1.11         0
   111/249     4.03G      1.05      1.11         0      2.16       277       416      0.67     0.748     0.684     0.707      1.02      1.11         0
   112/249     4.03G      1.08      1.12         0       2.2       322       416     0.675     0.754     0.694     0.712      1.03      1.11         0
   113/249     4.03G      1.07      1.08         0      2.15       311       416     0.672     0.752     0.694      0.71      1.02      1.11         0
   114/249     4.03G       1.1      1.11         0      2.21       227       416     0.677     0.754     0.694     0.713      1.02       1.1         0
   115/249     4.03G      1.07       1.1         0      2.17       316       416     0.677      0.75     0.694     0.712      1.02       1.1         0
   116/249     4.03G      1.08      1.09         0      2.18       231       416     0.674     0.751     0.695      0.71      1.01      1.11         0
   117/249     4.03G      1.15      1.11         0      2.26       227       416     0.682     0.751     0.696     0.715      1.01       1.1         0
   118/249     4.03G      1.06      1.08         0      2.14       275       416     0.688     0.757     0.698     0.721      1.01       1.1         0
   119/249     4.03G      1.09      1.06         0      2.15       260       416     0.684     0.757     0.698     0.719      1.01      1.09         0
   120/249     4.03G      1.03      1.13         0      2.16       331       416     0.691     0.758     0.698     0.723      1.01       1.1         0
   121/249     4.03G      1.06      1.09         0      2.15       368       416     0.693     0.758       0.7     0.724         1      1.09         0
   122/249     4.03G      1.06      1.07         0      2.13       379       416     0.694     0.756       0.7     0.723         1      1.09         0
   123/249     4.03G      1.12      1.07         0      2.19       272       416     0.688     0.762     0.709     0.723     0.997      1.08         0
   124/249     4.03G         1      1.08         0      2.08       277       416     0.694     0.759     0.701     0.725         1      1.08         0
   125/249     4.03G      1.06       1.1         0      2.17       275       416     0.694     0.758     0.701     0.724     0.998      1.08         0
   126/249     4.03G      1.09      1.06         0      2.15       243       416     0.691     0.761      0.71     0.724      0.99      1.08         0
   127/249     4.03G      1.05      1.09         0      2.14       352       416     0.693     0.763     0.711     0.726     0.991      1.08         0
   128/249     4.03G      1.07      1.07         0      2.14       258       416     0.698     0.762     0.711     0.729     0.991      1.07         0
   129/249     4.03G      1.02      1.05         0      2.06       289       416     0.699     0.764     0.712      0.73     0.988      1.07         0
   130/249     4.03G      1.02      1.08         0       2.1       286       416     0.702     0.764     0.712     0.732     0.985      1.07         0
   131/249     4.03G      1.02      1.04         0      2.06       328       416     0.701     0.767     0.713     0.733     0.987      1.07         0
   132/249     4.03G      1.04      1.04         0      2.07       291       416     0.705     0.766     0.714     0.734     0.984      1.07         0
   133/249     4.03G      1.03      1.06         0      2.09       320       416     0.706     0.767     0.714     0.735     0.981      1.07         0
   134/249     4.03G      1.03      1.04         0      2.07       335       416     0.706     0.764     0.714     0.734     0.981      1.06         0
   135/249     4.03G      0.99      1.05         0      2.04       237       416     0.707     0.767     0.716     0.736     0.976      1.06         0
   136/249     4.03G      1.02      1.06         0      2.08       258       416     0.708     0.763     0.715     0.735     0.978      1.06         0
   137/249     4.03G      1.03      1.05         0      2.08       308       416     0.708     0.767     0.715     0.737     0.976      1.06         0
   138/249     4.03G     0.992      1.03         0      2.03       257       416     0.707      0.77      0.72     0.737     0.973      1.06         0
   139/249     4.03G      1.04      1.07         0      2.11       295       416     0.709     0.767     0.716     0.737     0.971      1.05         0
   140/249     4.03G      1.04      1.04         0      2.08       229       416     0.709     0.767     0.716     0.737     0.972      1.05         0
   141/249     4.03G      1.03      1.01         0      2.04       277       416     0.708     0.766     0.717     0.735     0.969      1.05         0
   142/249     4.03G     0.993      1.04         0      2.04       262       416     0.716     0.767     0.717     0.741      0.97      1.05         0
   143/249     4.03G      0.98      1.04         0      2.02       279       416     0.716     0.768     0.718     0.741     0.968      1.05         0
   144/249     4.03G     0.965      1.03         0         2       266       416     0.717     0.767     0.718     0.741     0.965      1.05         0
   145/249     4.03G     0.984      1.03         0      2.01       292       416     0.719      0.77     0.725     0.744     0.963      1.04         0
   146/249     4.03G      1.01      1.01         0      2.02       263       416     0.719     0.766     0.718     0.742     0.966      1.04         0
   147/249     4.03G      1.06      1.02         0      2.08       263       416      0.72     0.775     0.728     0.746     0.958      1.04         0
   148/249     4.03G     0.969      1.04         0      2.01       318       416     0.724     0.772     0.727     0.747     0.962      1.04         0
   149/249     4.03G      1.01      1.03         0      2.04       276       416     0.725     0.771     0.725     0.747      0.96      1.04         0
   150/249     4.03G     0.982     0.993         0      1.98       243       416     0.721     0.774     0.728     0.747     0.953      1.04         0
   151/249     4.03G     0.968     0.989         0      1.96       295       416     0.722     0.772     0.727     0.746     0.954      1.04         0
   152/249     4.03G      1.06     0.992         0      2.05       267       416      0.73     0.773     0.727     0.751     0.954      1.03         0
   153/249     4.03G     0.971      1.01         0      1.98       351       416     0.732     0.772     0.728     0.752     0.956      1.03         0
   154/249     4.03G     0.963      0.98         0      1.94       246       416     0.731     0.779     0.732     0.754     0.947      1.03         0
   155/249     4.03G      1.01      1.03         0      2.04       314       416     0.736     0.773     0.728     0.754      0.95      1.03         0
   156/249     4.03G     0.961      1.02         0      1.99       328       416     0.739     0.774     0.729     0.756      0.95      1.03         0
   157/249     4.03G     0.997      1.01         0      2.01       253       416     0.736     0.773     0.729     0.754     0.946      1.03         0
   158/249     4.03G     0.992     0.982         0      1.97       260       416     0.737     0.779     0.732     0.758     0.944      1.02         0
   159/249     4.03G     0.933         1         0      1.93       262       416     0.739     0.775     0.731     0.757     0.945      1.03         0
   160/249     4.03G     0.959     0.972         0      1.93       304       416      0.74     0.779     0.734     0.759     0.942      1.02         0
   161/249     4.03G     0.933     0.979         0      1.91       316       416     0.743     0.779     0.732      0.76     0.941      1.02         0
   162/249     4.03G     0.986     0.999         0      1.98       295       416      0.74     0.777     0.733     0.759     0.941      1.02         0
   163/249     4.03G     0.979      1.01         0      1.99       327       416     0.748     0.775     0.732     0.761     0.942      1.02         0
   164/249     4.03G     0.979     0.987         0      1.97       312       416     0.744     0.778     0.733     0.761     0.939      1.01         0
   165/249     4.03G      0.95     0.976         0      1.93       274       416      0.74     0.782     0.742     0.761     0.936      1.01         0
   166/249     4.03G      0.95     0.979         0      1.93       300       416     0.746     0.786     0.743     0.765     0.933      1.01         0
   167/249     4.03G      0.95     0.943         0      1.89       267       416     0.738     0.787     0.743     0.762      0.93      1.01         0
   168/249     4.03G     0.949     0.977         0      1.93       330       416     0.746     0.784     0.741     0.764     0.935      1.01         0
   169/249     4.03G     0.945     0.955         0       1.9       326       416     0.744     0.784     0.742     0.763     0.929      1.01         0
   170/249     4.03G     0.928     0.967         0      1.89       293       416     0.745     0.787     0.742     0.766     0.928      1.01         0
   171/249     4.03G     0.916     0.958         0      1.87       251       416     0.748     0.785     0.743     0.766     0.926         1         0
   172/249     4.03G      0.95         1         0      1.95       253       416     0.751     0.784     0.744     0.767      0.93         1         0
   173/249     4.03G     0.956     0.993         0      1.95       352       416     0.756     0.786     0.745      0.77     0.924         1         0
   174/249     4.03G     0.924      0.96         0      1.88       287       416     0.755     0.787     0.744     0.771     0.922     0.999         0
   175/249     4.03G     0.906     0.986         0      1.89       366       416     0.756     0.783     0.744     0.769     0.933     0.999         0
   176/249     4.03G     0.944     0.953         0       1.9       301       416     0.752     0.787     0.745     0.769     0.921     0.994         0
   177/249     4.03G     0.957     0.965         0      1.92       235       416     0.754     0.788     0.746     0.771     0.921     0.993         0
   178/249     4.03G     0.899     0.966         0      1.86       321       416     0.761     0.785     0.745     0.773     0.922     0.995         0
   179/249     4.03G     0.917     0.936         0      1.85       382       416      0.76     0.785     0.745     0.772     0.923     0.994         0
   180/249     4.03G     0.947     0.952         0       1.9       326       416     0.758      0.79     0.754     0.774      0.92      0.99         0
   181/249     4.03G     0.902     0.983         0      1.88       362       416     0.762      0.79     0.754     0.776     0.919     0.991         0
   182/249     4.03G     0.933     0.952         0      1.88       248       416     0.761     0.788     0.746     0.774     0.914     0.988         0
   183/249     4.03G     0.932     0.922         0      1.85       232       416     0.756     0.794     0.756     0.775     0.907     0.984         0
   184/249     4.03G     0.946     0.961         0      1.91       327       416     0.763     0.788     0.745     0.775     0.917     0.987         0
   185/249     4.03G     0.926     0.944         0      1.87       262       416     0.766     0.785     0.745     0.776     0.912     0.986         0
   186/249     4.03G     0.928     0.926         0      1.85       288       416     0.767      0.79     0.754     0.778     0.908     0.984         0
   187/249     4.03G      0.93     0.931         0      1.86       281       416     0.768      0.79      0.75     0.779      0.91     0.983         0
   188/249     4.03G     0.887      0.96         0      1.85       304       416     0.772     0.788     0.746      0.78     0.911     0.982         0
   189/249     4.03G     0.925     0.944         0      1.87       217       416     0.768     0.791     0.755     0.779     0.908     0.978         0
   190/249     4.03G     0.901     0.911         0      1.81       255       416     0.768     0.793     0.755      0.78     0.906     0.978         0
   191/249     4.03G     0.917     0.947         0      1.86       293       416     0.771     0.794     0.756     0.782     0.902     0.976         0
   192/249     4.03G     0.904     0.915         0      1.82       268       416     0.772     0.793     0.756     0.782     0.903     0.975         0
   193/249     4.03G     0.911     0.903         0      1.81       295       416     0.769     0.796     0.758     0.782     0.899     0.974         0
   194/249     4.03G      0.87     0.898         0      1.77       273       416     0.773      0.79     0.755     0.782     0.906     0.974         0
   195/249     4.03G     0.863     0.927         0      1.79       236       416     0.774     0.791     0.755     0.782     0.904     0.974         0
   196/249     4.03G     0.887     0.925         0      1.81       289       416     0.774     0.799     0.759     0.786     0.897     0.969         0
   197/249     4.03G     0.919     0.906         0      1.82       334       416     0.777     0.796     0.758     0.786     0.898      0.97         0
   198/249     4.03G     0.884     0.922         0      1.81       327       416     0.777     0.795     0.757     0.786       0.9     0.969         0
   199/249     4.03G     0.866     0.888         0      1.75       271       416     0.776     0.797     0.757     0.786     0.896     0.965         0
   200/249     4.03G      0.88     0.907         0      1.79       305       416      0.78     0.797     0.758     0.788     0.892     0.965         0
   201/249     4.03G     0.872     0.911         0      1.78       244       416     0.776     0.798     0.757     0.787     0.892     0.963         0
   202/249     4.03G     0.905      0.89         0      1.79       346       416     0.779     0.797     0.756     0.788     0.898     0.966         0
   203/249     4.03G     0.891      0.92         0      1.81       293       416     0.779     0.795     0.758     0.787     0.893     0.965         0
   204/249     4.03G     0.888     0.921         0      1.81       281       416     0.781     0.794     0.757     0.788     0.898     0.969         0
   205/249     4.03G     0.904     0.919         0      1.82       317       416     0.778     0.795     0.756     0.786     0.898     0.968         0
   206/249     4.03G     0.911     0.921         0      1.83       213       416     0.779     0.798     0.758     0.788     0.893     0.963         0
   207/249     4.03G     0.842     0.889         0      1.73       304       416     0.778     0.798     0.758     0.788     0.891     0.962         0
   208/249     4.03G     0.905     0.886         0      1.79       266       416     0.774     0.799     0.757     0.786     0.891     0.963         0
   209/249     4.03G     0.901     0.878         0      1.78       298       416     0.774       0.8     0.763     0.787     0.891     0.965         0
   210/249     4.03G     0.876     0.894         0      1.77       244       416     0.772       0.8     0.766     0.786     0.888     0.961         0
   211/249     4.03G     0.881     0.876         0      1.76       273       416     0.777     0.797     0.757     0.787     0.894     0.966         0
   212/249     4.03G     0.877      0.89         0      1.77       312       416     0.779     0.796     0.758     0.788     0.891     0.962         0
   213/249     4.03G     0.871     0.881         0      1.75       271       416     0.774     0.797     0.757     0.785     0.891     0.964         0
   214/249     4.03G     0.914     0.903         0      1.82       263       416     0.779     0.798     0.758     0.788     0.892     0.965         0
   215/249     4.03G     0.886     0.937         0      1.82       328       416     0.781     0.797     0.758     0.789     0.895     0.966         0
   216/249     4.03G     0.894     0.883         0      1.78       310       416     0.779     0.796     0.759     0.788     0.893     0.964         0
   217/249     4.03G     0.874     0.901         0      1.78       333       416     0.781     0.795     0.758     0.788     0.894     0.964         0
   218/249     4.03G     0.931     0.926         0      1.86       263       416     0.783     0.795     0.757     0.789     0.897     0.967         0
   219/249     4.03G     0.875     0.917         0      1.79       361       416     0.783     0.794     0.757     0.789     0.895     0.966         0
   220/249     4.03G     0.879     0.886         0      1.76       299       416     0.783     0.797     0.757      0.79     0.893     0.965         0
   221/249     4.03G     0.889     0.906         0       1.8       294       416     0.781     0.798     0.759      0.79     0.889     0.962         0
   222/249     4.03G     0.864     0.925         0      1.79       330       416     0.779     0.797     0.757     0.788     0.894     0.964         0
   223/249     4.03G     0.877     0.908         0      1.78       270       416     0.782     0.796     0.757     0.789     0.894     0.964         0
   224/249     4.03G     0.913     0.922         0      1.83       295       416     0.784     0.796     0.757      0.79     0.897     0.967         0
   225/249     4.03G     0.877     0.914         0      1.79       233       416     0.781       0.8     0.765      0.79     0.889     0.961         0
   226/249     4.03G     0.894     0.873         0      1.77       278       416     0.777     0.801     0.765     0.789     0.891     0.964         0
   227/249     4.03G     0.877     0.894         0      1.77       262       416      0.78     0.798     0.758     0.789     0.893     0.964         0
   228/249     4.03G      0.89     0.918         0      1.81       293       416     0.783     0.797     0.758      0.79     0.892     0.963         0
   229/249     4.03G     0.871     0.891         0      1.76       293       416     0.784     0.798     0.757     0.791     0.892     0.964         0
   230/249     4.03G     0.897     0.908         0       1.8       303       416      0.78     0.798     0.759     0.789     0.892     0.964         0
   231/249     4.03G     0.871     0.923         0      1.79       303       416     0.781     0.795     0.758     0.788     0.894     0.966         0
   232/249     4.03G     0.872     0.923         0      1.79       233       416     0.781     0.798     0.759      0.79     0.891     0.963         0
   233/249     4.03G     0.897     0.907         0       1.8       320       416     0.781     0.797     0.757     0.789     0.893     0.963         0
   234/249     4.03G     0.886     0.933         0      1.82       275       416     0.782     0.797     0.759     0.789     0.892     0.963         0
   235/249     4.03G     0.885     0.925         0      1.81       278       416     0.786     0.798     0.759     0.792     0.892     0.963         0
   236/249     4.03G     0.885     0.918         0       1.8       237       416     0.781     0.797     0.759     0.789     0.891     0.963         0
   237/249     4.03G     0.896     0.901         0       1.8       234       416     0.778     0.801     0.766      0.79     0.891     0.963         0
   238/249     4.03G     0.902     0.909         0      1.81       286       416     0.784     0.794     0.757     0.789     0.897     0.967         0
   239/249     4.03G     0.858     0.947         0       1.8       332       416     0.784     0.793     0.757     0.789     0.897     0.969         0
   240/249     4.03G     0.856     0.898         0      1.75       306       416     0.787     0.799     0.758     0.793     0.891     0.962         0
   241/249     4.03G     0.909     0.931         0      1.84       303       416     0.781     0.794     0.756     0.787     0.897     0.967         0
   242/249     4.03G     0.878     0.909         0      1.79       296       416     0.783     0.797     0.758      0.79     0.894     0.966         0
   243/249     4.03G     0.885     0.928         0      1.81       320       416     0.784     0.798     0.759     0.791     0.894     0.964         0
   244/249     4.03G      0.87     0.934         0       1.8       298       416     0.777     0.796     0.758     0.786     0.893     0.965         0
   245/249     4.03G     0.893      0.92         0      1.81       290       416     0.782     0.793     0.757     0.788     0.895     0.967         0
   246/249     4.03G     0.854     0.911         0      1.76       290       416      0.78     0.798     0.759     0.789     0.891     0.963         0
   247/249     4.03G     0.882     0.903         0      1.78       328       416     0.779     0.796     0.758     0.787     0.895     0.965         0
   248/249     4.03G       0.9     0.919         0      1.82       298       416     0.776     0.797     0.758     0.786      0.89     0.961         0
   249/249     4.03G     0.862     0.898         0      1.76       294       416      0.67     0.804     0.764     0.731     0.897     0.967         0
