     0/249     4.02G       2.3      3.41         0      5.71       270       416         0         0         0         0      1.89      3.21         0
     1/249     4.03G      2.26         3         0      5.26       326       416    0.0936     0.186    0.0256     0.125         2      2.49         0
     2/249     4.03G      2.12      2.43         0      4.55       259       416    0.0943     0.332     0.066     0.147       1.9      2.37         0
     3/249     4.03G      1.97      2.15         0      4.12       335       416     0.164     0.458      0.13     0.241      1.75      1.99         0
     4/249     4.03G      1.95      1.97         0      3.93       213       416     0.195     0.496     0.164      0.28      1.65      1.89         0
     5/249     4.03G      1.74      1.88         0      3.62       293       416     0.243     0.563     0.277      0.34      1.57      1.72         0
     6/249     4.03G      1.93      1.74         0      3.68       321       416     0.285     0.605     0.349     0.388      1.47      1.63         0
     7/249     4.03G      1.59      1.66         0      3.25       373       416     0.336     0.624     0.398     0.437       1.4      1.57         0
     8/249     4.03G      1.55      1.59         0      3.14       288       416     0.398     0.634     0.449     0.489      1.34      1.47         0
     9/249     4.03G      1.44      1.48         0      2.92       292       416     0.456     0.658     0.497     0.539      1.27       1.4         0
    10/249     4.03G      1.38      1.45         0      2.83       284       416     0.489     0.671     0.531     0.566      1.22      1.36         0
    11/249     4.03G      1.35      1.42         0      2.76       353       416     0.534     0.685     0.563       0.6      1.18      1.31         0
    12/249     4.03G      1.32      1.35         0      2.67       303       416     0.562     0.687     0.576     0.619      1.15      1.28         0
    13/249     4.03G      1.37      1.34         0      2.71       259       416      0.58     0.697     0.595     0.633      1.13      1.26         0
    14/249     4.03G      1.31      1.32         0      2.62       290       416     0.601     0.705     0.611     0.649      1.12      1.23         0
    15/249     4.03G      1.25      1.26         0       2.5       325       416     0.618     0.711     0.626     0.661       1.1      1.21         0
    16/249     4.03G      1.22       1.2         0      2.42       319       416     0.622     0.718     0.631     0.667      1.09      1.18         0
    17/249     4.03G      1.19      1.18         0      2.37       301       416     0.641      0.72     0.646     0.678      1.07      1.16         0
    18/249     4.03G      1.22      1.14         0      2.35       320       416     0.664     0.725     0.657     0.693      1.05      1.15         0
    19/249     4.03G      1.26      1.13         0      2.39       268       416     0.682     0.728     0.664     0.704      1.03      1.12         0
    20/249     4.03G      1.19       1.1         0      2.29       355       416     0.703      0.73     0.677     0.716      1.01      1.11         0
    21/249     4.03G      1.15      1.12         0      2.28       291       416     0.698     0.737     0.674     0.717         1      1.09         0
    22/249     4.03G      1.06      1.09         0      2.15       281       416     0.688     0.747     0.683     0.716         1      1.08         0
    23/249     4.03G      1.13      1.07         0       2.2       386       416     0.727     0.753     0.701      0.74     0.979      1.07         0
    24/249     4.03G       1.1      1.03         0      2.13       283       416      0.71     0.769     0.711     0.738     0.968      1.05         0
    25/249     4.03G      1.06      1.03         0      2.09       313       416     0.726     0.771     0.723     0.748     0.969      1.03         0
    26/249     4.03G      1.06      1.02         0      2.08       336       416     0.739     0.765     0.714     0.752     0.968      1.03         0
    27/249     4.03G      1.08     0.998         0      2.08       278       416     0.737     0.772     0.728     0.754     0.954      1.01         0
    28/249     4.03G      1.07     0.977         0      2.04       227       416     0.743     0.777     0.729      0.76     0.953     0.999         0
    29/249     4.03G      1.05     0.935         0      1.98       269       416     0.752     0.782     0.739     0.767     0.941     0.995         0
    30/249     4.03G      1.05     0.973         0      2.02       335       416     0.769     0.777     0.732     0.773     0.936     0.983         0
    31/249     4.03G      1.11     0.922         0      2.04       358       416     0.748     0.789     0.743     0.768     0.942     0.972         0
    32/249     4.03G     0.949     0.919         0      1.87       286       416     0.758      0.79      0.75     0.774     0.923     0.967         0
    33/249     4.03G     0.943      0.89         0      1.83       278       416     0.763     0.791     0.752     0.777      0.91     0.966         0
    34/249     4.03G     0.998     0.899         0       1.9       287       416     0.779     0.787     0.744     0.783     0.908     0.953         0
    35/249     4.03G     0.981     0.862         0      1.84       334       416     0.789     0.783     0.744     0.786     0.912     0.947         0
    36/249     4.03G     0.956      0.86         0      1.82       263       416     0.785     0.789     0.746     0.787     0.904     0.936         0
    37/249     4.03G     0.878     0.846         0      1.72       308       416     0.791     0.797     0.757     0.794     0.889     0.937         0
    38/249     4.03G     0.853     0.832         0      1.69       273       416     0.785     0.804     0.767     0.794     0.895     0.927         0
    39/249     4.03G     0.912     0.845         0      1.76       261       416     0.806     0.797     0.757     0.802     0.889     0.923         0
    40/249     4.03G     0.937     0.821         0      1.76       294       416     0.804     0.802     0.767     0.803     0.878     0.917         0
    41/249     4.03G      0.94     0.821         0      1.76       285       416     0.809     0.806     0.768     0.808     0.867     0.911         0
    42/249     4.03G     0.905     0.811         0      1.72       295       416     0.797     0.812     0.779     0.804     0.871     0.905         0
    43/249     4.03G     0.921     0.779         0       1.7       262       416     0.801     0.812     0.781     0.807     0.869     0.905         0
    44/249     4.03G     0.924     0.787         0      1.71       295       416     0.802     0.815      0.78     0.809     0.868     0.894         0
    45/249     4.03G     0.861     0.771         0      1.63       288       416     0.814      0.81     0.779     0.812     0.863     0.892         0
    46/249     4.03G     0.867      0.78         0      1.65       318       416     0.817     0.818     0.781     0.818     0.825     0.885         0
    47/249     4.03G     0.853     0.769         0      1.62       333       416     0.803     0.823     0.792     0.813     0.835     0.878         0
    48/249     4.03G     0.852     0.745         0       1.6       264       416     0.806     0.827     0.791     0.816     0.842     0.872         0
    49/249     4.03G     0.826      0.75         0      1.58       346       416     0.821     0.819     0.786      0.82     0.846     0.878         0
    50/249     4.03G     0.824      0.74         0      1.56       321       416     0.824     0.826     0.794     0.825     0.843     0.865         0
    51/249     4.03G      0.81     0.735         0      1.54       319       416     0.821     0.824     0.792     0.823     0.827     0.867         0
    52/249     4.03G     0.831     0.752         0      1.58       327       416     0.838     0.822     0.795      0.83     0.812     0.869         0
    53/249     4.03G     0.775     0.718         0      1.49       304       416     0.822     0.827     0.794     0.825     0.821     0.859         0
    54/249     4.03G     0.805     0.718         0      1.52       273       416     0.826     0.835     0.804      0.83     0.804     0.855         0
    55/249     4.03G     0.792     0.724         0      1.52       247       416     0.824     0.835     0.805      0.83     0.818     0.848         0
    56/249     4.03G     0.859     0.716         0      1.58       254       416      0.83     0.836     0.805     0.833     0.802     0.848         0
    57/249     4.03G     0.772     0.712         0      1.48       357       416     0.838     0.829     0.799     0.834     0.807     0.849         0
    58/249     4.03G     0.796     0.699         0       1.5       298       416     0.835     0.839     0.807     0.837     0.819      0.84         0
    59/249     4.03G      0.78     0.683         0      1.46       288       416     0.829     0.843     0.815     0.836     0.806     0.841         0
    60/249     4.03G     0.842     0.705         0      1.55       295       416     0.839     0.837     0.807     0.838     0.795     0.839         0
    61/249     4.03G     0.775     0.651         0      1.43       295       416     0.838     0.841     0.816      0.84      0.78     0.837         0
    62/249     4.03G     0.788     0.679         0      1.47       252       416     0.842     0.839      0.81      0.84     0.793     0.836         0
    63/249     4.03G     0.771     0.677         0      1.45       267       416     0.844     0.837     0.808      0.84     0.786     0.837         0
    64/249     4.03G     0.772      0.68         0      1.45       279       416     0.847      0.84     0.817     0.844     0.782     0.832         0
    65/249     4.03G     0.771     0.654         0      1.43       235       416      0.83     0.843     0.815     0.836     0.797     0.833         0
    66/249     4.03G     0.775     0.637         0      1.41       277       416     0.842     0.832     0.804     0.837     0.806     0.843         0
    67/249     4.03G      0.74     0.659         0       1.4       276       416     0.846     0.837     0.806     0.842     0.789     0.829         0
    68/249     4.03G     0.743     0.621         0      1.36       284       416     0.848     0.841     0.816     0.845     0.787      0.83         0
    69/249     4.03G     0.753     0.617         0      1.37       324       416     0.848     0.843     0.817     0.846     0.775     0.833         0
    70/249     4.03G     0.709     0.645         0      1.35       305       416     0.846     0.849     0.819     0.847     0.774     0.816         0
    71/249     4.03G     0.735     0.634         0      1.37       303       416     0.859     0.841     0.818      0.85     0.781     0.822         0
    72/249     4.03G     0.738     0.624         0      1.36       277       416     0.841     0.849     0.817     0.845     0.766      0.82         0
    73/249     4.03G     0.756     0.614         0      1.37       307       416     0.844     0.844     0.819     0.844      0.76     0.822         0
    74/249     4.03G     0.718     0.606         0      1.32       270       416     0.841     0.847      0.82     0.844     0.772     0.815         0
    75/249     4.03G     0.721     0.632         0      1.35       299       416     0.851     0.843     0.821     0.847      0.76     0.826         0
    76/249     4.03G     0.709     0.621         0      1.33       308       416     0.849     0.843     0.819     0.846     0.778     0.828         0
    77/249     4.03G      0.68     0.607         0      1.29       351       416     0.852     0.844     0.818     0.848     0.765     0.825         0
    78/249     4.03G      0.71     0.601         0      1.31       273       416     0.845     0.842     0.816     0.843     0.778     0.823         0
    79/249     4.03G     0.696     0.594         0      1.29       286       416      0.84      0.85     0.827     0.845     0.758     0.823         0
    80/249     4.03G     0.727     0.616         0      1.34       248       416     0.844     0.849     0.819     0.846     0.759     0.814         0
    81/249     4.03G     0.705     0.604         0      1.31       274       416     0.852     0.849      0.82      0.85     0.754      0.81         0
    82/249     4.03G     0.679     0.585         0      1.26       365       416     0.845     0.848     0.818     0.847     0.758     0.814         0
    83/249     4.03G     0.712     0.582         0      1.29       267       416     0.844      0.85     0.826     0.847     0.751     0.811         0
    84/249     4.03G     0.672     0.566         0      1.24       280       416     0.846     0.844     0.817     0.845     0.768     0.811         0
    85/249     4.03G     0.706     0.567         0      1.27       280       416     0.859     0.848     0.821     0.853     0.755     0.811         0
    86/249     4.03G     0.689     0.579         0      1.27       291       416     0.854      0.85     0.829     0.852      0.75     0.801         0
    87/249     4.03G     0.621     0.573         0      1.19       292       416     0.858     0.852     0.832     0.855     0.743     0.803         0
    88/249     4.03G     0.674     0.564         0      1.24       324       416     0.856     0.853     0.833     0.855     0.739     0.806         0
    89/249     4.03G       0.7     0.578         0      1.28       237       416     0.846     0.857     0.832     0.851     0.737       0.8         0
    90/249     4.03G     0.651     0.563         0      1.21       277       416     0.854     0.848     0.819     0.851     0.767     0.805         0
    91/249     4.03G      0.69     0.558         0      1.25       267       416     0.852      0.85     0.828     0.851     0.742     0.804         0
    92/249     4.03G     0.677      0.54         0      1.22       291       416     0.841     0.851     0.828     0.846     0.756     0.805         0
    93/249     4.03G     0.674     0.546         0      1.22       293       416     0.848     0.858     0.831     0.853     0.731     0.798         0
    94/249     4.03G     0.659     0.571         0      1.23       303       416     0.854     0.852     0.832     0.853     0.731     0.802         0
    95/249     4.03G     0.692     0.573         0      1.27       282       416     0.844     0.848      0.82     0.846     0.744     0.801         0
    96/249     4.03G     0.664     0.558         0      1.22       321       416      0.85     0.848     0.819     0.849     0.749     0.807         0
    97/249     4.03G     0.659     0.544         0       1.2       308       416     0.849      0.85     0.829     0.849     0.747     0.805         0
    98/249     4.03G     0.634     0.536         0      1.17       190       416     0.837      0.86      0.84     0.849     0.717     0.792         0
    99/249     4.03G     0.699     0.562         0      1.26       352       416     0.861     0.852     0.835     0.856     0.736     0.802         0
   100/249     4.03G     0.645     0.537         0      1.18       279       416     0.861     0.853     0.833     0.857     0.728     0.802         0
   101/249     4.03G     0.687     0.534         0      1.22       266       416     0.854     0.857     0.831     0.855     0.728     0.797         0
   102/249     4.03G     0.683     0.531         0      1.21       321       416      0.85     0.855     0.831     0.852     0.731     0.801         0
   103/249     4.03G     0.668     0.538         0      1.21       311       416     0.857     0.854     0.833     0.855     0.712     0.809         0
   104/249     4.03G     0.695      0.52         0      1.22       222       416     0.854      0.86     0.839     0.857     0.719     0.804         0
   105/249     4.03G     0.661     0.526         0      1.19       335       416     0.863     0.858     0.834     0.861      0.73     0.806         0
   106/249     4.03G     0.614      0.52         0      1.13       333       416     0.857     0.852     0.829     0.854     0.741     0.808         0
   107/249     4.03G     0.626     0.536         0      1.16       327       416     0.859     0.854      0.83     0.856      0.73     0.798         0
   108/249     4.03G     0.649     0.514         0      1.16       241       416     0.858     0.853     0.829     0.856     0.736     0.804         0
   109/249     4.03G     0.625     0.514         0      1.14       341       416     0.866     0.861     0.842     0.864     0.727     0.807         0
   110/249     4.03G      0.62     0.502         0      1.12       338       416     0.871      0.86     0.843     0.866     0.718     0.805         0
   111/249     4.03G      0.63     0.513         0      1.14       277       416     0.864     0.854      0.83     0.859     0.748     0.805         0
   112/249     4.03G     0.662      0.53         0      1.19       322       416     0.864     0.855     0.828      0.86     0.736     0.803         0
   113/249     4.03G     0.611     0.496         0      1.11       311       416     0.864     0.862     0.839     0.863     0.711     0.797         0
   114/249     4.03G     0.646     0.527         0      1.17       227       416     0.868     0.865     0.843     0.867     0.718     0.786         0
   115/249     4.03G     0.622     0.518         0      1.14       316       416      0.86     0.861     0.841     0.861      0.71     0.794         0
   116/249     4.03G     0.648     0.509         0      1.16       231       416     0.849     0.861     0.838     0.855     0.716     0.795         0
   117/249     4.03G     0.691     0.515         0      1.21       227       416     0.858     0.868     0.841     0.863     0.724     0.798         0
   118/249     4.03G     0.641     0.497         0      1.14       275       416     0.852     0.868     0.839      0.86     0.706     0.797         0
   119/249     4.03G     0.629     0.486         0      1.11       260       416     0.846     0.863     0.838     0.854     0.728     0.804         0
   120/249     4.03G     0.591     0.524         0      1.12       331       416     0.862     0.859     0.833     0.861     0.714     0.815         0
   121/249     4.03G     0.612     0.514         0      1.13       368       416     0.861     0.859     0.832      0.86     0.702     0.816         0
   122/249     4.03G     0.615     0.496         0      1.11       379       416     0.863     0.852      0.83     0.858     0.719     0.824         0
   123/249     4.03G     0.684     0.503         0      1.19       272       416     0.858     0.859      0.83     0.858     0.728     0.816         0
   124/249     4.03G     0.605     0.503         0      1.11       277       416     0.853     0.859      0.83     0.856     0.715     0.811         0
   125/249     4.03G      0.65     0.513         0      1.16       275       416     0.863     0.859     0.831     0.861     0.707     0.804         0
   126/249     4.03G     0.635     0.485         0      1.12       243       416     0.858      0.86     0.839     0.859      0.73     0.797         0
   127/249     4.03G     0.623     0.513         0      1.14       352       416     0.857     0.866     0.841     0.862      0.71     0.796         0
   128/249     4.03G     0.639     0.497         0      1.14       258       416     0.857     0.868     0.841     0.862       0.7     0.793         0
   129/249     4.03G     0.614     0.476         0      1.09       289       416     0.863     0.863     0.841     0.863     0.699     0.797         0
   130/249     4.03G     0.586     0.496         0      1.08       286       416     0.857     0.862     0.837      0.86     0.699     0.796         0
   131/249     4.03G     0.609     0.474         0      1.08       328       416     0.858     0.856     0.826     0.857     0.729      0.81         0
   132/249     4.03G     0.603     0.473         0      1.08       291       416     0.862     0.858      0.83      0.86     0.715     0.808         0
   133/249     4.03G      0.61     0.477         0      1.09       320       416     0.859     0.867     0.842     0.863     0.698     0.798         0
   134/249     4.03G     0.606     0.482         0      1.09       335       416     0.861     0.859     0.832      0.86     0.699     0.802         0
   135/249     4.03G     0.566     0.483         0      1.05       237       416     0.856     0.862     0.839     0.859     0.711     0.794         0
   136/249     4.03G     0.572     0.482         0      1.05       258       416     0.854      0.86     0.837     0.857     0.697     0.792         0
   137/249     4.03G     0.586     0.483         0      1.07       308       416     0.852      0.86     0.838     0.856      0.72       0.8         0
   138/249     4.03G     0.582     0.466         0      1.05       257       416     0.854     0.868     0.842     0.861     0.692     0.799         0
   139/249     4.03G     0.599     0.486         0      1.08       295       416     0.868     0.865     0.842     0.866     0.694     0.795         0
   140/249     4.03G     0.609     0.468         0      1.08       229       416     0.867     0.865     0.843     0.866     0.705     0.803         0
   141/249     4.03G     0.597     0.462         0      1.06       277       416     0.864     0.858     0.831     0.861     0.701     0.807         0
   142/249     4.03G      0.56     0.462         0      1.02       262       416     0.864     0.858      0.83     0.861     0.717     0.796         0
   143/249     4.03G     0.576     0.466         0      1.04       279       416      0.87     0.865     0.844     0.867     0.703     0.792         0
   144/249     4.03G     0.567     0.452         0      1.02       266       416      0.87     0.864     0.843     0.867     0.699     0.796         0
   145/249     4.03G     0.561     0.468         0      1.03       292       416     0.871     0.863     0.842     0.867     0.692     0.801         0
   146/249     4.03G      0.57      0.45         0      1.02       263       416     0.878     0.861     0.841      0.87     0.711     0.807         0
   147/249     4.03G     0.618      0.45         0      1.07       263       416     0.873     0.863     0.841     0.868     0.705     0.818         0
   148/249     4.03G     0.567     0.458         0      1.02       318       416     0.874     0.863     0.842     0.869     0.694      0.81         0
   149/249     4.03G     0.572     0.456         0      1.03       276       416     0.874     0.865     0.843     0.869     0.689     0.809         0
   150/249     4.03G     0.567     0.439         0      1.01       243       416     0.869     0.866     0.844     0.868     0.686     0.799         0
   151/249     4.03G     0.576     0.444         0      1.02       295       416     0.864     0.862     0.841     0.863       0.7     0.802         0
   152/249     4.03G     0.602     0.443         0      1.04       267       416     0.868     0.857     0.832     0.863     0.704     0.805         0
   153/249     4.03G     0.561     0.456         0      1.02       351       416     0.875     0.863     0.841     0.869     0.688     0.808         0
   154/249     4.03G     0.554     0.428         0     0.982       246       416      0.87     0.869     0.844     0.869     0.693     0.795         0
   155/249     4.03G     0.607     0.463         0      1.07       314       416     0.873     0.865     0.842     0.869     0.685     0.802         0
   156/249     4.03G     0.575     0.446         0      1.02       328       416     0.873     0.865     0.841     0.869     0.681     0.801         0
   157/249     4.03G     0.574     0.453         0      1.03       253       416     0.872     0.873     0.852     0.872     0.684     0.786         0
   158/249     4.03G     0.575     0.431         0      1.01       260       416     0.877     0.865     0.841     0.871     0.713     0.795         0
   159/249     4.03G     0.544     0.449         0     0.993       262       416     0.881     0.867     0.844     0.874     0.686     0.795         0
   160/249     4.03G     0.555     0.416         0     0.972       304       416     0.878     0.872     0.853     0.875     0.689     0.783         0
   161/249     4.03G     0.549      0.43         0      0.98       316       416     0.877     0.869     0.845     0.873     0.679     0.789         0
   162/249     4.03G     0.591     0.435         0      1.03       295       416     0.875     0.867     0.843     0.871     0.698     0.791         0
   163/249     4.03G     0.568     0.454         0      1.02       327       416     0.883     0.854     0.832     0.868     0.705     0.811         0
   164/249     4.03G     0.585     0.432         0      1.02       312       416     0.879     0.859     0.832     0.869     0.692     0.809         0
   165/249     4.03G      0.53     0.419         0     0.949       274       416     0.875     0.865     0.843      0.87      0.68     0.798         0
   166/249     4.03G     0.557     0.429         0     0.986       300       416     0.883     0.862     0.845     0.872     0.683     0.793         0
   167/249     4.03G     0.524     0.407         0     0.931       267       416     0.874     0.867     0.844      0.87     0.678     0.788         0
   168/249     4.03G     0.531     0.425         0     0.956       330       416     0.878     0.857     0.834     0.868     0.675     0.805         0
   169/249     4.03G     0.528     0.413         0     0.942       326       416     0.875     0.862     0.842     0.869     0.677     0.801         0
   170/249     4.03G     0.536     0.419         0     0.955       293       416     0.873     0.867     0.844      0.87     0.688     0.796         0
   171/249     4.03G     0.536     0.426         0     0.962       251       416     0.874     0.865     0.843     0.869      0.68     0.797         0
   172/249     4.03G     0.534     0.436         0      0.97       253       416     0.875     0.863     0.845     0.869     0.671     0.792         0
   173/249     4.03G     0.533     0.431         0     0.964       352       416     0.877     0.859     0.838     0.868     0.682     0.801         0
   174/249     4.03G     0.519     0.417         0     0.936       287       416     0.874      0.86     0.843     0.867     0.679       0.8         0
   175/249     4.03G     0.523     0.423         0     0.946       366       416     0.874     0.859     0.838     0.867     0.676     0.811         0
   176/249     4.03G     0.529     0.409         0     0.938       301       416     0.877     0.865     0.846     0.871     0.677     0.809         0
   177/249     4.03G     0.546     0.413         0     0.959       235       416     0.873     0.865     0.846     0.869     0.679     0.807         0
   178/249     4.03G     0.524     0.413         0     0.937       321       416     0.874      0.86     0.843     0.867     0.694     0.805         0
   179/249     4.03G     0.538     0.401         0     0.939       382       416     0.874     0.857     0.833     0.865     0.682     0.809         0
   180/249     4.03G     0.526     0.408         0     0.934       326       416     0.872     0.856     0.832     0.864     0.702     0.803         0
   181/249     4.03G     0.546     0.422         0     0.969       362       416     0.878     0.866     0.846     0.872     0.681     0.804         0
   182/249     4.03G     0.532     0.409         0     0.941       248       416     0.875     0.867     0.845     0.871     0.674     0.802         0
   183/249     4.03G     0.536     0.392         0     0.928       232       416     0.871     0.865     0.843     0.868     0.676     0.803         0
   184/249     4.03G     0.551     0.424         0     0.975       327       416     0.881     0.859     0.838      0.87      0.69     0.812         0
   185/249     4.03G     0.515     0.404         0     0.919       262       416      0.88     0.864     0.845     0.872     0.676     0.805         0
   186/249     4.03G     0.519     0.397         0     0.916       288       416     0.878     0.864     0.844     0.871     0.675       0.8         0
   187/249     4.03G     0.528     0.393         0     0.921       281       416      0.88     0.864     0.845     0.872     0.674     0.802         0
   188/249     4.03G     0.521      0.41         0     0.931       304       416     0.876     0.869     0.849     0.873     0.678     0.798         0
   189/249     4.03G      0.54     0.405         0     0.945       217       416     0.878     0.865     0.843     0.871     0.676       0.8         0
   190/249     4.03G     0.535     0.389         0     0.925       255       416     0.875     0.863     0.842     0.869     0.692     0.796         0
   191/249     4.03G     0.529       0.4         0     0.928       293       416     0.876     0.869     0.846     0.872     0.672      0.79         0
   192/249     4.03G     0.513     0.385         0     0.898       268       416     0.877     0.866     0.846     0.872     0.678     0.794         0
   193/249     4.03G     0.524     0.385         0     0.909       295       416     0.875     0.865     0.846      0.87     0.671     0.797         0
   194/249     4.03G     0.493     0.376         0     0.869       273       416     0.876      0.86     0.841     0.868     0.687     0.806         0
   195/249     4.03G     0.492     0.392         0     0.884       236       416     0.882      0.86     0.842     0.871      0.68     0.801         0
   196/249     4.03G     0.514      0.39         0     0.904       289       416     0.877     0.861     0.844     0.869     0.689     0.799         0
   197/249     4.03G      0.54     0.382         0     0.922       334       416     0.882     0.863     0.845     0.872      0.67     0.801         0
   198/249     4.03G     0.501     0.391         0     0.892       327       416     0.884     0.864     0.845     0.874     0.671     0.796         0
   199/249     4.03G     0.499     0.371         0      0.87       271       416     0.886     0.861     0.845     0.873     0.678     0.797         0
   200/249     4.03G     0.496     0.377         0     0.874       305       416     0.885     0.866     0.846     0.876     0.677     0.799         0
   201/249     4.03G     0.484     0.377         0     0.861       244       416     0.883     0.868     0.847     0.876     0.663     0.796         0
   202/249     4.03G     0.506     0.373         0     0.878       346       416     0.888     0.867     0.847     0.877     0.665     0.802         0
   203/249     4.03G     0.494      0.39         0     0.884       293       416      0.89     0.865     0.847     0.877     0.663       0.8         0
   204/249     4.03G     0.487     0.391         0     0.878       281       416      0.89     0.861     0.847     0.875     0.665     0.806         0
   205/249     4.03G     0.488      0.39         0     0.878       317       416     0.888     0.866     0.847     0.877     0.664     0.801         0
   206/249     4.03G     0.494     0.386         0     0.879       213       416     0.887     0.867     0.847     0.877     0.661     0.799         0
   207/249     4.03G     0.464      0.37         0     0.835       304       416     0.887     0.867     0.846     0.877      0.66     0.798         0
   208/249     4.03G     0.491     0.368         0      0.86       266       416     0.883     0.869     0.846     0.876     0.661       0.8         0
   209/249     4.03G     0.496     0.359         0     0.855       298       416     0.883     0.868     0.846     0.875     0.661     0.804         0
   210/249     4.03G     0.492     0.376         0     0.869       244       416     0.883      0.87     0.855     0.877      0.66     0.798         0
   211/249     4.03G     0.468     0.354         0     0.822       273       416     0.886     0.869     0.849     0.877     0.662     0.804         0
   212/249     4.03G     0.481      0.36         0     0.841       312       416     0.886     0.866     0.846     0.876     0.661     0.804         0
   213/249     4.03G     0.474     0.366         0      0.84       271       416     0.891     0.866     0.847     0.878     0.663      0.81         0
   214/249     4.03G     0.501     0.371         0     0.872       263       416     0.887     0.864     0.847     0.875     0.661     0.807         0
   215/249     4.03G      0.49     0.385         0     0.875       328       416     0.894     0.863     0.847     0.878     0.663     0.814         0
   216/249     4.03G     0.483     0.366         0     0.849       310       416     0.889     0.866     0.847     0.877     0.662     0.806         0
   217/249     4.03G     0.474      0.37         0     0.844       333       416     0.885     0.866     0.847     0.875     0.662     0.803         0
   218/249     4.03G     0.504     0.388         0     0.892       263       416     0.887     0.864     0.847     0.875     0.664     0.811         0
   219/249     4.03G     0.479     0.383         0     0.862       361       416      0.89     0.865     0.847     0.877     0.664     0.814         0
   220/249     4.03G     0.474     0.357         0     0.831       299       416     0.885     0.865     0.846     0.875     0.663     0.816         0
   221/249     4.03G     0.477     0.372         0     0.848       294       416     0.883     0.868     0.847     0.875      0.66     0.809         0
   222/249     4.03G      0.47     0.375         0     0.846       330       416     0.885     0.867     0.847     0.876     0.663     0.814         0
   223/249     4.03G     0.484     0.373         0     0.857       270       416     0.883     0.862     0.846     0.873     0.663     0.816         0
   224/249     4.03G     0.491     0.387         0     0.878       295       416     0.887     0.861     0.846     0.874     0.664     0.821         0
   225/249     4.03G     0.473     0.371         0     0.845       233       416     0.882     0.865     0.846     0.873     0.661     0.815         0
   226/249     4.03G     0.478     0.351         0     0.829       278       416     0.883     0.866     0.846     0.875     0.661     0.822         0
   227/249     4.03G     0.479      0.37         0      0.85       262       416     0.885     0.866     0.846     0.875     0.662     0.817         0
   228/249     4.03G     0.483     0.379         0     0.862       293       416     0.886     0.866     0.847     0.875     0.661     0.816         0
   229/249     4.03G      0.47     0.363         0     0.832       293       416     0.885     0.865     0.847     0.875     0.662     0.821         0
   230/249     4.03G     0.485     0.371         0     0.856       303       416     0.888     0.866     0.847     0.876     0.662     0.816         0
   231/249     4.03G     0.474     0.376         0      0.85       303       416     0.887     0.865     0.847     0.876     0.663     0.819         0
   232/249     4.03G     0.473     0.381         0     0.854       233       416     0.885     0.864     0.847     0.874     0.661     0.815         0
   233/249     4.03G     0.484     0.367         0     0.851       320       416     0.886     0.863     0.847     0.874     0.662     0.816         0
   234/249     4.03G     0.475     0.376         0     0.851       275       416     0.885     0.863     0.846     0.874     0.661     0.813         0
   235/249     4.03G     0.481      0.38         0     0.861       278       416     0.886     0.863     0.847     0.875     0.662     0.816         0
   236/249     4.03G      0.48     0.373         0     0.853       237       416     0.885     0.864     0.847     0.874      0.66     0.811         0
   237/249     4.03G     0.485     0.371         0     0.855       234       416     0.884     0.865     0.846     0.874     0.661     0.819         0
   238/249     4.03G     0.493     0.375         0     0.867       286       416     0.888     0.861     0.847     0.874     0.664     0.823         0
   239/249     4.03G     0.469     0.389         0     0.858       332       416     0.889      0.86     0.846     0.875     0.664     0.821         0
   240/249     4.03G     0.463     0.365         0     0.827       306       416     0.884     0.864     0.846     0.874     0.661     0.814         0
   241/249     4.03G     0.481      0.38         0     0.861       303       416     0.891     0.862     0.847     0.876     0.664     0.823         0
   242/249     4.03G     0.473     0.367         0      0.84       296       416     0.889     0.862     0.847     0.875     0.663     0.818         0
   243/249     4.03G     0.489     0.374         0     0.863       320       416     0.887     0.862     0.847     0.874     0.662     0.815         0
   244/249     4.03G     0.466     0.377         0     0.843       298       416     0.889     0.863     0.847     0.876     0.663     0.819         0
   245/249     4.03G     0.477     0.373         0      0.85       290       416     0.886     0.863     0.846     0.874     0.664     0.822         0
   246/249     4.03G     0.458     0.368         0     0.827       290       416     0.887     0.863     0.847     0.875     0.663     0.817         0
   247/249     4.03G     0.476     0.365         0     0.841       328       416     0.887     0.862     0.846     0.875     0.663     0.819         0
   248/249     4.03G     0.498     0.386         0     0.884       298       416     0.883     0.864     0.846     0.874     0.661     0.817         0
   249/249     4.03G     0.462     0.367         0     0.829       294       416     0.739     0.879     0.856     0.803     0.662     0.818         0
