       0/9     4.02G      2.08      1.12         0       3.2        22       416     0.512     0.577      0.44     0.543       1.4      0.74         0
       1/9     4.03G      1.54     0.851         0      2.39        28       416     0.592     0.699      0.55     0.641      1.24      0.62         0
       2/9     4.03G      1.39     0.753         0      2.15        13       416      0.58     0.746     0.584     0.653      1.18     0.569         0
       3/9     4.03G      1.32     0.715         0      2.03        17       416     0.611      0.77     0.622     0.681      1.11     0.532         0
       4/9     4.03G      1.26     0.684         0      1.94        27       416     0.645     0.784     0.661     0.708      1.06     0.513         0
       5/9     4.03G      1.21     0.646         0      1.85        18       416     0.609     0.823     0.685       0.7      1.02     0.492         0
       6/9     4.03G      1.17     0.636         0      1.81        17       416     0.583      0.82     0.689     0.682      1.01     0.486         0
       7/9     4.03G      1.15     0.609         0      1.76        21       416     0.631     0.813     0.693      0.71     0.985     0.471         0
       8/9     4.03G      1.12     0.607         0      1.73        22       416     0.641     0.818       0.7     0.719     0.962     0.456         0
       9/9     4.03G      1.05      0.58         0      1.63        16       416    0.0886     0.927     0.756     0.162      0.93     0.446         0
