     0/249     3.21G      3.13      3.12         0      6.25       125       512         0         0         0         0      2.06      3.15         0
     1/249     3.21G      2.86      2.78         0      5.64       146       512    0.0991     0.198    0.0289     0.132      1.98      2.55         0
     2/249     3.21G      2.68      2.25         0      4.93       145       512    0.0884     0.305    0.0603     0.137      1.88      2.56         0
     3/249     3.22G      2.26      2.43         0      4.69       139       320     0.128     0.315    0.0483     0.182      1.76      2.18         0
     4/249     3.22G      1.79      2.68         0      4.47       115       320     0.102      0.33    0.0373     0.156      1.83      2.04         0
     5/249     3.22G      1.96      2.16         0      4.12       174       448     0.214      0.52     0.207     0.304      1.61      1.88         0
     6/249     3.22G      1.96      1.78         0      3.74       134       448     0.264     0.598     0.352     0.366      1.48      1.74         0
     7/249     4.45G      2.08      1.81         0      3.89       142       576     0.258     0.505     0.243     0.342      1.53      1.72         0
     8/249     4.45G      1.94      1.68         0      3.62       129       544     0.338     0.495     0.306     0.401       1.4      1.72         0
     9/249     4.45G      1.79      1.56         0      3.35       143       544     0.377     0.493     0.333     0.427      1.35      1.67         0
    10/249     4.45G      1.71      1.45         0      3.17       197       512     0.425     0.541     0.387     0.476       1.3      1.62         0
    11/249     4.45G      1.69      1.45         0      3.14       129       512     0.476     0.554     0.405     0.512      1.29      1.54         0
    12/249     4.45G      1.48      1.44         0      2.91       170       448     0.534     0.607     0.476     0.568      1.18      1.44         0
    13/249     4.45G      1.38       1.4         0      2.78       113       448     0.568     0.616     0.498     0.591      1.15      1.39         0
    14/249     4.45G      1.54      1.36         0       2.9       158       544     0.566     0.619     0.501     0.591      1.17      1.36         0
    15/249     4.45G      1.47      1.25         0      2.72       172       544      0.55     0.611     0.496     0.579      1.16      1.36         0
    16/249     4.45G      1.42      1.23         0      2.65       120       480     0.563     0.632     0.524     0.595      1.11      1.35         0
    17/249     5.21G      1.36       1.2         0      2.56       171       608     0.506     0.562     0.417     0.533      1.27      1.32         0
    18/249     5.21G      1.42      1.18         0      2.61       181       608      0.58     0.619     0.511     0.599      1.11      1.34         0
    19/249     5.21G      1.32      1.29         0       2.6       152       416     0.589     0.608     0.498     0.598       1.1      1.46         0
    20/249     5.21G      1.13      1.36         0       2.5       154       416     0.665     0.661     0.598     0.663      1.04      1.21         0
    21/249     5.21G      1.36      1.23         0      2.59       145       576     0.675     0.682     0.625     0.679      1.05      1.18         0
    22/249     5.21G      1.31      1.13         0      2.44       215       576     0.663     0.649      0.58     0.656      1.11      1.21         0
    23/249     5.21G      1.15      1.39         0      2.54       116       384     0.671     0.666     0.594     0.669      1.04      1.26         0
    24/249     5.21G      1.06      1.26         0      2.32       138       448     0.678     0.723     0.667     0.699     0.998      1.14         0
    25/249     5.21G      1.26      1.08         0      2.34       121       448     0.678     0.747     0.691     0.711      0.98      1.11         0
    26/249     5.21G      1.12      1.08         0       2.2       124       384     0.684     0.751     0.694     0.716     0.959      1.08         0
    27/249     5.21G     0.985      1.18         0      2.17       139       384     0.709      0.76     0.711     0.734     0.942      1.06         0
    28/249     5.21G      1.01      1.21         0      2.21       190       352     0.719     0.769     0.713     0.743     0.941      1.05         0
    29/249     5.21G         1       1.2         0       2.2       179       352     0.702     0.782     0.731      0.74     0.985      1.04         0
    30/249     5.21G      1.45      1.54         0      2.98       169       608     0.584     0.758     0.655      0.66      1.13       1.1         0
    31/249     5.21G      1.37      1.33         0       2.7       193       608     0.627     0.722     0.652     0.671      1.05      1.12         0
    32/249     5.21G      1.15      1.09         0      2.24       155       448     0.713     0.683     0.623     0.698     0.962      1.19         0
    33/249     5.21G      1.12      1.07         0      2.18       144       576     0.695     0.652     0.584     0.673      1.12      1.14         0
    34/249     5.21G      1.25     0.989         0      2.24        98       576     0.722     0.692     0.646     0.707     0.982      1.15         0
    35/249     5.21G      1.23     0.966         0       2.2       119       608     0.736     0.685     0.636      0.71      1.01      1.16         0
    36/249     5.21G      1.22      0.92         0      2.14       122       608     0.765     0.694     0.653     0.728     0.966      1.16         0
    37/249     5.21G      1.08      1.22         0       2.3       116       384     0.722     0.699     0.642     0.711     0.951      1.24         0
    38/249     5.21G     0.938       1.2         0      2.14       113       384     0.798     0.754     0.721     0.775     0.882      1.05         0
    39/249     5.21G      1.15      1.02         0      2.17       121       448     0.797     0.783     0.751      0.79     0.881     0.994         0
    40/249     5.21G      1.03     0.983         0      2.02       165       352     0.776     0.792     0.752     0.784      0.91     0.976         0
    41/249     5.21G     0.948      1.14         0      2.09       174       352      0.76     0.806     0.762     0.782     0.865     0.975         0
    42/249     5.21G     0.913       1.1         0      2.02       134       352     0.748     0.818      0.77     0.781     0.868      0.97         0
    43/249     5.21G     0.885      1.03         0      1.91       140       352     0.729     0.831     0.788     0.777     0.873     0.956         0
    44/249     5.21G      1.26      1.07         0      2.33       113       480     0.696     0.836     0.785      0.76     0.865      0.98         0
    45/249     5.21G      1.21      0.98         0      2.19       158       480      0.73     0.819     0.773     0.772      0.86     0.963         0
    46/249     5.21G      1.21      1.01         0      2.23       155       544     0.767     0.768     0.725     0.767     0.892      1.02         0
    47/249     5.21G      1.13     0.976         0      2.11       127       544     0.797     0.728      0.69     0.761     0.887      1.07         0
    48/249     5.21G      1.11     0.979         0      2.09       142       576     0.808     0.695     0.661     0.747     0.933      1.11         0
    49/249     5.21G      1.12      1.09         0      2.21        95       352     0.827     0.692     0.662     0.753     0.918      1.17         0
    50/249     5.21G     0.947      1.39         0      2.33       136       352      0.87     0.732     0.712     0.795     0.857      1.05         0
    51/249     5.21G      1.03      1.12         0      2.15       138       480     0.827     0.798     0.766     0.812     0.936         1         0
    52/249     5.21G      1.05     0.946         0      1.99       128       480     0.773     0.829      0.79       0.8     0.861         1         0
    53/249     5.21G      1.07     0.896         0      1.96       116       512      0.71     0.829     0.784     0.765     0.887     0.986         0
    54/249     5.21G      1.02     0.862         0      1.88       159       512     0.705     0.822     0.782     0.759     0.844     0.964         0
    55/249     5.21G     0.997      0.85         0      1.85       124       480     0.748     0.813      0.78     0.779     0.819      0.97         0
    56/249     5.21G     0.989     0.833         0      1.82       168       608     0.806      0.81     0.782     0.808     0.816     0.934         0
    57/249     5.21G      1.07     0.819         0      1.89       131       608     0.822     0.772     0.746     0.796     0.871     0.963         0
    58/249     5.21G         1     0.854         0      1.85       162       416     0.852     0.751     0.725     0.799     0.881      1.04         0
    59/249     5.21G     0.813     0.968         0      1.78       164       416     0.866     0.757     0.731     0.808     0.812     0.993         0
    60/249     5.21G      1.01     0.844         0      1.85       169       576     0.833     0.802     0.775     0.817     0.872     0.921         0
    61/249     5.21G         1      0.74         0      1.74       118       576     0.818      0.81     0.782     0.814     0.871     0.954         0
    62/249     5.21G     0.978     0.752         0      1.73       150       544     0.806     0.806     0.771     0.806     0.863     0.925         0
    63/249     5.21G      0.94     0.726         0      1.67       132       544     0.811     0.808     0.774      0.81     0.811     0.939         0
    64/249     5.21G     0.941     0.717         0      1.66       155       544     0.828     0.792     0.766      0.81     0.813     0.951         0
    65/249     5.21G     0.964     0.679         0      1.64       128       576     0.845     0.787     0.759     0.815     0.823     0.925         0
    66/249     5.21G     0.954     0.663         0      1.62       153       576     0.845     0.777     0.746     0.809     0.876     0.928         0
    67/249     5.21G     0.947     0.712         0      1.66       167       448     0.872     0.776     0.748     0.821     0.797     0.946         0
    68/249     5.21G     0.811     0.752         0      1.56       165       448     0.873      0.79     0.767     0.829     0.781     0.899         0
    69/249     5.21G     0.904      1.07         0      1.98       125       320     0.862     0.793     0.767     0.826     0.868     0.888         0
    70/249     5.21G     0.868      1.17         0      2.04       158       320     0.841     0.834     0.808     0.838     0.811     0.887         0
    71/249     5.21G      1.27      1.09         0      2.36       139       576     0.663     0.863     0.792      0.75     0.919      1.06         0
    72/249     5.21G      1.02     0.931         0      1.95       170       320     0.736     0.788      0.74     0.761     0.947     0.967         0
    73/249     5.21G     0.939      1.15         0      2.09       128       320     0.783     0.808     0.764     0.795     0.865     0.971         0
    74/249     5.21G     0.843      1.06         0       1.9       161       352     0.802     0.839     0.805      0.82     0.789     0.962         0
    75/249     5.21G     0.785     0.954         0      1.74       148       352     0.815     0.848      0.82     0.831     0.776     0.898         0
    76/249     5.21G     0.975     0.888         0      1.86       203       512     0.771     0.863     0.836     0.814     0.792      0.91         0
    77/249     5.21G     0.964     0.771         0      1.74       140       512     0.782     0.855     0.825     0.817     0.807     0.899         0
    78/249     5.21G     0.883     0.948         0      1.83       184       320      0.82     0.841     0.813     0.831     0.801     0.888         0
    79/249     5.21G     0.808      0.99         0       1.8       171       320     0.816      0.85     0.822     0.833     0.796     0.923         0
    80/249     5.21G      1.18     0.904         0      2.09       112       608     0.791     0.843     0.812     0.816     0.846     0.853         0
    81/249     5.21G         1     0.794         0       1.8       154       544     0.826     0.839     0.814     0.833     0.814     0.886         0
    82/249     5.21G     0.915     0.714         0      1.63       127       544     0.837     0.821     0.801     0.829     0.802     0.868         0
    83/249     5.21G     0.879     0.705         0      1.58       156       480     0.862     0.813     0.795     0.837      0.77     0.888         0
    84/249     5.21G     0.843       0.7         0      1.54       154       480     0.869     0.818     0.795     0.843     0.771     0.865         0
    85/249     5.21G     0.749     0.741         0      1.49       171       416     0.866     0.824     0.803     0.845     0.752     0.833         0
    86/249     5.21G     0.711     0.724         0      1.43       133       416     0.847      0.85      0.83     0.849     0.744     0.811         0
    87/249     5.21G     0.855     0.688         0      1.54       153       480     0.827     0.856      0.83     0.841     0.756      0.81         0
    88/249     5.21G     0.807     0.664         0      1.47       130       352     0.841     0.844     0.818     0.843     0.782     0.813         0
    89/249     5.21G     0.765     0.858         0      1.62       148       352     0.846     0.852     0.825     0.849     0.754     0.819         0
    90/249     5.21G     0.729     0.804         0      1.53       129       416     0.806     0.871     0.838     0.837     0.745     0.802         0
    91/249     5.21G     0.702     0.714         0      1.42       147       416     0.809     0.874     0.843      0.84     0.727     0.789         0
    92/249     5.21G     0.948     0.716         0      1.66       145       608     0.787     0.833     0.801     0.809     0.859     0.862         0
    93/249     5.21G     0.957     0.685         0      1.64       131       608     0.819     0.803     0.778     0.811     0.823     0.919         0
    94/249     5.21G     0.803     0.734         0      1.54       112       416     0.861      0.81     0.784     0.835     0.754     0.904         0
    95/249     5.21G     0.709     0.757         0      1.47       111       416     0.867     0.831     0.811     0.849     0.734     0.849         0
    96/249     5.21G     0.688     0.712         0       1.4       167       416     0.858     0.856     0.832     0.857      0.73     0.806         0
    97/249     5.21G     0.672     0.706         0      1.38       185       384     0.835     0.865     0.838      0.85     0.736     0.789         0
    98/249     5.21G     0.675      0.73         0      1.41       136       384     0.823     0.869     0.835     0.845     0.717     0.784         0
    99/249     5.21G     0.868     0.737         0      1.61       127       576      0.78     0.859     0.819     0.818     0.876     0.802         0
   100/249     5.21G     0.927     0.653         0      1.58       163       576     0.813     0.839     0.807     0.826       0.8     0.833         0
   101/249     5.21G     0.869     0.609         0      1.48       142       544      0.85     0.826       0.8     0.838     0.766     0.865         0
   102/249     5.21G     0.849     0.599         0      1.45       185       544     0.878     0.813     0.793     0.844     0.764     0.867         0
   103/249     5.21G     0.771      0.85         0      1.62       167       352      0.89     0.828     0.805     0.858      0.75     0.841         0
   104/249     5.21G     0.715     0.789         0       1.5       184       352     0.865     0.859     0.833     0.862     0.741      0.82         0
   105/249     5.21G     0.706     0.767         0      1.47       167       352     0.815     0.882     0.852     0.847     0.723     0.789         0
   106/249     5.21G     0.807      0.72         0      1.53       166       480     0.736     0.889      0.84     0.805     0.823      0.81         0
   107/249     5.21G     0.873     0.649         0      1.52       144       480     0.758     0.876     0.839     0.813     0.722     0.808         0
   108/249     5.21G     0.857     0.647         0       1.5       142       576     0.828     0.837     0.808     0.833     0.772     0.859         0
   109/249     5.21G     0.856      0.59         0      1.45       123       576     0.864     0.802     0.782     0.832      0.78      0.91         0
   110/249     5.21G     0.829      0.59         0      1.42       140       544      0.89     0.782     0.764     0.833     0.793     0.923         0
   111/249     5.21G     0.811     0.581         0      1.39       127       544     0.901      0.79     0.775     0.842     0.761     0.916         0
   112/249     5.21G     0.752     0.926         0      1.68       147       352     0.898     0.826     0.808     0.861     0.725     0.835         0
   113/249     5.21G     0.739     0.742         0      1.48       133       448     0.838     0.876     0.847     0.856      0.76     0.816         0
   114/249     5.21G     0.766      0.68         0      1.45       114       448     0.801     0.892     0.859     0.844      0.72      0.82         0
   115/249     5.21G     0.837     0.681         0      1.52       108       576     0.729      0.87      0.84     0.793     0.806     0.842         0
   116/249     5.21G     0.871     0.619         0      1.49       162       576      0.78      0.84      0.81     0.809     0.792     0.862         0
   117/249     5.21G     0.798     0.649         0      1.45       140       448     0.844     0.834     0.807     0.839     0.742     0.869         0
   118/249     5.21G     0.714     0.635         0      1.35       166       448     0.879     0.827     0.803     0.852     0.723     0.836         0
   119/249     5.21G     0.706     0.758         0      1.46       112       352     0.884      0.84     0.826     0.861     0.726     0.808         0
   120/249     5.21G     0.745     0.786         0      1.53       173       576     0.859     0.869     0.844     0.864     0.748     0.806         0
   121/249     5.21G     0.962     0.674         0      1.64       138       576      0.82     0.874     0.843     0.846     0.764     0.831         0
   122/249     5.21G     0.823     0.612         0      1.44       166       480     0.798      0.87     0.837     0.832     0.724     0.838         0
   123/249     5.21G     0.765     0.599         0      1.36       127       480     0.841     0.849      0.82     0.845     0.723     0.855         0
   124/249     5.21G       0.8     0.593         0      1.39       147       576     0.866     0.837     0.812     0.852     0.752     0.832         0
   125/249     5.21G     0.775     0.573         0      1.35       155       576     0.871     0.817     0.794     0.843      0.79     0.838         0
   126/249     5.21G     0.695     0.602         0       1.3       137       416     0.893     0.846     0.826     0.869     0.702     0.779         0
   127/249     5.21G     0.625     0.647         0      1.27       112       416      0.89     0.856     0.835     0.872     0.693     0.764         0
   128/249     5.21G     0.882     0.567         0      1.45       125       608     0.873     0.836     0.815     0.854     0.789     0.823         0
   129/249     5.21G     0.792     0.539         0      1.33       158       576     0.866     0.841     0.823     0.853     0.748     0.812         0
   130/249     5.21G     0.739     0.545         0      1.28       127       576     0.872     0.839     0.814     0.855     0.737     0.825         0
   131/249     5.21G     0.743     0.515         0      1.26       141       608     0.872      0.82     0.799     0.845      0.77     0.863         0
   132/249     5.21G      0.74     0.532         0      1.27       135       608     0.877     0.816     0.793     0.846      0.77     0.854         0
   133/249     5.21G      0.72      0.57         0      1.29       197       448      0.88     0.842     0.824     0.861       0.7     0.806         0
   134/249     5.21G     0.659      0.57         0      1.23       124       448     0.879     0.857     0.834     0.868     0.694     0.772         0
   135/249     5.21G     0.746     0.545         0      1.29       141       544     0.882     0.847     0.827     0.864     0.732      0.79         0
   136/249     5.21G     0.744     0.537         0      1.28       118       352     0.879     0.847     0.824     0.863     0.738     0.789         0
   137/249     5.21G     0.692     0.774         0      1.47       145       352     0.872     0.854     0.826     0.863     0.705     0.785         0
   138/249     5.21G     0.766      0.69         0      1.46       140       608      0.85     0.861     0.837     0.855     0.793      0.76         0
   139/249     5.21G     0.795     0.543         0      1.34       133       608     0.848     0.849      0.82     0.848     0.778     0.821         0
   140/249     5.21G     0.778     0.517         0      1.29       164       512     0.848     0.852     0.828      0.85     0.713     0.804         0
   141/249     5.21G      0.73     0.513         0      1.24       192       512     0.858     0.846     0.819     0.852     0.711     0.801         0
   142/249     5.21G     0.703     0.546         0      1.25       158       480     0.882     0.847     0.825     0.864     0.699      0.79         0
   143/249     5.21G     0.702     0.535         0      1.24       101       480     0.885     0.854     0.835     0.869     0.692     0.771         0
   144/249     5.21G      0.77     0.507         0      1.28       108       608     0.885     0.821     0.804     0.851     0.762     0.863         0
   145/249     5.21G     0.722     0.527         0      1.25       192       416     0.889     0.847     0.827     0.868     0.728     0.817         0
   146/249     5.21G     0.613     0.586         0       1.2       152       416     0.876     0.856     0.834     0.866     0.692     0.786         0
   147/249     5.21G     0.633     0.556         0      1.19       127       448      0.88      0.86     0.843      0.87      0.69     0.774         0
   148/249     5.21G     0.628     0.561         0      1.19       198       448     0.871     0.866     0.844     0.868     0.678     0.756         0
   149/249     5.21G     0.615     0.595         0      1.21       162       384     0.864     0.868     0.841     0.866     0.681     0.744         0
   150/249     5.21G     0.599     0.607         0      1.21       131       384     0.864     0.872     0.848     0.868      0.68     0.745         0
   151/249     5.21G     0.598     0.578         0      1.18       138       416     0.862     0.873     0.851     0.867     0.672     0.737         0
   152/249     5.21G      0.62      0.56         0      1.18       145       384     0.862     0.869     0.843     0.866     0.681     0.745         0
   153/249     5.21G     0.599     0.614         0      1.21       129       384      0.87     0.871     0.851      0.87     0.674     0.746         0
   154/249     5.21G      0.63     0.671         0       1.3       180       320     0.882     0.861     0.843     0.871     0.736     0.762         0
   155/249     5.21G     0.677     0.772         0      1.45       118       320     0.857     0.879     0.853     0.868     0.695     0.756         0
   156/249     5.21G     0.974     0.727         0       1.7       155       608     0.811     0.864      0.83     0.837     0.921     0.755         0
   157/249     5.21G     0.899     0.569         0      1.47       143       608      0.82     0.846     0.815     0.833     0.766     0.859         0
   158/249     5.21G     0.726     0.556         0      1.28       148       448     0.834     0.848     0.817     0.841     0.701     0.838         0
   159/249     5.21G     0.672     0.588         0      1.26       202       448     0.866     0.849     0.821     0.857     0.688     0.815         0
   160/249     5.21G     0.752     0.518         0      1.27       108       544     0.892     0.832     0.814     0.861     0.721      0.83         0
   161/249     5.21G     0.739     0.555         0      1.29       167       352     0.882     0.862     0.845     0.872     0.735     0.775         0
   162/249     5.21G     0.643     0.664         0      1.31       133       352     0.861     0.874     0.851     0.868     0.686     0.742         0
   163/249     5.21G      0.62     0.669         0      1.29       145       352     0.858      0.88     0.856     0.869     0.666     0.748         0
   164/249     5.21G     0.599     0.651         0      1.25       171       352     0.848     0.885     0.855     0.866     0.659     0.733         0
   165/249     5.21G     0.578     0.624         0       1.2       176       384     0.841     0.887     0.855     0.864     0.653     0.728         0
   166/249     5.21G     0.574     0.585         0      1.16       106       384     0.849     0.881     0.856     0.865     0.659     0.729         0
   167/249     5.21G     0.571     0.572         0      1.14       142       384     0.852     0.879     0.849     0.865     0.668     0.738         0
   168/249     5.21G     0.575     0.602         0      1.18       132       320     0.869      0.87     0.849      0.87      0.67     0.742         0
   169/249     5.21G     0.641     0.697         0      1.34       125       320     0.865     0.875     0.847      0.87     0.676     0.767         0
   170/249     5.21G     0.639     0.672         0      1.31       123       352     0.839      0.89      0.86     0.864     0.667     0.762         0
   171/249     5.21G     0.588     0.617         0      1.21       158       352     0.824     0.889     0.854     0.855     0.683     0.731         0
   172/249     5.21G     0.885     0.621         0      1.51       142       576      0.85     0.858      0.83     0.854     0.779     0.763         0
   173/249     5.21G     0.927     0.549         0      1.48       153       576     0.863      0.84     0.821     0.851     0.726     0.818         0
   174/249     5.21G     0.797      0.51         0      1.31       147       512     0.869     0.832     0.811      0.85     0.698     0.832         0
   175/249     5.21G     0.728     0.518         0      1.25       148       512     0.874     0.833     0.813     0.853     0.719     0.822         0
   176/249     5.21G     0.788     0.501         0      1.29       151       576     0.875     0.834     0.814     0.854     0.733     0.815         0
   177/249     5.21G      0.73     0.489         0      1.22       155       448     0.878     0.852     0.835     0.865     0.691     0.788         0
   178/249     5.21G     0.637     0.541         0      1.18       145       448     0.869     0.866     0.844     0.867     0.665     0.745         0
   179/249     5.21G     0.695     0.499         0      1.19       142       576     0.868     0.856     0.835     0.862     0.735     0.752         0
   180/249     5.21G     0.723     0.494         0      1.22       141       576     0.874     0.849     0.825     0.861     0.707     0.769         0
   181/249     5.21G     0.636     0.533         0      1.17       166       416     0.878     0.859     0.834     0.868      0.66     0.758         0
   182/249     5.21G     0.558     0.538         0       1.1       122       416     0.876     0.867     0.842     0.872      0.65     0.748         0
   183/249     5.21G     0.548     0.513         0      1.06       116       416     0.874     0.872     0.852     0.873      0.65     0.739         0
   184/249     5.21G     0.605     0.545         0      1.15       186       608     0.872     0.864     0.844     0.868     0.645     0.739         0
   185/249     5.21G     0.787     0.497         0      1.28       166       608     0.869     0.836     0.812     0.853      0.75     0.834         0
   186/249     5.21G     0.734     0.493         0      1.23       182       512     0.881      0.85     0.832     0.865     0.676     0.786         0
   187/249     5.21G     0.692     0.468         0      1.16        83       512     0.881      0.84      0.82      0.86     0.685     0.792         0
   188/249     5.21G     0.696     0.475         0      1.17       106       608      0.87     0.822     0.802     0.845     0.756     0.853         0
   189/249     5.21G     0.689     0.453         0      1.14       122       608     0.868      0.82     0.803     0.843     0.744     0.854         0
   190/249     5.21G      0.62     0.485         0      1.11       106       448     0.876     0.856     0.834     0.866     0.665     0.765         0
   191/249     5.21G     0.585     0.483         0      1.07       147       448     0.882     0.864     0.846     0.873     0.654     0.745         0
   192/249     5.21G     0.678     0.456         0      1.13       167       544     0.887     0.857     0.837     0.872     0.696     0.761         0
   193/249     5.21G     0.657     0.451         0      1.11       131       544     0.884     0.852     0.837     0.867     0.676     0.761         0
   194/249     5.21G     0.645     0.438         0      1.08        98       544     0.877     0.843     0.825      0.86     0.706     0.777         0
   195/249     5.21G      0.64     0.455         0      1.09       106       480     0.891     0.852     0.835     0.871     0.674     0.765         0
   196/249     5.21G      0.64     0.479         0      1.12       164       480     0.892     0.858     0.836     0.875      0.66     0.748         0
   197/249     5.22G     0.613      0.58         0      1.19       181       352     0.881     0.869     0.844     0.875     0.664     0.733         0
   198/249     5.22G     0.581     0.611         0      1.19       122       352     0.862     0.889     0.862     0.875     0.671     0.735         0
   199/249     5.22G     0.683      0.52         0       1.2       144       480     0.843     0.889     0.863     0.865     0.654     0.721         0
   200/249     5.22G     0.655     0.471         0      1.13       103       608     0.863     0.864     0.844     0.863     0.668     0.784         0
   201/249     5.22G     0.732     0.481         0      1.21       151       608     0.866     0.854     0.833      0.86     0.742      0.81         0
   202/249     5.22G     0.734     0.551         0      1.29       116       352     0.865     0.857     0.828     0.861     0.796     0.814         0
   203/249     5.22G     0.658     0.699         0      1.36       116       352     0.867     0.869     0.845     0.868     0.698      0.78         0
   204/249     5.22G     0.827     0.546         0      1.37       180       544     0.877     0.871     0.855     0.874     0.692     0.734         0
   205/249     5.22G     0.743     0.447         0      1.19       150       544     0.878     0.868     0.845     0.873     0.723     0.732         0
   206/249     5.22G     0.792     0.484         0      1.28       173       608     0.888     0.845     0.823     0.866      0.82     0.767         0
   207/249     5.22G     0.733     0.475         0      1.21       159       608     0.892      0.85     0.834     0.871     0.748     0.754         0
   208/249     5.22G     0.718     0.472         0      1.19       151       480      0.89     0.869     0.848     0.879     0.643     0.739         0
   209/249     5.22G     0.622     0.478         0       1.1       149       416     0.881     0.871     0.852     0.876     0.652     0.736         0
   210/249     5.22G     0.542     0.506         0      1.05       152       416      0.88     0.874     0.853     0.877     0.649      0.73         0
   211/249     5.22G     0.538     0.502         0      1.04       128       416     0.883     0.873     0.855     0.878     0.643     0.723         0
   212/249     5.22G     0.533       0.5         0      1.03       121       416     0.881     0.874     0.855     0.877      0.64     0.722         0
   213/249     5.22G     0.618     0.666         0      1.28       136       320     0.885     0.861     0.844     0.873     0.656     0.742         0
   214/249     5.22G     0.635     0.715         0      1.35       120       320     0.875     0.872     0.853     0.874     0.687     0.723         0
   215/249     5.22G      0.76     0.521         0      1.28       138       448     0.873      0.88     0.863     0.876     0.648     0.714         0
   216/249     5.22G     0.674     0.486         0      1.16       107       352     0.874     0.878     0.852     0.876     0.715     0.715         0
   217/249     5.22G     0.632     0.607         0      1.24       132       352     0.876     0.884     0.864      0.88     0.671     0.721         0
   218/249     5.22G     0.605     0.573         0      1.18        81       416     0.866     0.888     0.863     0.877     0.696     0.716         0
   219/249     5.22G     0.569      0.51         0      1.08       177       416     0.865     0.886     0.861     0.876     0.652     0.713         0
   220/249     5.22G     0.621     0.482         0       1.1       126       480     0.871     0.882     0.863     0.876     0.656       0.7         0
   221/249     5.22G     0.623     0.464         0      1.09       145       480     0.873     0.882     0.864     0.877     0.647     0.701         0
   222/249     5.22G     0.564     0.533         0       1.1       173       384     0.871     0.882     0.861     0.876     0.637     0.711         0
   223/249     5.22G     0.537     0.546         0      1.08       161       384      0.87     0.882     0.862     0.876     0.647     0.715         0
   224/249     5.22G     0.721     0.465         0      1.19       134       480     0.876     0.876     0.855     0.876     0.658     0.715         0
   225/249     5.22G     0.646      0.47         0      1.12       146       512     0.884     0.867     0.846     0.875     0.667     0.726         0
   226/249     5.22G     0.647     0.436         0      1.08       162       512     0.882     0.867     0.846     0.875     0.662     0.724         0
   227/249     5.22G     0.694     0.583         0      1.28       113       320     0.876     0.867     0.842     0.871     0.712     0.734         0
   228/249     5.22G      0.73     0.735         0      1.46       119       320     0.878     0.868     0.843     0.873     0.675     0.733         0
   229/249     5.22G     0.615     0.639         0      1.25       128       352      0.87     0.877     0.852     0.873     0.644     0.722         0
   230/249     5.22G     0.563     0.598         0      1.16       164       352     0.869     0.878     0.853     0.873     0.657     0.722         0
   231/249     5.22G     0.572     0.551         0      1.12        98       384     0.869      0.88     0.861     0.874     0.669     0.716         0
   232/249     5.22G      0.58     0.548         0      1.13       141       416     0.866     0.882     0.862     0.874     0.673     0.712         0
   233/249     5.22G     0.578     0.494         0      1.07       161       416      0.87     0.881     0.863     0.875     0.651     0.713         0
   234/249     5.22G     0.586     0.559         0      1.14        99       320      0.87     0.875     0.851     0.872      0.64     0.717         0
   235/249     5.22G     0.653     0.712         0      1.37       102       320     0.876     0.876     0.853     0.876     0.648     0.718         0
   236/249     5.22G     0.735      0.58         0      1.32       138       608     0.887     0.862     0.846     0.875     0.644      0.74         0
   237/249     5.22G     0.761     0.472         0      1.23       138       608     0.883     0.862     0.845     0.872     0.643     0.737         0
   238/249     5.22G     0.676     0.457         0      1.13       129       576     0.883     0.866     0.847     0.875     0.654     0.723         0
   239/249     5.22G     0.637     0.466         0       1.1       173       576     0.886     0.866     0.847     0.876     0.681     0.722         0
   240/249     5.22G     0.666     0.462         0      1.13       122       608     0.879     0.853     0.834     0.866     0.732      0.74         0
   241/249     5.22G      0.69     0.495         0      1.18       172       352     0.873     0.869     0.842     0.871      0.78     0.724         0
   242/249     5.22G      0.74     0.574         0      1.31       160       352     0.868     0.871     0.849     0.869     0.774     0.727         0
   243/249     5.22G     0.732     0.654         0      1.39       148       320     0.878     0.866     0.842     0.872     0.742     0.734         0
   244/249     5.22G     0.706     0.736         0      1.44       139       320     0.883     0.867     0.844     0.875     0.696     0.739         0
   245/249     5.22G     0.614     0.625         0      1.24       149       352     0.867     0.881     0.861     0.874     0.666     0.721         0
   246/249     5.22G     0.599     0.581         0      1.18       139       352     0.867      0.88     0.861     0.874     0.678     0.729         0
   247/249     5.22G     0.608     0.502         0      1.11       118       416     0.869     0.883     0.863     0.876      0.69     0.718         0
   248/249     5.22G     0.661     0.515         0      1.18       142       608     0.885     0.872     0.856     0.878      0.68     0.722         0
   249/249     5.22G     0.807     0.465         0      1.27       203       608     0.746     0.882     0.865     0.808     0.658     0.725         0
