     0/249     3.36G      3.06      2.62         0      5.68       125       512       0.1     0.339     0.063     0.155      1.91      2.47         0
     1/249     3.37G       2.7         2         0      4.71       146       512     0.196     0.464     0.189     0.276      1.67      1.93         0
     2/249     3.37G      2.34      1.71         0      4.06       145       512     0.253     0.545     0.281     0.346      1.53      1.81         0
     3/249     3.37G      1.88      1.93         0      3.81       139       320      0.29     0.563     0.252     0.383      1.51      1.65         0
     4/249     3.37G       1.5      2.16         0      3.66       115       320     0.345     0.633     0.343     0.446      1.37      1.59         0
     5/249     3.37G      1.61      1.78         0      3.39       174       448     0.402     0.635     0.414     0.492      1.35       1.5         0
     6/249     3.37G      1.63      1.48         0      3.11       134       448     0.441      0.71     0.551     0.544      1.21      1.44         0
     7/249     4.73G      1.79      1.58         0      3.37       142       576     0.425     0.629     0.486     0.507      1.29      1.48         0
     8/249     4.73G      1.68      1.44         0      3.12       129       544     0.538     0.629     0.506      0.58       1.2      1.46         0
     9/249     4.73G      1.55      1.32         0      2.87       143       544     0.584     0.622     0.506     0.602      1.15      1.43         0
    10/249     4.73G      1.48      1.25         0      2.73       197       512     0.626     0.627     0.528     0.626      1.14      1.41         0
    11/249     4.73G      1.44      1.24         0      2.67       129       512     0.666     0.644     0.565     0.655      1.12      1.32         0
    12/249     4.73G      1.27      1.23         0       2.5       170       448      0.68     0.688     0.615     0.684      1.03      1.25         0
    13/249     4.73G      1.22       1.2         0      2.42       113       448     0.698     0.703     0.644     0.701      1.02       1.2         0
    14/249     4.73G      1.43      1.21         0      2.64       158       544     0.686     0.704     0.647     0.695      1.03      1.21         0
    15/249     4.73G      1.37       1.1         0      2.47       172       544     0.673     0.679     0.613     0.676      1.02      1.25         0
    16/249     4.73G      1.29       1.1         0      2.39       120       480     0.723     0.705     0.644     0.714     0.987      1.19         0
    17/249     5.49G       1.2      1.08         0      2.28       171       608     0.702     0.689      0.62     0.695      1.08      1.19         0
    18/249     5.49G      1.35      1.07         0      2.41       181       608     0.723     0.693     0.647     0.708     0.998      1.22         0
    19/249     5.49G      1.21      1.17         0      2.38       152       416     0.753     0.686     0.633     0.718      1.04      1.25         0
    20/249     5.49G       1.1       1.2         0       2.3       154       416     0.753     0.733     0.682     0.743     0.978      1.11         0
    21/249     5.49G      1.38      1.22         0      2.61       145       576     0.647     0.677     0.576     0.662      1.17      1.17         0
    22/249     5.49G      1.33      1.04         0      2.37       215       576     0.668      0.69     0.637     0.679      1.01      1.21         0
    23/249     5.49G      1.13      1.37         0       2.5       116       384     0.686     0.699     0.608     0.692      1.01      1.23         0
    24/249     5.49G      1.02      1.17         0      2.19       138       448     0.767     0.764     0.723     0.765     0.962      1.07         0
    25/249     5.49G      1.17      1.01         0      2.18       121       448     0.736     0.793     0.751     0.763     0.926      1.05         0
    26/249     5.49G      1.06      1.01         0      2.06       124       384     0.765     0.787     0.748     0.776      0.89      1.02         0
    27/249     5.49G     0.911      1.09         0         2       139       384     0.798     0.792     0.762     0.795     0.886      0.99         0
    28/249      5.5G     0.907      1.12         0      2.02       190       352     0.778     0.805     0.774     0.791     0.896     0.997         0
    29/249      5.5G     0.895       1.1         0      1.99       179       352     0.767     0.823     0.788     0.794     0.876     0.987         0
    30/249      5.5G      1.49       1.4         0      2.89       169       608     0.431     0.532     0.344     0.476      1.39      1.18         0
    31/249      5.5G      1.43      1.17         0       2.6       193       608      0.65     0.699     0.646     0.674     0.998      1.17         0
    32/249      5.5G      1.16      1.06         0      2.23       155       448     0.839     0.725     0.697     0.778     0.932      1.09         0
    33/249      5.5G      1.06     0.977         0      2.04       144       576     0.818     0.784     0.754     0.801     0.867      1.02         0
    34/249      5.5G       1.2     0.939         0      2.14        98       576     0.795     0.757     0.719     0.776     0.942      1.06         0
    35/249      5.5G      1.14     0.868         0         2       119       608     0.767     0.737     0.692     0.752     0.977      1.06         0
    36/249      5.5G       1.1     0.823         0      1.92       122       608      0.81     0.744     0.708     0.776     0.906      1.06         0
    37/249      5.5G      1.05      1.09         0      2.14       116       384     0.815     0.745      0.71     0.779     0.976      1.02         0
    38/249      5.5G     0.951      1.04         0         2       113       384     0.827     0.807     0.771     0.817     0.869     0.972         0
    39/249      5.5G      1.08     0.943         0      2.02       121       448     0.796     0.832       0.8     0.814     0.876     0.943         0
    40/249      5.5G     0.961     0.891         0      1.85       165       352     0.817     0.816     0.783     0.816     0.825     0.917         0
    41/249      5.5G     0.881      1.09         0      1.97       174       352     0.849     0.818      0.79     0.833      0.83     0.961         0
    42/249      5.5G     0.843      1.02         0      1.87       134       352     0.824     0.841     0.816     0.833     0.843     0.895         0
    43/249      5.5G     0.809     0.928         0      1.74       140       352     0.801     0.857     0.822     0.828     0.804     0.895         0
    44/249      5.5G      1.04     0.979         0      2.02       113       480     0.718     0.835     0.782     0.772     0.979      0.91         0
    45/249      5.5G      1.11     0.851         0      1.96       158       480     0.796     0.825     0.795      0.81     0.812     0.933         0
    46/249      5.5G      1.12     0.825         0      1.94       155       544     0.808     0.798      0.76     0.803     0.928         1         0
    47/249      5.5G      1.06      0.76         0      1.82       127       544      0.86     0.801      0.78      0.83     0.806     0.933         0
    48/249      5.5G      1.03     0.716         0      1.74       142       576     0.858     0.791     0.769     0.823     0.824     0.946         0
    49/249      5.5G      1.02     0.834         0      1.85        95       352     0.875     0.761     0.733     0.814      0.92     0.986         0
    50/249      5.5G     0.949       1.1         0      2.05       136       352     0.832     0.825     0.793     0.829     0.934     0.935         0
    51/249      5.5G      1.01     0.949         0      1.96       138       480     0.757     0.873      0.84     0.811     0.832     0.928         0
    52/249      5.5G      1.02     0.828         0      1.84       128       480     0.766     0.845     0.817     0.803     0.802     0.897         0
    53/249      5.5G      1.02     0.747         0      1.77       116       512     0.791     0.821     0.794     0.806     0.841     0.928         0
    54/249      5.5G     0.982     0.738         0      1.72       159       512     0.859     0.814     0.792     0.836     0.794     0.892         0
    55/249      5.5G     0.933     0.716         0      1.65       124       480     0.869     0.817     0.794     0.842     0.765     0.892         0
    56/249      5.5G     0.933      0.72         0      1.65       168       608     0.856      0.84     0.821     0.848     0.753      0.86         0
    57/249      5.5G      1.06     0.742         0       1.8       131       608     0.826     0.793     0.763     0.809     0.878      0.93         0
    58/249      5.5G     0.985     0.769         0      1.75       162       416     0.866     0.757     0.724     0.807     0.909      1.05         0
    59/249      5.5G     0.775      0.83         0      1.61       164       416     0.882     0.832     0.813     0.856     0.764     0.846         0
    60/249      5.5G     0.995      0.84         0      1.83       169       576     0.809     0.837     0.797     0.823     0.937     0.865         0
    61/249      5.5G      1.01     0.729         0      1.74       118       576     0.814     0.824     0.796     0.819     0.818     0.933         0
    62/249      5.5G     0.944       0.7         0      1.64       150       544     0.861     0.804      0.78     0.831     0.811      0.95         0
    63/249      5.5G     0.896     0.655         0      1.55       132       544     0.882     0.799      0.77     0.838     0.819     0.925         0
    64/249      5.5G     0.851     0.647         0       1.5       155       544     0.887     0.805     0.782     0.844      0.79     0.891         0
    65/249      5.5G     0.841     0.605         0      1.45       128       576     0.871     0.799     0.772     0.834     0.805     0.888         0
    66/249      5.5G     0.845     0.587         0      1.43       153       576     0.871     0.799     0.773     0.834      0.81     0.893         0
    67/249      5.5G      0.86     0.637         0       1.5       167       448     0.903     0.799     0.779     0.848      0.76     0.884         0
    68/249      5.5G     0.777     0.656         0      1.43       165       448     0.887     0.832     0.813     0.859      0.77     0.838         0
    69/249      5.5G      0.86     0.957         0      1.82       125       320     0.883     0.835     0.814     0.858     0.899     0.853         0
    70/249      5.5G     0.833      1.05         0      1.89       158       320     0.835     0.871     0.847     0.853     0.797     0.831         0
    71/249      5.5G      1.18     0.994         0      2.18       139       576       0.6     0.785      0.71      0.68      1.08      1.07         0
    72/249      5.5G      1.06     0.839         0       1.9       170       320     0.791     0.733     0.695     0.761     0.947      1.14         0
    73/249      5.5G     0.978      1.19         0      2.17       128       320      0.82     0.824      0.78     0.822     0.903      1.06         0
    74/249      5.5G     0.828     0.974         0       1.8       161       352     0.771     0.862     0.822     0.814      0.82     0.958         0
    75/249      5.5G     0.763     0.877         0      1.64       148       352     0.791     0.877     0.846     0.832     0.787     0.864         0
    76/249      5.5G      1.04      0.85         0      1.89       203       512     0.739     0.866     0.828     0.797     0.852      0.85         0
    77/249      5.5G      1.03     0.706         0      1.73       140       512     0.817     0.826       0.8     0.821     0.783     0.865         0
    78/249      5.5G      0.94     0.984         0      1.92       184       320     0.849     0.823     0.802     0.836     0.922     0.884         0
    79/249      5.5G     0.836     0.949         0      1.78       171       320     0.807     0.867      0.83     0.836      0.78     0.949         0
    80/249      5.5G      1.33     0.869         0       2.2       112       608     0.684     0.864     0.821     0.764     0.975     0.909         0
    81/249      5.5G      1.07     0.721         0      1.79       154       544     0.827     0.827       0.8     0.827     0.854     0.895         0
    82/249      5.5G     0.977     0.662         0      1.64       127       544     0.855     0.796     0.769     0.824      0.87     0.873         0
    83/249      5.5G     0.855     0.645         0       1.5       156       480     0.881     0.821     0.806      0.85     0.761     0.849         0
    84/249      5.5G     0.797     0.625         0      1.42       154       480     0.869     0.842     0.824     0.855     0.734     0.812         0
    85/249      5.5G     0.694      0.67         0      1.36       171       416     0.878     0.852     0.835     0.865     0.712     0.791         0
    86/249      5.5G     0.659     0.648         0      1.31       133       416     0.858      0.87     0.852     0.864       0.7     0.769         0
    87/249      5.5G     0.814     0.614         0      1.43       153       480     0.845     0.863     0.841     0.854     0.759     0.785         0
    88/249      5.5G     0.788     0.594         0      1.38       130       352     0.886     0.837     0.815     0.861     0.765     0.811         0
    89/249      5.5G     0.747     0.819         0      1.57       148       352     0.881     0.858     0.835     0.869     0.748     0.825         0
    90/249      5.5G     0.698     0.731         0      1.43       129       416     0.815     0.892     0.866     0.852     0.709      0.78         0
    91/249      5.5G     0.652      0.66         0      1.31       147       416      0.83     0.882     0.859     0.855     0.694     0.757         0
    92/249      5.5G     0.902     0.667         0      1.57       145       608     0.832     0.821     0.791     0.826     0.955     0.864         0
    93/249      5.5G     0.983     0.601         0      1.58       131       608     0.875     0.806     0.784     0.839     0.766     0.862         0
    94/249      5.5G       0.8      0.68         0      1.48       112       416     0.896     0.841     0.828     0.867     0.762     0.799         0
    95/249      5.5G     0.683     0.653         0      1.34       111       416     0.861     0.868     0.843     0.864     0.711      0.77         0
    96/249      5.5G     0.636     0.636         0      1.27       167       416     0.863     0.881     0.863     0.872     0.689     0.752         0
    97/249      5.5G     0.609     0.623         0      1.23       185       384     0.873     0.869     0.844     0.871      0.69     0.754         0
    98/249      5.5G      0.62     0.651         0      1.27       136       384      0.88     0.871     0.853     0.875     0.686     0.754         0
    99/249      5.5G     0.846     0.703         0      1.55       127       576     0.809     0.885      0.86     0.845     0.732     0.761         0
   100/249      5.5G      0.98     0.611         0      1.59       163       576     0.847     0.845     0.822     0.846     0.735      0.82         0
   101/249      5.5G     0.892      0.55         0      1.44       142       544     0.883     0.823     0.805     0.852     0.761     0.866         0
   102/249      5.5G     0.827     0.526         0      1.35       185       544     0.886     0.839     0.819     0.862      0.72     0.805         0
   103/249      5.5G     0.763     0.773         0      1.54       167       352     0.891     0.854     0.837     0.872     0.806     0.793         0
   104/249      5.5G     0.691     0.708         0       1.4       184       352     0.845     0.883     0.858     0.864     0.713     0.777         0
   105/249      5.5G     0.659     0.697         0      1.36       167       352     0.853     0.889      0.86     0.871     0.689     0.732         0
   106/249      5.5G     0.831     0.636         0      1.47       166       480     0.795     0.901     0.876     0.845     0.684     0.765         0
   107/249      5.5G     0.881     0.578         0      1.46       144       480     0.827     0.862     0.841     0.844     0.696     0.784         0
   108/249      5.5G      0.85      0.61         0      1.46       142       576     0.871     0.825     0.804     0.848     0.794      0.86         0
   109/249      5.5G      0.85     0.529         0      1.38       123       576      0.88     0.826     0.805     0.852     0.721     0.825         0
   110/249      5.5G     0.785     0.521         0      1.31       140       544     0.883     0.824     0.807     0.852     0.731     0.811         0
   111/249      5.5G     0.755     0.496         0      1.25       127       544     0.886      0.84     0.826     0.862     0.714     0.804         0
   112/249      5.5G     0.719     0.777         0       1.5       147       352     0.886     0.862     0.845     0.874     0.745     0.785         0
   113/249      5.5G     0.751     0.663         0      1.41       133       448     0.774       0.9     0.869     0.833      0.71     0.776         0
   114/249      5.5G     0.791     0.593         0      1.38       114       448     0.785     0.889     0.861     0.833     0.722     0.774         0
   115/249      5.5G      0.81     0.602         0      1.41       108       576     0.871     0.851     0.832     0.861      0.76     0.779         0
   116/249      5.5G     0.866     0.537         0       1.4       162       576     0.888     0.823     0.807     0.854     0.734      0.82         0
   117/249      5.5G     0.762     0.583         0      1.34       140       448     0.901     0.832     0.819     0.865     0.713     0.827         0
   118/249      5.5G     0.662     0.538         0       1.2       166       448     0.879     0.866     0.848     0.872     0.679      0.75         0
   119/249      5.5G     0.647     0.645         0      1.29       112       352     0.867     0.875     0.853     0.871     0.717     0.756         0
   120/249      5.5G      0.69     0.701         0      1.39       173       576     0.774     0.901     0.869     0.832     0.719     0.767         0
   121/249      5.5G     0.967     0.638         0       1.6       138       576     0.784     0.846     0.816     0.814      0.84     0.847         0
   122/249      5.5G     0.853     0.548         0       1.4       166       480     0.881     0.817     0.794     0.848     0.751     0.918         0
   123/249      5.5G     0.766     0.546         0      1.31       127       480     0.895      0.84     0.824     0.867     0.701     0.784         0
   124/249      5.5G     0.759     0.551         0      1.31       147       576     0.865     0.858     0.833     0.861     0.767     0.773         0
   125/249      5.5G     0.768     0.521         0      1.29       155       576     0.876     0.853     0.836     0.864     0.717     0.775         0
   126/249      5.5G     0.667     0.552         0      1.22       137       416     0.895     0.856     0.837     0.875     0.706     0.774         0
   127/249      5.5G     0.593     0.583         0      1.18       112       416     0.885      0.87     0.855     0.877     0.671     0.747         0
   128/249      5.5G     0.827     0.521         0      1.35       125       608     0.856     0.843     0.819     0.849     0.827     0.808         0
   129/249      5.5G      0.75     0.471         0      1.22       158       576     0.887     0.835     0.816      0.86     0.757     0.832         0
   130/249      5.5G     0.691     0.476         0      1.17       127       576     0.901     0.836     0.819     0.867     0.729     0.799         0
   131/249      5.5G     0.672     0.449         0      1.12       141       608     0.902      0.82     0.808     0.859     0.758     0.824         0
   132/249      5.5G     0.677     0.451         0      1.13       135       608     0.904     0.829      0.81     0.865     0.745     0.812         0
   133/249      5.5G     0.662     0.505         0      1.17       197       448     0.902     0.854      0.84     0.877     0.689     0.759         0
   134/249      5.5G     0.615     0.504         0      1.12       124       448     0.881     0.872     0.857     0.876     0.662     0.728         0
   135/249      5.5G     0.714     0.493         0      1.21       141       544     0.871     0.856     0.834     0.864     0.729     0.756         0
   136/249      5.5G      0.71     0.478         0      1.19       118       352     0.895     0.845     0.827     0.869     0.751     0.794         0
   137/249      5.5G     0.686     0.716         0       1.4       145       352     0.875     0.875     0.854     0.875     0.702     0.752         0
   138/249      5.5G      0.86     0.636         0       1.5       140       608     0.809     0.894     0.871     0.849     0.692     0.737         0
   139/249      5.5G     0.938     0.509         0      1.45       133       608     0.866     0.829     0.804     0.847     0.782     0.839         0
   140/249      5.5G     0.803     0.477         0      1.28       164       512     0.907     0.834      0.82     0.869     0.703     0.821         0
   141/249      5.5G     0.721     0.463         0      1.18       192       512     0.898      0.85     0.838     0.874     0.693     0.775         0
   142/249      5.5G     0.677     0.486         0      1.16       158       480     0.883     0.858     0.839     0.871     0.664     0.746         0
   143/249      5.5G     0.664     0.476         0      1.14       101       480     0.874     0.865     0.848     0.869     0.654     0.734         0
   144/249      5.5G     0.737     0.456         0      1.19       108       608     0.892     0.833     0.818     0.862     0.737     0.823         0
   145/249      5.5G     0.685     0.472         0      1.16       192       416     0.907     0.827      0.81     0.865     0.721      0.85         0
   146/249      5.5G     0.592     0.538         0      1.13       152       416     0.892     0.862     0.847     0.877      0.67     0.745         0
   147/249      5.5G     0.611     0.492         0       1.1       127       448     0.852      0.88     0.863     0.866     0.662     0.722         0
   148/249      5.5G     0.591     0.502         0      1.09       198       448     0.863     0.876     0.857     0.869      0.65     0.721         0
   149/249      5.5G     0.565     0.536         0       1.1       162       384     0.898     0.868     0.848     0.883     0.671     0.728         0
   150/249      5.5G     0.547     0.541         0      1.09       131       384     0.871     0.887     0.866     0.879     0.655     0.717         0
   151/249      5.5G     0.546      0.51         0      1.06       138       416     0.873     0.886     0.866     0.879     0.644     0.706         0
   152/249      5.5G      0.55     0.496         0      1.05       145       384     0.889     0.875     0.857     0.882      0.65     0.722         0
   153/249      5.5G     0.531     0.545         0      1.08       129       384     0.875     0.887     0.867     0.881     0.644     0.718         0
   154/249      5.5G     0.561     0.599         0      1.16       180       320     0.893     0.875     0.858     0.884     0.656     0.726         0
   155/249      5.5G     0.633     0.699         0      1.33       118       320     0.849     0.899     0.869     0.873     0.662     0.742         0
   156/249      5.5G     0.895     0.661         0      1.56       155       608     0.789     0.842     0.805     0.815     0.976     0.822         0
   157/249      5.5G      0.92     0.497         0      1.42       143       608     0.878     0.793     0.772     0.833     0.768     0.955         0
   158/249      5.5G     0.743     0.522         0      1.27       148       448     0.915     0.841     0.832     0.877     0.712     0.804         0
   159/249      5.5G     0.666     0.515         0      1.18       202       448     0.875     0.875     0.856     0.875     0.685     0.734         0
   160/249      5.5G     0.759      0.48         0      1.24       108       544     0.844     0.868     0.847     0.856     0.711     0.761         0
   161/249      5.5G     0.709     0.509         0      1.22       167       352      0.88     0.852     0.838     0.866     0.691     0.791         0
   162/249      5.5G     0.636     0.627         0      1.26       133       352     0.869     0.878     0.855     0.874     0.684     0.795         0
   163/249      5.5G     0.602     0.602         0       1.2       145       352     0.856     0.894     0.874     0.875      0.67     0.726         0
   164/249      5.5G      0.56     0.593         0      1.15       171       352     0.837     0.891      0.87     0.863     0.662     0.743         0
   165/249      5.5G     0.543     0.557         0       1.1       176       384     0.841      0.89     0.872     0.865     0.644      0.72         0
   166/249      5.5G     0.526     0.519         0      1.05       106       384     0.869     0.883     0.866     0.876     0.636     0.708         0
   167/249      5.5G     0.511     0.504         0      1.02       142       384     0.859     0.888     0.866     0.873     0.631     0.716         0
   168/249      5.5G     0.514     0.528         0      1.04       132       320     0.878     0.887     0.868     0.882     0.627     0.709         0
   169/249      5.5G     0.592     0.642         0      1.23       125       320     0.829     0.897     0.865     0.862     0.649     0.768         0
   170/249      5.5G     0.583     0.598         0      1.18       123       352     0.781     0.906     0.875     0.839     0.645      0.72         0
   171/249      5.5G     0.538     0.547         0      1.09       158       352     0.839     0.893     0.874     0.865      0.64     0.711         0
   172/249      5.5G     0.743     0.567         0      1.31       142       576     0.818     0.872     0.851     0.844     0.823     0.778         0
   173/249      5.5G     0.788     0.482         0      1.27       153       576     0.872     0.851     0.837     0.861     0.706     0.781         0
   174/249      5.5G     0.714     0.454         0      1.17       147       512     0.895     0.851      0.84     0.873     0.684     0.772         0
   175/249      5.5G     0.685      0.45         0      1.13       148       512     0.899     0.866     0.851     0.882     0.669     0.728         0
   176/249      5.5G       0.7     0.428         0      1.13       151       576     0.894     0.856      0.84     0.875     0.693      0.75         0
   177/249      5.5G     0.651     0.421         0      1.07       155       448     0.907     0.854      0.84      0.88     0.662      0.76         0
   178/249      5.5G     0.606      0.47         0      1.08       145       448     0.888     0.876     0.859     0.882     0.656     0.706         0
   179/249      5.5G     0.642     0.457         0       1.1       142       576     0.871     0.872     0.857     0.871     0.699     0.715         0
   180/249      5.5G     0.702      0.43         0      1.13       141       576     0.882      0.86     0.847     0.871     0.696     0.768         0
   181/249      5.5G     0.605     0.486         0      1.09       166       416     0.904     0.864      0.85     0.884     0.674     0.744         0
   182/249      5.5G     0.556     0.483         0      1.04       122       416     0.869     0.888     0.868     0.878     0.633     0.713         0
   183/249      5.5G     0.525     0.452         0     0.976       116       416     0.868     0.889     0.868     0.879     0.637     0.702         0
   184/249      5.5G      0.56     0.489         0      1.05       186       608     0.879     0.872     0.859     0.875     0.625     0.712         0
   185/249      5.5G     0.777     0.466         0      1.24       166       608     0.901     0.841     0.827      0.87     0.716     0.814         0
   186/249      5.5G     0.729     0.446         0      1.18       182       512     0.911     0.848     0.831     0.878     0.691     0.805         0
   187/249      5.5G     0.678     0.424         0       1.1        83       512       0.9      0.86     0.847      0.88     0.682     0.742         0
   188/249      5.5G      0.67     0.439         0      1.11       106       608     0.896     0.844     0.827      0.87     0.747     0.788         0
   189/249      5.5G      0.66     0.397         0      1.06       122       608      0.91     0.835     0.818     0.871     0.719     0.823         0
   190/249      5.5G     0.584     0.447         0      1.03       106       448     0.897     0.872     0.859     0.885     0.652     0.719         0
   191/249      5.5G     0.566     0.427         0     0.994       147       448     0.883     0.876     0.858      0.88     0.633     0.722         0
   192/249      5.5G     0.672     0.423         0       1.1       167       544     0.881     0.866     0.848     0.873     0.682      0.76         0
   193/249      5.5G     0.622     0.399         0      1.02       131       544     0.901     0.851      0.84     0.876     0.681     0.779         0
   194/249      5.5G       0.6     0.383         0     0.984        98       544     0.917     0.847     0.831     0.881     0.675     0.768         0
   195/249      5.5G     0.584     0.394         0     0.978       106       480      0.91      0.86      0.85     0.885     0.642     0.757         0
   196/249      5.5G     0.601      0.42         0      1.02       164       480     0.898     0.866     0.851     0.881     0.628     0.731         0
   197/249      5.5G     0.581     0.524         0       1.1       181       352     0.893     0.877     0.859     0.885     0.707     0.748         0
   198/249      5.5G     0.549     0.547         0       1.1       122       352     0.804       0.9     0.877      0.85     0.643     0.719         0
   199/249      5.5G     0.763     0.466         0      1.23       144       480     0.829      0.88     0.864     0.854     0.723     0.746         0
   200/249      5.5G     0.711     0.431         0      1.14       103       608     0.901     0.847      0.83     0.873     0.674     0.788         0
   201/249      5.5G     0.786     0.442         0      1.23       151       608     0.899      0.84     0.829     0.869     0.709     0.808         0
   202/249      5.5G     0.718     0.501         0      1.22       116       352     0.904     0.849     0.833     0.876     0.771     0.796         0
   203/249      5.5G     0.638     0.626         0      1.26       116       352     0.906     0.865     0.851     0.885     0.664     0.743         0
   204/249      5.5G     0.783     0.489         0      1.27       180       544     0.877     0.878      0.86     0.877     0.694     0.728         0
   205/249      5.5G     0.782     0.413         0      1.19       150       544     0.862     0.883     0.868     0.872     0.629     0.707         0
   206/249      5.5G     0.702     0.422         0      1.12       173       608     0.868     0.866     0.847     0.867     0.723     0.723         0
   207/249      5.5G     0.711     0.404         0      1.11       159       608     0.873      0.86     0.846     0.866     0.725     0.736         0
   208/249      5.5G     0.618     0.401         0      1.02       151       480     0.877     0.876      0.86     0.877     0.633     0.719         0
   209/249      5.5G     0.552     0.403         0     0.955       149       416     0.871      0.88     0.867     0.876      0.62      0.71         0
   210/249      5.5G     0.476     0.442         0     0.918       152       416     0.874      0.88     0.865     0.877     0.615     0.706         0
   211/249      5.5G     0.469     0.436         0     0.905       128       416     0.879     0.882     0.869     0.881     0.614     0.706         0
   212/249      5.5G     0.458     0.433         0     0.891       121       416     0.871     0.885     0.869     0.878      0.61     0.701         0
   213/249      5.5G     0.557     0.591         0      1.15       136       320     0.902     0.876      0.86     0.889     0.619     0.708         0
   214/249      5.5G     0.573     0.627         0       1.2       120       320     0.886     0.886     0.869     0.886     0.651     0.695         0
   215/249      5.5G     0.593     0.478         0      1.07       138       448     0.848     0.893     0.875      0.87     0.622     0.711         0
   216/249      5.5G     0.521     0.428         0     0.949       107       352     0.849     0.892     0.874      0.87     0.648     0.692         0
   217/249      5.5G     0.573     0.532         0       1.1       132       352      0.86     0.891     0.876     0.875     0.617     0.696         0
   218/249      5.5G     0.513     0.494         0      1.01        81       416     0.843     0.895     0.875     0.868     0.646     0.698         0
   219/249      5.5G     0.506     0.438         0     0.944       177       416     0.857     0.893     0.875     0.874     0.608     0.692         0
   220/249      5.5G     0.522     0.407         0     0.929       126       480     0.863     0.885     0.868     0.874     0.625      0.69         0
   221/249      5.5G     0.551     0.396         0     0.947       145       480     0.867     0.884     0.868     0.875     0.624     0.695         0
   222/249      5.5G       0.5     0.461         0     0.961       173       384     0.882     0.884     0.869     0.883     0.613     0.699         0
   223/249      5.5G     0.469     0.465         0     0.935       161       384     0.883     0.885     0.869     0.884      0.62     0.697         0
   224/249      5.5G     0.573     0.398         0     0.971       134       480     0.874     0.882     0.869     0.878     0.609     0.694         0
   225/249      5.5G     0.557     0.403         0      0.96       146       512     0.878     0.877      0.86     0.878     0.642     0.704         0
   226/249      5.5G     0.587     0.374         0     0.961       162       512     0.874     0.877     0.859     0.876     0.637     0.701         0
   227/249      5.5G     0.619     0.512         0      1.13       113       320     0.894     0.876     0.859     0.885      0.67     0.714         0
   228/249      5.5G     0.664     0.658         0      1.32       119       320     0.895     0.877     0.859     0.886     0.646     0.712         0
   229/249      5.5G     0.567     0.559         0      1.13       128       352     0.882     0.884     0.868     0.883     0.621       0.7         0
   230/249      5.5G     0.507     0.513         0      1.02       164       352     0.878     0.884     0.868     0.881     0.614     0.703         0
   231/249      5.5G     0.474     0.473         0     0.946        98       384     0.871     0.886     0.869     0.879     0.611     0.699         0
   232/249      5.5G     0.468     0.475         0     0.942       141       416     0.868     0.888     0.868     0.878     0.612     0.698         0
   233/249      5.5G     0.462      0.42         0     0.882       161       416     0.873     0.887     0.869      0.88      0.61     0.698         0
   234/249      5.5G     0.502     0.483         0     0.984        99       320     0.885     0.882     0.868     0.884     0.611     0.697         0
   235/249      5.5G     0.577     0.637         0      1.21       102       320     0.892     0.882     0.869     0.887     0.614     0.699         0
   236/249      5.5G     0.653     0.524         0      1.18       138       608     0.883     0.875      0.86     0.879     0.626     0.714         0
   237/249      5.5G     0.703     0.423         0      1.13       138       608      0.88     0.874      0.86     0.877     0.621     0.711         0
   238/249      5.5G     0.638     0.401         0      1.04       129       576      0.87      0.88     0.868     0.875     0.614     0.699         0
   239/249      5.5G     0.596     0.404         0         1       173       576     0.876      0.88     0.868     0.878     0.619     0.702         0
   240/249      5.5G     0.614     0.405         0      1.02       122       608     0.883     0.871     0.859     0.877     0.636     0.715         0
   241/249      5.5G     0.589     0.439         0      1.03       172       352     0.878     0.883     0.868     0.881     0.646     0.703         0
   242/249      5.5G     0.555     0.498         0      1.05       160       352     0.878     0.883     0.867     0.881     0.648     0.706         0
   243/249      5.5G     0.574     0.575         0      1.15       148       320     0.894     0.879     0.863     0.887     0.647      0.71         0
   244/249      5.5G     0.596     0.663         0      1.26       139       320       0.9     0.875     0.859     0.888     0.639     0.714         0
   245/249      5.5G     0.532     0.549         0      1.08       149       352     0.866     0.888     0.868     0.877     0.622     0.698         0
   246/249      5.5G     0.508     0.501         0      1.01       139       352      0.87     0.887     0.868     0.878     0.622     0.707         0
   247/249      5.5G     0.474     0.431         0     0.905       118       416     0.865     0.889     0.868     0.876     0.618     0.701         0
   248/249      5.5G     0.508     0.446         0     0.954       142       608     0.878     0.881     0.869      0.88     0.619     0.709         0
   249/249      5.5G     0.633      0.41         0      1.04       203       608      0.76      0.89     0.876      0.82      0.62     0.708         0
