     0/249     4.06G      2.41      1.26         0      3.67        40       416         0         0         0         0      1.99      1.68         0
     1/249     4.06G      2.14      1.21         0      3.35        16       416         0         0         0         0      2.01      1.65         0
     2/249     4.06G      2.05      1.17         0      3.22        27       416     0.005    0.0011  4.85e-05    0.0018      2.15      1.64         0
     3/249     4.06G      2.11      1.15         0      3.27        47       416    0.0133    0.0022  0.000128   0.00377      2.13      1.62         0
     4/249     4.06G      1.93      1.03         0      2.96        30       416    0.0163    0.0176  0.000282    0.0169      2.14      1.61         0
     5/249     4.06G      2.07     0.952         0      3.02        24       416    0.0365     0.132   0.00615    0.0572      2.16      1.61         0
     6/249     4.06G      1.85     0.926         0      2.77        30       416    0.0478     0.297    0.0233    0.0823      2.09      1.61         0
     7/249     4.06G      1.95     0.863         0      2.82        36       416    0.0838     0.382    0.0626     0.137      1.96      1.56         0
     8/249     4.06G      1.86     0.807         0      2.67        37       416    0.0808     0.487    0.0848     0.139      1.88      1.59         0
     9/249     4.06G      1.75     0.782         0      2.53        27       416    0.0744     0.492    0.0835     0.129      1.92      1.64         0
    10/249     4.06G      1.72     0.734         0      2.46        16       416    0.0695     0.452    0.0627      0.12      1.93      1.66         0
    11/249     4.06G      1.62     0.726         0      2.35        28       416    0.0882     0.452    0.0839     0.148      1.87      1.61         0
    12/249     4.06G      1.63     0.722         0      2.35        45       416     0.105     0.441    0.0935      0.17       1.9      1.58         0
    13/249     4.06G      1.43     0.653         0      2.08        33       416     0.118     0.496     0.132     0.191      1.85      1.58         0
    14/249     4.06G      1.53     0.672         0       2.2        45       416     0.115     0.503     0.154     0.188      1.86      1.58         0
    15/249     4.06G      1.52      0.64         0      2.16        49       416     0.115     0.484     0.153     0.186      1.84      1.59         0
    16/249     4.06G      1.45     0.607         0      2.05        14       416     0.118     0.474     0.152     0.188      1.82      1.58         0
    17/249     4.06G      1.32       0.6         0      1.93        15       416     0.119     0.456     0.156     0.189      1.85      1.57         0
    18/249     4.06G      1.27     0.556         0      1.83        36       416     0.124     0.452     0.164     0.195       1.9      1.56         0
    19/249     4.06G      1.21     0.557         0      1.77        53       416     0.138     0.447     0.172     0.211      1.82      1.55         0
    20/249     4.06G      1.19     0.554         0      1.74        44       416     0.134     0.431     0.166     0.204      1.82      1.54         0
    21/249     4.06G      1.24     0.535         0      1.78        17       416     0.134     0.453     0.176     0.207      1.75      1.52         0
    22/249     4.06G      1.18     0.513         0      1.69        38       416     0.138     0.438      0.17      0.21      1.74      1.51         0
    23/249     4.06G      1.15     0.507         0      1.65        19       416     0.143     0.453     0.199     0.218      1.72      1.51         0
    24/249     4.06G      1.24     0.491         0      1.73        27       416     0.134     0.424     0.167     0.203      1.73       1.5         0
    25/249     4.06G      1.11     0.492         0      1.61        23       416     0.156     0.463     0.199     0.233       1.7       1.5         0
    26/249     4.06G      1.05      0.47         0      1.52        31       416     0.159     0.458     0.207     0.236      1.68       1.5         0
    27/249     4.06G      1.07     0.464         0      1.53        40       416     0.151     0.451      0.19     0.226      1.67      1.51         0
    28/249     4.06G      1.04     0.472         0      1.51        31       416     0.175     0.486     0.232     0.257      1.64      1.51         0
    29/249     4.06G      1.06     0.444         0       1.5        27       416     0.146      0.42     0.172     0.217      1.67      1.52         0
    30/249     4.06G      1.04      0.45         0      1.49        44       416     0.165     0.456     0.209     0.242      1.66      1.51         0
    31/249     4.06G     0.992     0.451         0      1.44        19       416     0.165     0.452     0.221     0.242      1.64      1.51         0
    32/249     4.06G     0.931     0.419         0      1.35        14       416     0.127      0.38     0.149      0.19      1.71      1.51         0
    33/249     4.06G      1.03     0.409         0      1.44        24       416      0.18     0.482     0.268     0.262      1.65      1.51         0
    34/249     4.06G     0.958     0.431         0      1.39         9       416     0.131     0.374     0.158     0.194      1.77      1.51         0
    35/249     4.06G     0.984      0.42         0       1.4        24       416     0.114     0.326     0.119     0.169      1.77      1.51         0
    36/249     4.06G     0.971      0.38         0      1.35        21       416      0.19     0.497     0.278     0.275      1.68      1.51         0
    37/249     4.06G     0.976     0.405         0      1.38        11       416     0.113     0.323     0.121     0.167      1.79      1.51         0
    38/249     4.06G     0.946     0.416         0      1.36        45       416     0.204     0.507     0.292     0.291      1.64       1.5         0
    39/249     4.06G     0.982     0.418         0       1.4        62       416     0.207     0.511       0.3     0.295      1.64      1.51         0
    40/249     4.06G     0.967     0.373         0      1.34        18       416    0.0734     0.225    0.0468     0.111      1.78      1.53         0
    41/249     4.06G     0.905     0.368         0      1.27        20       416     0.184     0.501     0.266      0.27      1.65      1.52         0
    42/249     4.06G     0.918     0.386         0       1.3        28       416     0.118     0.342     0.126     0.175      1.72      1.51         0
    43/249     4.06G     0.851     0.382         0      1.23        31       416     0.119     0.347     0.121     0.178      1.75      1.51         0
    44/249     4.06G     0.909       0.4         0      1.31        48       416     0.197     0.515     0.271     0.285      1.63       1.5         0
    45/249     4.06G     0.903     0.359         0      1.26        33       416     0.114     0.337     0.113     0.171      1.72      1.51         0
    46/249     4.06G     0.917     0.362         0      1.28        39       416     0.183     0.485     0.236     0.265      1.62       1.5         0
    47/249     4.06G     0.855     0.372         0      1.23        40       416     0.194     0.511     0.264     0.281      1.62       1.5         0
    48/249     4.06G     0.874     0.374         0      1.25        49       416     0.121     0.338     0.111     0.178      1.69       1.5         0
    49/249     4.06G     0.901     0.365         0      1.27        25       416     0.195     0.524     0.273     0.284      1.59      1.51         0
    50/249     4.06G     0.816     0.363         0      1.18        34       416     0.125     0.356      0.13     0.186      1.68       1.5         0
    51/249     4.06G      0.78      0.34         0      1.12        17       416     0.131      0.38     0.145     0.194      1.67      1.51         0
    52/249     4.06G     0.804     0.319         0      1.12        23       416     0.191     0.519     0.269     0.279      1.59      1.51         0
    53/249     4.06G       0.8     0.334         0      1.13        20       416     0.128     0.358     0.129     0.189      1.71       1.5         0
    54/249     4.06G     0.807     0.333         0      1.14         7       416     0.196     0.502     0.263     0.281       1.6      1.49         0
    55/249     4.06G     0.802     0.328         0      1.13        39       416     0.198     0.505     0.263     0.285      1.62      1.49         0
    56/249     4.06G     0.783     0.332         0      1.11        24       416     0.144     0.382     0.144     0.209      1.66      1.49         0
    57/249     4.06G     0.775     0.325         0       1.1        16       416     0.184     0.476     0.227     0.266      1.64       1.5         0
    58/249     4.06G     0.756     0.328         0      1.08        20       416     0.152     0.409     0.163     0.222      1.66       1.5         0
    59/249     4.06G     0.798     0.332         0      1.13        34       416     0.138     0.375     0.138     0.202      1.68       1.5         0
    60/249     4.06G     0.798     0.321         0      1.12        29       416     0.205     0.518     0.279     0.294      1.58      1.49         0
    61/249     4.06G     0.745     0.309         0      1.05        38       416     0.136     0.362     0.139     0.197       1.7      1.49         0
    62/249     4.06G     0.773     0.344         0      1.12        66       416     0.209     0.501      0.28     0.295       1.6      1.48         0
    63/249     4.06G      0.72     0.313         0      1.03        20       416     0.183      0.48     0.251     0.265      1.62       1.5         0
    64/249     4.06G     0.733     0.282         0      1.01        21       416     0.156     0.422     0.201     0.227      1.66       1.5         0
    65/249     4.06G     0.706     0.325         0      1.03        46       416     0.198     0.495     0.275     0.282      1.59      1.48         0
    66/249     4.06G      0.77     0.326         0       1.1        33       416     0.156     0.412     0.194     0.227      1.64      1.48         0
    67/249     4.06G     0.696     0.315         0      1.01        28       416     0.159     0.415     0.198      0.23      1.65      1.48         0
    68/249     4.06G     0.728      0.29         0      1.02        15       416     0.195     0.508     0.281     0.281      1.59      1.49         0
    69/249     4.06G     0.704     0.298         0         1        33       416     0.152     0.401     0.176      0.22      1.66      1.48         0
    70/249     4.06G     0.705     0.316         0      1.02        39       416     0.199     0.501     0.276     0.285      1.57      1.47         0
    71/249     4.06G      0.69     0.333         0      1.02        53       416     0.202      0.51     0.281     0.289      1.57      1.47         0
    72/249     4.06G     0.635     0.288         0     0.922        11       416     0.153      0.43      0.19     0.225      1.64      1.49         0
    73/249     4.06G     0.694     0.295         0     0.989        29       416     0.192     0.508     0.264     0.279       1.6      1.48         0
    74/249     4.06G     0.681     0.294         0     0.974        29       416     0.167     0.446     0.203     0.243      1.63      1.47         0
    75/249     4.06G      0.69     0.276         0     0.966        10       416     0.145      0.41     0.167     0.215      1.65      1.48         0
    76/249     4.06G     0.712     0.305         0      1.02        32       416     0.199     0.504     0.262     0.286       1.6      1.46         0
    77/249     4.06G     0.726     0.289         0      1.01        34       416      0.17      0.43     0.195     0.244      1.65      1.46         0
    78/249     4.06G     0.651     0.282         0     0.933        11       416     0.197     0.499     0.254     0.282      1.59      1.47         0
    79/249     4.06G     0.693     0.281         0     0.974        51       416     0.205     0.488      0.25     0.289      1.61      1.46         0
    80/249     4.06G     0.659     0.281         0     0.941        36       416     0.174      0.44      0.21     0.249      1.65      1.47         0
    81/249     4.06G     0.653     0.288         0     0.942        35       416     0.198     0.507     0.266     0.285       1.6      1.47         0
    82/249     4.06G      0.68     0.294         0     0.974        32       416     0.164     0.432     0.199     0.238      1.67      1.47         0
    83/249     4.06G      0.66     0.297         0     0.957        34       416     0.168     0.434     0.197     0.242      1.67      1.47         0
    84/249     4.06G      0.66     0.311         0     0.972        33       416       0.2     0.502     0.272     0.286      1.59      1.46         0
    85/249     4.06G     0.627     0.279         0     0.906        20       416     0.169     0.443     0.208     0.245      1.63      1.47         0
    86/249     4.06G      0.62     0.273         0     0.894        17       416     0.206     0.519     0.284     0.295      1.57      1.46         0
    87/249     4.06G     0.648     0.263         0     0.911        15       416       0.2     0.516     0.274     0.288      1.57      1.47         0
    88/249     4.06G     0.646     0.265         0     0.911        19       416     0.177     0.452     0.217     0.254       1.6      1.46         0
    89/249     4.06G      0.63     0.268         0     0.898        24       416     0.198     0.516     0.276     0.286      1.58      1.46         0
    90/249     4.06G     0.613      0.26         0     0.873        30       416     0.174     0.455     0.221     0.252      1.63      1.46         0
    91/249     4.06G     0.614     0.279         0     0.892        40       416     0.181     0.449     0.225     0.258      1.65      1.45         0
    92/249     4.06G     0.611     0.282         0     0.893        41       416     0.222      0.53      0.31     0.313      1.58      1.44         0
    93/249     4.06G     0.623      0.28         0     0.903        51       416     0.179     0.446     0.217     0.256      1.66      1.45         0
    94/249     4.06G     0.609     0.269         0     0.879        40       416     0.205     0.508     0.279     0.292      1.61      1.45         0
    95/249     4.06G     0.589     0.254         0     0.843        22       416     0.196     0.481     0.253     0.278      1.65      1.45         0
    96/249     4.06G     0.624     0.279         0     0.903        46       416     0.178     0.432     0.212     0.252      1.66      1.44         0
    97/249     4.06G     0.603     0.264         0     0.866        36       416     0.202     0.498     0.273     0.287      1.58      1.45         0
    98/249     4.06G     0.591      0.25         0     0.841         3       416     0.162     0.425     0.205     0.235      1.67      1.45         0
    99/249     4.06G      0.64     0.266         0     0.906        16       416     0.167     0.426     0.203      0.24      1.65      1.45         0
   100/249     4.06G     0.613     0.264         0     0.876        32       416     0.208     0.501     0.278     0.294      1.61      1.44         0
   101/249     4.06G     0.626     0.254         0      0.88        14       416     0.174     0.441     0.214     0.249      1.65      1.45         0
   102/249     4.06G     0.585     0.262         0     0.847        13       416     0.217     0.514     0.287     0.305       1.6      1.44         0
   103/249     4.06G     0.586     0.267         0     0.853        56       416     0.218     0.499     0.275     0.303      1.59      1.44         0
   104/249     4.06G     0.595     0.257         0     0.853        26       416      0.19     0.462     0.231     0.269      1.64      1.44         0
   105/249     4.06G     0.564     0.249         0     0.813        39       416     0.215     0.495     0.266       0.3      1.63      1.44         0
   106/249     4.06G     0.605     0.268         0     0.873        48       416     0.189     0.443     0.218     0.265      1.67      1.44         0
   107/249     4.06G     0.594     0.268         0     0.861        14       416     0.183     0.454     0.227     0.261      1.64      1.45         0
   108/249     4.06G     0.576     0.275         0     0.852        57       416     0.221     0.493     0.272     0.305      1.63      1.44         0
   109/249     4.06G     0.595     0.269         0     0.865        27       416      0.19     0.457     0.234     0.268      1.66      1.44         0
   110/249     4.06G      0.56     0.258         0     0.819        22       416     0.223     0.519     0.295     0.312      1.61      1.44         0
   111/249     4.06G     0.573     0.247         0     0.819         8       416     0.213      0.52     0.297     0.302      1.63      1.44         0
   112/249     4.06G     0.574     0.251         0     0.825        19       416     0.187     0.462     0.236     0.267      1.67      1.44         0
   113/249     4.06G     0.564     0.259         0     0.823        30       416     0.208     0.502     0.282     0.294      1.62      1.44         0
   114/249     4.06G     0.561     0.272         0     0.833        48       416     0.192     0.462     0.248     0.271      1.65      1.44         0
   115/249     4.06G     0.597     0.256         0     0.852        22       416     0.184     0.468     0.244     0.264      1.66      1.45         0
   116/249     4.06G     0.566     0.246         0     0.812         6       416       0.2     0.522     0.289     0.289      1.62      1.44         0
   117/249     4.06G     0.571     0.254         0     0.826        36       416     0.179     0.448     0.223     0.256      1.68      1.43         0
   118/249     4.06G     0.537     0.258         0     0.795         6       416     0.206     0.515     0.288     0.294      1.63      1.43         0
   119/249     4.06G     0.565     0.253         0     0.819        58       416      0.22      0.52     0.303     0.309      1.62      1.42         0
   120/249     4.06G     0.562     0.243         0     0.806        35       416     0.198     0.475     0.254     0.279      1.67      1.42         0
   121/249     4.06G     0.536      0.25         0     0.786        23       416     0.213     0.514     0.293     0.301      1.66      1.42         0
   122/249     4.06G     0.593     0.259         0     0.852        39       416     0.191     0.456     0.235     0.269      1.71      1.42         0
   123/249     4.06G     0.566     0.236         0     0.802        15       416     0.179     0.453      0.23     0.257      1.67      1.42         0
   124/249     4.06G      0.55     0.248         0     0.798        19       416     0.195     0.508      0.28     0.281      1.66      1.42         0
   125/249     4.06G      0.54      0.25         0     0.789        55       416     0.175     0.442     0.229     0.251      1.68      1.41         0
   126/249     4.06G      0.53     0.255         0     0.785        36       416     0.206     0.503     0.292     0.292      1.64      1.41         0
   127/249     4.06G     0.566     0.251         0     0.817        26       416     0.198     0.505      0.29     0.285      1.65      1.41         0
   128/249     4.06G     0.515     0.229         0     0.744        23       416     0.177     0.466     0.253     0.257      1.66      1.41         0
   129/249     4.06G     0.553     0.234         0     0.787        42       416     0.215     0.531     0.323     0.306      1.63      1.41         0
   130/249     4.06G     0.549      0.25         0     0.798        35       416     0.188     0.481     0.267      0.27      1.67       1.4         0
   131/249     4.06G     0.559     0.223         0     0.782        24       416     0.182     0.481     0.259     0.265      1.67       1.4         0
   132/249     4.06G     0.561      0.26         0     0.821        16       416     0.197      0.52     0.294     0.286      1.62      1.41         0
   133/249     4.06G     0.551     0.239         0      0.79        35       416     0.182     0.485      0.25     0.264      1.64      1.41         0
   134/249     4.06G     0.543     0.245         0     0.788        34       416     0.193     0.516     0.281     0.281      1.63      1.41         0
   135/249     4.06G     0.539     0.227         0     0.765        24       416     0.191     0.522     0.285      0.28      1.64      1.41         0
   136/249     4.06G     0.541     0.234         0     0.774        10       416      0.17     0.488     0.249     0.253      1.66      1.41         0
   137/249     4.06G      0.53     0.233         0     0.763        24       416     0.191     0.515     0.286     0.279      1.62      1.41         0
   138/249     4.06G     0.508     0.238         0     0.746        31       416     0.176     0.465     0.241     0.256      1.64      1.41         0
   139/249     4.06G     0.506     0.222         0     0.729        20       416     0.165     0.436     0.218      0.24      1.69       1.4         0
   140/249     4.06G     0.528     0.243         0     0.771        16       416     0.203      0.52     0.313     0.292      1.62       1.4         0
   141/249     4.06G     0.519     0.221         0      0.74        28       416     0.175     0.456      0.25     0.253      1.69      1.39         0
   142/249     4.06G     0.514     0.239         0     0.753        61       416     0.212     0.513     0.315       0.3      1.62      1.39         0
   143/249     4.06G     0.502      0.24         0     0.742        31       416     0.205     0.503     0.307     0.292      1.64      1.39         0
   144/249     4.06G     0.544     0.247         0     0.791        35       416      0.19     0.469     0.273      0.27      1.66      1.39         0
   145/249     4.06G     0.531     0.237         0     0.767        32       416      0.21     0.515     0.313     0.299      1.64      1.37         0
   146/249     4.06G     0.534     0.243         0     0.778        39       416     0.188     0.452     0.249     0.265      1.69      1.38         0
   147/249     4.06G     0.536     0.262         0     0.798        59       416     0.201     0.463     0.265     0.281      1.66      1.37         0
   148/249     4.06G      0.52     0.246         0     0.766        23       416      0.21     0.507     0.294     0.297      1.65      1.38         0
   149/249     4.06G     0.529     0.247         0     0.776        51       416     0.186     0.452     0.248     0.264      1.67      1.37         0
   150/249     4.06G     0.499     0.224         0     0.723        35       416     0.219     0.524     0.314     0.309      1.64      1.36         0
   151/249     4.06G     0.537     0.239         0     0.776        65       416     0.228     0.518     0.312     0.316      1.66      1.36         0
   152/249     4.06G     0.497     0.221         0     0.718        44       416     0.197     0.469     0.268     0.277       1.7      1.37         0
   153/249     4.06G     0.535     0.234         0     0.768        30       416     0.224     0.527     0.325     0.314      1.64      1.37         0
   154/249     4.06G     0.541     0.227         0     0.768        33       416     0.183     0.468      0.27     0.263       1.7      1.37         0
   155/249     4.06G     0.519     0.221         0     0.741        35       416     0.195     0.481      0.29     0.278      1.66      1.36         0
   156/249     4.06G     0.501     0.229         0      0.73        29       416     0.206     0.515     0.326     0.295      1.65      1.35         0
   157/249     4.06G     0.509      0.23         0      0.74        49       416     0.189     0.476     0.293     0.271      1.69      1.36         0
   158/249     4.06G     0.498     0.224         0     0.722        14       416     0.202     0.534     0.339     0.293      1.64      1.36         0
   159/249     4.06G     0.515     0.219         0     0.734        20       416     0.213     0.563     0.362     0.309       1.6      1.35         0
   160/249     4.06G     0.493     0.235         0     0.728        61       416     0.209     0.493     0.306     0.293      1.65      1.35         0
   161/249     4.06G     0.511     0.221         0     0.732        52       416     0.216     0.548     0.341      0.31      1.62      1.34         0
   162/249     4.06G     0.494     0.211         0     0.706        21       416     0.197     0.522      0.31     0.286      1.64      1.34         0
   163/249     4.06G     0.507     0.221         0     0.727        36       416     0.196     0.514     0.298     0.284      1.63      1.36         0
   164/249     4.06G     0.483     0.218         0     0.701        26       416     0.193     0.503     0.292     0.279      1.64      1.36         0
   165/249     4.06G       0.5     0.217         0     0.717        21       416     0.217     0.545     0.327      0.31      1.61      1.34         0
   166/249     4.06G     0.476     0.213         0     0.689         7       416     0.189     0.485     0.278     0.272      1.66      1.34         0
   167/249     4.06G      0.51     0.223         0     0.733        23       416     0.197      0.48     0.281     0.279      1.67      1.33         0
   168/249     4.06G     0.517     0.225         0     0.742        25       416     0.238     0.551     0.344     0.332       1.6      1.32         0
   169/249     4.06G     0.483     0.223         0     0.705        19       416     0.201     0.498     0.289     0.286      1.63      1.33         0
   170/249     4.06G     0.502     0.205         0     0.707         9       416     0.219     0.551     0.332     0.313      1.63      1.32         0
   171/249     4.06G       0.5     0.227         0     0.727        37       416     0.218      0.54     0.318     0.311      1.63      1.33         0
   172/249     4.06G     0.488     0.224         0     0.713        16       416     0.181      0.47     0.252     0.261      1.67      1.33         0
   173/249     4.06G     0.492     0.209         0     0.701        24       416     0.204     0.525     0.299     0.294      1.65      1.32         0
   174/249     4.06G      0.52     0.229         0     0.749        51       416     0.193     0.469     0.257     0.274      1.66      1.31         0
   175/249     4.06G     0.466     0.213         0     0.678        31       416     0.184     0.473     0.261     0.265      1.66      1.32         0
   176/249     4.06G     0.514     0.216         0      0.73        23       416     0.218     0.537     0.335      0.31       1.6      1.31         0
   177/249     4.06G     0.499     0.223         0     0.722        33       416     0.197     0.485     0.281      0.28      1.66       1.3         0
   178/249     4.06G     0.513     0.216         0     0.729        17       416     0.203     0.533      0.33     0.294       1.6      1.31         0
   179/249     4.06G     0.492     0.217         0     0.708        22       416     0.206     0.542      0.34     0.298       1.6      1.31         0
   180/249     4.06G      0.51      0.21         0     0.719        18       416     0.172     0.468     0.263     0.252      1.65       1.3         0
   181/249     4.06G      0.49     0.225         0     0.715        34       416     0.203     0.522     0.319     0.292      1.62      1.31         0
   182/249     4.06G      0.47      0.21         0      0.68         5       416     0.184     0.496     0.289     0.268      1.64      1.31         0
   183/249     4.06G     0.489     0.231         0      0.72        36       416     0.196     0.493     0.297     0.281      1.64       1.3         0
   184/249     4.06G     0.469     0.215         0     0.683        17       416     0.216     0.536      0.34     0.308      1.63       1.3         0
   185/249     4.06G     0.493     0.215         0     0.708        45       416     0.197     0.486     0.291      0.28      1.66       1.3         0
   186/249     4.06G     0.451     0.212         0     0.663        18       416     0.221     0.551     0.351     0.315      1.62      1.29         0
   187/249     4.06G     0.466     0.205         0     0.671        16       416     0.221     0.546     0.348     0.315      1.62      1.29         0
   188/249     4.06G      0.47     0.212         0     0.682        42       416     0.208     0.505     0.314     0.295      1.65       1.3         0
   189/249     4.06G     0.488     0.223         0     0.711        50       416     0.223     0.533     0.338     0.314      1.62       1.3         0
   190/249     4.06G     0.467     0.228         0     0.696        18       416     0.187     0.487     0.284      0.27      1.66      1.33         0
   191/249     4.06G     0.483     0.224         0     0.706        29       416     0.189     0.481     0.276     0.272      1.66      1.33         0
   192/249     4.06G     0.466      0.22         0     0.686        36       416     0.224     0.549     0.336     0.318      1.63      1.32         0
   193/249     4.06G     0.491     0.198         0      0.69        20       416     0.212     0.534     0.318     0.304      1.63      1.32         0
   194/249     4.06G     0.485     0.223         0     0.708        37       416     0.206     0.525     0.306     0.296      1.64      1.33         0
   195/249     4.06G     0.473     0.212         0     0.685        26       416      0.21     0.535     0.316     0.301      1.63      1.33         0
   196/249     4.06G     0.468     0.209         0     0.677        28       416     0.204     0.531     0.312     0.295      1.62      1.34         0
   197/249     4.06G     0.486     0.214         0       0.7        19       416     0.207     0.534     0.308     0.299      1.64      1.33         0
   198/249     4.06G     0.494     0.205         0     0.698        10       416     0.214     0.543     0.329     0.307      1.64      1.32         0
   199/249     4.06G     0.486     0.209         0     0.695        11       416     0.222     0.559     0.341     0.318      1.62      1.31         0
   200/249     4.06G     0.469     0.204         0     0.673        14       416      0.21     0.532     0.324     0.301      1.64      1.31         0
   201/249     4.06G     0.453     0.208         0      0.66        18       416     0.218     0.544     0.334     0.311      1.63      1.31         0
   202/249     4.06G     0.463     0.207         0     0.669        14       416     0.221     0.547     0.336     0.314      1.62      1.32         0
   203/249     4.06G     0.464     0.218         0     0.681        44       416     0.223     0.542     0.334     0.316      1.62      1.33         0
   204/249     4.06G     0.437     0.197         0     0.634        18       416     0.218     0.545     0.332     0.311      1.62      1.32         0
   205/249     4.06G     0.435     0.209         0     0.644        29       416     0.209     0.525     0.315     0.299      1.63      1.34         0
   206/249     4.06G     0.443     0.193         0     0.635        23       416     0.207     0.538     0.324     0.299      1.64      1.33         0
   207/249     4.06G     0.429     0.208         0     0.637        10       416     0.213     0.548     0.332     0.307      1.63      1.34         0
   208/249     4.06G     0.444     0.222         0     0.666        62       416     0.219     0.529     0.326     0.309      1.63      1.33         0
   209/249     4.06G     0.418      0.21         0     0.628        40       416     0.213     0.533     0.329     0.305      1.63      1.33         0
   210/249     4.06G     0.439     0.202         0     0.641        15       416      0.21     0.544      0.33     0.303      1.62      1.34         0
   211/249     4.06G     0.441     0.205         0     0.646        41       416     0.213     0.544     0.334     0.307      1.63      1.33         0
   212/249     4.06G     0.453     0.199         0     0.652        26       416     0.209     0.536     0.328       0.3      1.65      1.33         0
   213/249     4.06G     0.448     0.202         0     0.649        22       416      0.21     0.548     0.333     0.304      1.63      1.34         0
   214/249     4.06G     0.403      0.18         0     0.583        23       416     0.208     0.544     0.332     0.301      1.63      1.33         0
   215/249     4.06G     0.416     0.208         0     0.624        37       416     0.219     0.535      0.33      0.31      1.63      1.32         0
   216/249     4.06G     0.438       0.2         0     0.638        21       416     0.216     0.549     0.339     0.311      1.63      1.32         0
   217/249     4.06G      0.44     0.209         0     0.648        36       416     0.219     0.547      0.34     0.313      1.62      1.32         0
   218/249     4.06G     0.438     0.198         0     0.636         9       416     0.216     0.549     0.343      0.31      1.63      1.31         0
   219/249     4.06G     0.445     0.223         0     0.668        38       416     0.218     0.536      0.33      0.31      1.64      1.32         0
   220/249     4.06G     0.456     0.218         0     0.674        48       416      0.22     0.535     0.332     0.312      1.63      1.32         0
   221/249     4.06G      0.45     0.196         0     0.646        21       416     0.214     0.547     0.337     0.308      1.63      1.32         0
   222/249     4.06G     0.432     0.207         0     0.639        13       416     0.215     0.542     0.333     0.308      1.63      1.33         0
   223/249     4.06G     0.426     0.208         0     0.634        30       416      0.21      0.54     0.328     0.302      1.63      1.33         0
   224/249     4.06G     0.428     0.202         0      0.63        52       416     0.221     0.546     0.339     0.315      1.63      1.32         0
   225/249     4.06G     0.416     0.201         0     0.618        46       416     0.217     0.545     0.336      0.31      1.63      1.31         0
   226/249     4.06G     0.404     0.192         0     0.596        20       416      0.21     0.542     0.332     0.303      1.64      1.32         0
   227/249     4.06G     0.414     0.206         0     0.619        22       416     0.216      0.54     0.332     0.308      1.63      1.31         0
   228/249     4.06G     0.424     0.207         0     0.631        18       416     0.209     0.536     0.322     0.301      1.63      1.32         0
   229/249     4.06G     0.416     0.201         0     0.617        33       416     0.216     0.543     0.334     0.309      1.63      1.32         0
   230/249     4.06G     0.407      0.22         0     0.627        46       416     0.224     0.545     0.339     0.317      1.63      1.32         0
   231/249     4.06G     0.421     0.208         0     0.628        52       416      0.22     0.547      0.34     0.314      1.63      1.31         0
   232/249     4.06G     0.428     0.206         0     0.633        24       416     0.217     0.544     0.338      0.31      1.63      1.32         0
   233/249     4.06G     0.427     0.218         0     0.645        11       416     0.214     0.537     0.326     0.306      1.63      1.31         0
   234/249     4.06G     0.417     0.205         0     0.622        11       416     0.213     0.545     0.334     0.306      1.63      1.32         0
   235/249     4.06G      0.42     0.185         0     0.604        28       416     0.208     0.542      0.33     0.301      1.64      1.32         0
   236/249     4.06G      0.42     0.223         0     0.643        34       416     0.221     0.536     0.333     0.313      1.64      1.31         0
   237/249     4.06G     0.409     0.206         0     0.616        35       416     0.218     0.547     0.338     0.312      1.63      1.32         0
   238/249     4.06G      0.43     0.225         0     0.655        46       416     0.219     0.531     0.326      0.31      1.64      1.31         0
   239/249     4.06G     0.433     0.212         0     0.645        40       416     0.223     0.547     0.339     0.317      1.63      1.31         0
   240/249     4.06G      0.43     0.227         0     0.657        66       416     0.228     0.535     0.332     0.319      1.63      1.32         0
   241/249     4.06G     0.442     0.201         0     0.644        18       416     0.213     0.547     0.335     0.306      1.63      1.31         0
   242/249     4.06G     0.427     0.211         0     0.638        21       416     0.213     0.537     0.324     0.305      1.63      1.33         0
   243/249     4.06G      0.41     0.226         0     0.636        49       416     0.229     0.538     0.336     0.321      1.63      1.32         0
   244/249     4.06G      0.42     0.207         0     0.628        29       416     0.216     0.548     0.337      0.31      1.63      1.32         0
   245/249     4.06G      0.42       0.2         0      0.62        59       416     0.219     0.543     0.337     0.312      1.63      1.32         0
   246/249     4.06G     0.403     0.205         0     0.608        22       416     0.215     0.544     0.335     0.308      1.63      1.32         0
   247/249     4.06G     0.441     0.208         0     0.649        27       416     0.219     0.542     0.336     0.312      1.63      1.32         0
   248/249     4.06G     0.404     0.193         0     0.597         4       416     0.215     0.552      0.34      0.31      1.63      1.31         0
   249/249     4.06G     0.409     0.203         0     0.611        25       416     0.165     0.534     0.321     0.252      1.64      1.33         0
