     0/249     2.66G      2.22      1.58         0       3.8       175       320         0         0         0         0      2.09      1.99         0
     1/249     2.66G      2.14      1.71         0      3.85       223       320         0         0         0         0      1.99      1.93         0
     2/249     2.66G      2.04      1.56         0       3.6       191       320         0         0         0         0      2.03      1.87         0
     3/249     2.66G      2.09      1.46         0      3.55       139       320         0         0         0         0      1.99      1.83         0
     4/249     2.66G      1.91      1.39         0      3.31       165       320     0.105   0.00436  0.000775   0.00837      2.03      1.75         0
     5/249     2.66G      1.96      1.36         0      3.32       156       320     0.151     0.157    0.0288     0.154      2.02      1.64         0
     6/249     2.66G       1.9      1.06         0      2.97       184       320    0.0832     0.461    0.0834     0.141         2      1.59         0
     7/249     2.66G      1.82         1         0      2.82       168       320    0.0939     0.513     0.113     0.159       1.9      1.57         0
     8/249     2.66G      1.79      1.01         0       2.8       191       320      0.12     0.623     0.178     0.201      1.84      1.58         0
     9/249     2.66G      1.62     0.962         0      2.58       185       320     0.134     0.652     0.206     0.222      1.74      1.54         0
    10/249     2.66G       1.6     0.945         0      2.55       214       320     0.162     0.678     0.259     0.261       1.7       1.5         0
    11/249     2.66G      1.59     0.822         0      2.41       165       320     0.188     0.684     0.286     0.295      1.68      1.46         0
    12/249     2.66G      1.52     0.841         0      2.37       194       320     0.219     0.692     0.314     0.333      1.64      1.41         0
    13/249     2.66G      1.46     0.762         0      2.22       175       320     0.241     0.705     0.361     0.359      1.63      1.38         0
    14/249     2.66G      1.49     0.759         0      2.25       176       320     0.248     0.724      0.41     0.369      1.54      1.36         0
    15/249     2.66G      1.38     0.755         0      2.13       172       320     0.253     0.741     0.441     0.377      1.53      1.35         0
    16/249     2.66G      1.29     0.756         0      2.05       152       320     0.274     0.753     0.494     0.401      1.48      1.33         0
    17/249     2.66G      1.26     0.685         0      1.95       222       320     0.281     0.766     0.519     0.412      1.44      1.32         0
    18/249     2.66G      1.29     0.677         0      1.97       193       320     0.292     0.789     0.562     0.426      1.42      1.32         0
    19/249     2.66G      1.22      0.66         0      1.88       165       320     0.299     0.789     0.566     0.434      1.38      1.31         0
    20/249     2.66G      1.24     0.661         0       1.9       192       320     0.318     0.789     0.578     0.453      1.39      1.29         0
    21/249     2.66G      1.17     0.637         0       1.8       125       320     0.339     0.803     0.618     0.477      1.34      1.28         0
    22/249     2.66G      1.07     0.629         0       1.7       184       320      0.36     0.805     0.633     0.498      1.32      1.27         0
    23/249     2.66G      1.07     0.648         0      1.72       179       320      0.37     0.798     0.632     0.506      1.32      1.27         0
    24/249     2.66G      1.05     0.594         0      1.64       197       320     0.378     0.801     0.651     0.514       1.3      1.26         0
    25/249     2.66G      1.05      0.59         0      1.64       191       320     0.389     0.816     0.671     0.527      1.27      1.25         0
    26/249     2.66G     0.943     0.542         0      1.49       192       320       0.4      0.82     0.684     0.538      1.29      1.24         0
    27/249     2.66G      0.95     0.603         0      1.55       189       320     0.435     0.814     0.687     0.567      1.27      1.23         0
    28/249     2.66G         1     0.559         0      1.56       209       320     0.432      0.81     0.677     0.564      1.27      1.22         0
    29/249     2.66G     0.949     0.516         0      1.46       227       320     0.413     0.832     0.704     0.552      1.23      1.22         0
    30/249     2.66G     0.976     0.528         0       1.5       212       320     0.422     0.813     0.683     0.556      1.26      1.21         0
    31/249     2.66G     0.935     0.516         0      1.45       190       320      0.44     0.827     0.704     0.575      1.26      1.21         0
    32/249     2.66G     0.921       0.5         0      1.42       188       320     0.427     0.826     0.703     0.563      1.25      1.21         0
    33/249     2.66G     0.944     0.475         0      1.42       240       320     0.437     0.813     0.689     0.569      1.25       1.2         0
    34/249     2.66G     0.935     0.484         0      1.42       134       320     0.481     0.853     0.746     0.615      1.22       1.2         0
    35/249     2.66G     0.908     0.484         0      1.39       220       320     0.498     0.857     0.752     0.629      1.21       1.2         0
    36/249     2.66G     0.883     0.479         0      1.36       209       320     0.419     0.771     0.629     0.543      1.34      1.19         0
    37/249     2.66G     0.904     0.482         0      1.39       187       320     0.491      0.87     0.767     0.628      1.19      1.19         0
    38/249     2.66G     0.909     0.471         0      1.38       205       320     0.403     0.767     0.615     0.529       1.3      1.19         0
    39/249     2.66G     0.853      0.43         0      1.28       157       320      0.41       0.8     0.663     0.542      1.29      1.19         0
    40/249     2.66G     0.878     0.471         0      1.35       194       320     0.493     0.867     0.758     0.628      1.21      1.18         0
    41/249     2.66G     0.839     0.433         0      1.27       211       320     0.424     0.794     0.661     0.553      1.28      1.18         0
    42/249     2.66G     0.838     0.454         0      1.29       183       320     0.496     0.877     0.775     0.633      1.16      1.17         0
    43/249     2.66G     0.812     0.424         0      1.24       153       320     0.483     0.884     0.782     0.624      1.17      1.18         0
    44/249     2.66G     0.836     0.441         0      1.28       209       320     0.441      0.81     0.687     0.571      1.25      1.17         0
    45/249     2.66G     0.819     0.438         0      1.26       107       320      0.49     0.884     0.786      0.63      1.18      1.16         0
    46/249     2.66G     0.772     0.428         0       1.2       232       320     0.467     0.825     0.713     0.596      1.26      1.15         0
    47/249     2.66G     0.768     0.435         0       1.2       176       320     0.447     0.808     0.689     0.576      1.24      1.15         0
    48/249     2.66G     0.763     0.409         0      1.17       144       320     0.485     0.878     0.778     0.625      1.16      1.15         0
    49/249     2.66G     0.798     0.418         0      1.22       181       320     0.451     0.826     0.712     0.583      1.24      1.15         0
    50/249     2.66G     0.811      0.43         0      1.24       176       320     0.496     0.885     0.789     0.636      1.13      1.15         0
    51/249     2.66G     0.792     0.427         0      1.22       168       320       0.5     0.883     0.787     0.638      1.16      1.15         0
    52/249     2.66G     0.777     0.395         0      1.17       148       320     0.421     0.812      0.68     0.554      1.28      1.16         0
    53/249     2.66G      0.74     0.422         0      1.16       166       320      0.49     0.879      0.77     0.629      1.15      1.15         0
    54/249     2.66G     0.791     0.389         0      1.18       244       320     0.432     0.827     0.693     0.567      1.21      1.16         0
    55/249     2.66G     0.748     0.423         0      1.17       176       320     0.464      0.84     0.722     0.598      1.21      1.15         0
    56/249     2.66G      0.78     0.385         0      1.17       146       320     0.481     0.886     0.777     0.623      1.13      1.15         0
    57/249     2.66G     0.761     0.389         0      1.15       200       320     0.469     0.837     0.717     0.602      1.23      1.14         0
    58/249     2.66G     0.714      0.39         0       1.1       160       320     0.513      0.89     0.789     0.651      1.11      1.14         0
    59/249     2.66G     0.733     0.407         0      1.14       195       320     0.525     0.885     0.785     0.659      1.15      1.13         0
    60/249     2.66G     0.746     0.365         0      1.11       177       320     0.486     0.842     0.726     0.616      1.19      1.14         0
    61/249     2.66G     0.713     0.393         0      1.11       163       320      0.53     0.883     0.782     0.663      1.13      1.13         0
    62/249     2.66G     0.723     0.366         0      1.09       216       320     0.473     0.842     0.721     0.605      1.23      1.14         0
    63/249     2.66G     0.731     0.383         0      1.11       158       320     0.472     0.849     0.727     0.607      1.19      1.14         0
    64/249     2.66G      0.69      0.39         0      1.08       195       320     0.496     0.886      0.78     0.636      1.14      1.14         0
    65/249     2.66G      0.74     0.382         0      1.12       251       320     0.451     0.829     0.699     0.584      1.22      1.14         0
    66/249     2.66G     0.708     0.365         0      1.07       183       320     0.488     0.897     0.791     0.632      1.13      1.14         0
    67/249     2.66G     0.736     0.373         0      1.11       252       320     0.491     0.893     0.787     0.633      1.14      1.13         0
    68/249     2.66G     0.678     0.383         0      1.06       177       320     0.461     0.859     0.737       0.6       1.2      1.13         0
    69/249     2.66G      0.68     0.368         0      1.05       161       320     0.486       0.9     0.795     0.631      1.14      1.12         0
    70/249     2.66G     0.679     0.372         0      1.05       171       320     0.442     0.845     0.723     0.581      1.22      1.12         0
    71/249     2.66G     0.686      0.38         0      1.07       197       320     0.474     0.863      0.75     0.612      1.21      1.12         0
    72/249     2.66G     0.691     0.362         0      1.05       204       320     0.497     0.894     0.792     0.639      1.15      1.12         0
    73/249     2.66G     0.683     0.359         0      1.04       191       320     0.468     0.861     0.747     0.606      1.19      1.12         0
    74/249     2.66G     0.684     0.373         0      1.06       186       320     0.504     0.894     0.794     0.644      1.14      1.11         0
    75/249     2.66G     0.708      0.37         0      1.08       194       320     0.504     0.894     0.795     0.645      1.14      1.11         0
    76/249     2.66G     0.653     0.348         0         1       141       320     0.485     0.886     0.783     0.627      1.14      1.12         0
    77/249     2.66G     0.651     0.359         0      1.01       171       320     0.531     0.906     0.814      0.67       1.1      1.11         0
    78/249     2.66G     0.665      0.35         0      1.02       170       320     0.505     0.874     0.774      0.64      1.16       1.1         0
    79/249     2.66G     0.694     0.345         0      1.04       177       320     0.498     0.863     0.757     0.631      1.16       1.1         0
    80/249     2.66G     0.664     0.339         0         1       198       320     0.533     0.905     0.816     0.671       1.1      1.09         0
    81/249     2.66G     0.676     0.365         0      1.04       204       320     0.507     0.866      0.76      0.64      1.16      1.08         0
    82/249     2.66G     0.656     0.351         0      1.01       240       320     0.537     0.903     0.816     0.673      1.11      1.08         0
    83/249     2.66G     0.674     0.329         0         1       192       320     0.528     0.908     0.819     0.668      1.13      1.08         0
    84/249     2.66G     0.671     0.353         0      1.02       267       320     0.526     0.878      0.78     0.658      1.19      1.07         0
    85/249     2.66G     0.643     0.327         0      0.97       210       320      0.54     0.919     0.834      0.68      1.09      1.07         0
    86/249     2.66G     0.692     0.344         0      1.04       239       320     0.519     0.879     0.784     0.653      1.16      1.06         0
    87/249     2.66G     0.651      0.33         0     0.981       183       320     0.523     0.887     0.797     0.658      1.17      1.06         0
    88/249     2.66G     0.633     0.332         0     0.966       177       320     0.546      0.91     0.829     0.682       1.1      1.06         0
    89/249     2.66G     0.666     0.346         0      1.01       236       320     0.528     0.874     0.782     0.658       1.2      1.07         0
    90/249     2.66G     0.612     0.318         0      0.93       228       320     0.543     0.913      0.83     0.681      1.09      1.07         0
    91/249     2.66G     0.656     0.337         0     0.993       240       320     0.541     0.911     0.828     0.679      1.11      1.07         0
    92/249     2.66G     0.627     0.337         0     0.964       191       320      0.52     0.897     0.805     0.659      1.14      1.07         0
    93/249     2.66G     0.632     0.338         0     0.971       168       320      0.52     0.906     0.815     0.661      1.13      1.07         0
    94/249     2.66G     0.647     0.327         0     0.974       140       320     0.507     0.887     0.788     0.646      1.19      1.07         0
    95/249     2.66G     0.612     0.341         0     0.953       191       320     0.512     0.889     0.792      0.65      1.17      1.07         0
    96/249     2.66G     0.603     0.336         0     0.939       197       320     0.517     0.908     0.816     0.659      1.11      1.07         0
    97/249     2.66G     0.657     0.323         0      0.98       168       320     0.488     0.897     0.799     0.632      1.17      1.08         0
    98/249     2.66G      0.62     0.331         0     0.951       201       320     0.513     0.911     0.824     0.656      1.15      1.07         0
    99/249     2.66G     0.615     0.311         0     0.926       154       320      0.52     0.912     0.825     0.662      1.12      1.07         0
   100/249     2.66G     0.589     0.357         0     0.946       182       320     0.524     0.899     0.809     0.662      1.17      1.06         0
   101/249     2.66G     0.586     0.323         0     0.908       189       320     0.533     0.912     0.829     0.673      1.12      1.06         0
   102/249     2.66G     0.602     0.306         0     0.908       135       320     0.513     0.896     0.809     0.652      1.17      1.06         0
   103/249     2.66G     0.577     0.322         0     0.899       214       320     0.522     0.881     0.795     0.655      1.19      1.05         0
   104/249     2.66G     0.583     0.313         0     0.896       173       320     0.556     0.913     0.835     0.691      1.11      1.05         0
   105/249     2.66G     0.576       0.3         0     0.876       170       320     0.517     0.884     0.798     0.652       1.2      1.05         0
   106/249     2.66G     0.598     0.321         0     0.919       142       320     0.558     0.911     0.835     0.692       1.1      1.05         0
   107/249     2.66G     0.586      0.32         0     0.906       159       320     0.564     0.919     0.844     0.699      1.15      1.05         0
   108/249     2.66G      0.58      0.34         0      0.92       208       320     0.541     0.896     0.812     0.675      1.13      1.06         0
   109/249     2.66G      0.56     0.313         0     0.873       145       320      0.54     0.925     0.845     0.682      1.09      1.07         0
   110/249     2.66G     0.604     0.331         0     0.934       167       320     0.525     0.895     0.802     0.662      1.15      1.07         0
   111/249     2.66G     0.578     0.309         0     0.886       177       320     0.505     0.875     0.769     0.641      1.19      1.06         0
   112/249     2.66G     0.584     0.329         0     0.912       173       320     0.545     0.922     0.838     0.685      1.09      1.06         0
   113/249     2.66G     0.593     0.312         0     0.905       211       320     0.537     0.897     0.802     0.672      1.13      1.05         0
   114/249     2.66G     0.569     0.325         0     0.894       190       320     0.564     0.922     0.841       0.7       1.1      1.05         0
   115/249     2.66G     0.558     0.318         0     0.877       206       320      0.55      0.92     0.836     0.689      1.09      1.05         0
   116/249     2.66G     0.531     0.306         0     0.837       141       320     0.515     0.899     0.804     0.655      1.13      1.06         0
   117/249     2.66G     0.547      0.32         0     0.867       154       320     0.556     0.917     0.833     0.693      1.12      1.05         0
   118/249     2.66G     0.588     0.317         0     0.905       212       320     0.556     0.909     0.823      0.69       1.1      1.04         0
   119/249     2.66G     0.564     0.304         0     0.868       179       320     0.543       0.9     0.816     0.677      1.12      1.03         0
   120/249     2.66G     0.555     0.299         0     0.854       175       320     0.579     0.926     0.853     0.712      1.07      1.02         0
   121/249     2.66G     0.552     0.294         0     0.846       191       320     0.557     0.897     0.816     0.687      1.14      1.01         0
   122/249     2.66G     0.535     0.311         0     0.847       175       320     0.592     0.922     0.855     0.721       1.1      1.01         0
   123/249     2.66G     0.529     0.294         0     0.823       205       320     0.566     0.917     0.844       0.7      1.12      1.01         0
   124/249     2.66G     0.598     0.303         0     0.901       167       320     0.553     0.905     0.829     0.687      1.14      1.02         0
   125/249     2.66G     0.561     0.308         0     0.869       156       320      0.56     0.915     0.844     0.695      1.12      1.02         0
   126/249     2.66G     0.543     0.295         0     0.838       177       320     0.556     0.912     0.845      0.69      1.11      1.01         0
   127/249     2.66G     0.546     0.308         0     0.854       188       320     0.556     0.909     0.835      0.69      1.13      1.01         0
   128/249     2.66G     0.562     0.318         0      0.88       196       320     0.573     0.915     0.846     0.705      1.09      1.01         0
   129/249     2.66G     0.522     0.306         0     0.829       134       320     0.556     0.913     0.844     0.691      1.14         1         0
   130/249     2.66G     0.546     0.285         0     0.831       189       320     0.535     0.918     0.842     0.676      1.13      1.01         0
   131/249     2.66G     0.538     0.307         0     0.845       164       320     0.549      0.92     0.851     0.688       1.1         1         0
   132/249     2.66G     0.563     0.301         0     0.864       234       320     0.538     0.903     0.825     0.674      1.15         1         0
   133/249     2.66G     0.517     0.289         0     0.805       184       320     0.558     0.922     0.852     0.695      1.11     0.999         0
   134/249     2.66G     0.522     0.288         0      0.81       228       320     0.548     0.904     0.824     0.682      1.16     0.995         0
   135/249     2.66G     0.535     0.292         0     0.827       176       320     0.537     0.899     0.814     0.672      1.15         1         0
   136/249     2.66G     0.528     0.287         0     0.815       174       320     0.542     0.917     0.841     0.681      1.07      1.01         0
   137/249     2.66G     0.552      0.29         0     0.842       184       320     0.535     0.903     0.821     0.672      1.13         1         0
   138/249     2.66G     0.561     0.299         0      0.86       183       320     0.551     0.917     0.843     0.689      1.09         1         0
   139/249     2.66G      0.51     0.278         0     0.788       185       320     0.555     0.919     0.848     0.692      1.09     0.995         0
   140/249     2.66G     0.555     0.307         0     0.863       203       320     0.565     0.912     0.839     0.698      1.13      0.99         0
   141/249     2.66G     0.534     0.285         0      0.82       193       320     0.566     0.927     0.858     0.703      1.07     0.995         0
   142/249     2.66G     0.504     0.276         0      0.78       191       320      0.56     0.911     0.841     0.693      1.14     0.993         0
   143/249     2.66G     0.554     0.287         0     0.842       157       320     0.564     0.907     0.833     0.696      1.14     0.991         0
   144/249     2.66G      0.53     0.295         0     0.825       187       320     0.595     0.924      0.86     0.724      1.08     0.988         0
   145/249     2.66G     0.515     0.282         0     0.797       203       320     0.576     0.911     0.841     0.706      1.15     0.981         0
   146/249     2.66G     0.535     0.294         0     0.829       175       320     0.581     0.928     0.861     0.715       1.1      0.98         0
   147/249     2.66G     0.525     0.269         0     0.794       181       320     0.576     0.928     0.859     0.711       1.1     0.985         0
   148/249     2.66G     0.529     0.285         0     0.814       162       320     0.568     0.923     0.853     0.703      1.13     0.984         0
   149/249     2.66G     0.535     0.278         0     0.813       129       320     0.584     0.931     0.868     0.718      1.09     0.979         0
   150/249     2.66G     0.513     0.285         0     0.798       192       320      0.57     0.914     0.843     0.702      1.11     0.985         0
   151/249     2.66G     0.494     0.283         0     0.777       199       320     0.563     0.918     0.845     0.698      1.12     0.991         0
   152/249     2.66G     0.545     0.286         0     0.832       184       320     0.583     0.936      0.87     0.718      1.07     0.991         0
   153/249     2.66G     0.511      0.26         0     0.771       192       320     0.566     0.915     0.843     0.699      1.15     0.995         0
   154/249     2.66G     0.497      0.27         0     0.766       154       320     0.583     0.929      0.86     0.716       1.1     0.988         0
   155/249     2.66G     0.473     0.281         0     0.755       168       320     0.585     0.921     0.855     0.715      1.12     0.988         0
   156/249     2.66G     0.512     0.269         0     0.781       194       320     0.574     0.913     0.843     0.705      1.14     0.983         0
   157/249     2.66G     0.483     0.281         0     0.764       162       320     0.577     0.927     0.862     0.711      1.07     0.983         0
   158/249     2.66G     0.506     0.285         0     0.792       219       320     0.566     0.911     0.842     0.698      1.15     0.978         0
   159/249     2.66G     0.512      0.28         0     0.791       222       320     0.575     0.911     0.842     0.705      1.13      0.97         0
   160/249     2.66G     0.519     0.264         0     0.783       178       320     0.587     0.932     0.872      0.72      1.09     0.969         0
   161/249     2.66G     0.532     0.297         0     0.829       188       320     0.576     0.919     0.849     0.708      1.09     0.972         0
   162/249     2.66G     0.519     0.263         0     0.781       190       320     0.578     0.933      0.87     0.713       1.1     0.963         0
   163/249     2.66G     0.521     0.271         0     0.792       217       320     0.589     0.931     0.871     0.722       1.1     0.962         0
   164/249     2.66G     0.461     0.268         0     0.729       134       320     0.579     0.933     0.871     0.714       1.1     0.964         0
   165/249     2.66G     0.478     0.289         0     0.767       228       320     0.602     0.928     0.864     0.731      1.09      0.96         0
   166/249     2.66G     0.498     0.283         0     0.781       228       320       0.6     0.929     0.867     0.729       1.1     0.962         0
   167/249     2.66G     0.512     0.293         0     0.805       193       320      0.61     0.919     0.854     0.733      1.14     0.962         0
   168/249     2.66G     0.501     0.273         0     0.774       121       320     0.595     0.935     0.877     0.727      1.08     0.976         0
   169/249     2.66G     0.484     0.286         0      0.77       224       320      0.59      0.92     0.855     0.719      1.14     0.972         0
   170/249     2.66G     0.534     0.274         0     0.808       158       320     0.607     0.937     0.878     0.737      1.08     0.966         0
   171/249     2.66G      0.48      0.26         0      0.74       147       320       0.6     0.934     0.875     0.731       1.1     0.965         0
   172/249     2.66G     0.508     0.272         0      0.78       162       320     0.586     0.927     0.862     0.718      1.11     0.964         0
   173/249     2.66G     0.488     0.265         0     0.753       157       320     0.603     0.942     0.887     0.735      1.08     0.963         0
   174/249     2.66G     0.487     0.262         0     0.749       179       320     0.598     0.927     0.865     0.727      1.12     0.963         0
   175/249     2.66G     0.471     0.266         0     0.736       136       320       0.6     0.924     0.863     0.728      1.13     0.958         0
   176/249     2.66G     0.494     0.279         0     0.773       173       320     0.633      0.94      0.89     0.756       1.1      0.96         0
   177/249     2.66G     0.514     0.262         0     0.776       200       320     0.594     0.919     0.853     0.722      1.14     0.955         0
   178/249     2.66G     0.526     0.289         0     0.815       164       320     0.626     0.942      0.89     0.752      1.06     0.948         0
   179/249     2.66G      0.51     0.268         0     0.778       178       320     0.603     0.937     0.879     0.733      1.06     0.947         0
   180/249     2.66G     0.494     0.258         0     0.751       195       320     0.585     0.924     0.861     0.717      1.13     0.934         0
   181/249     2.66G      0.48     0.257         0     0.737       187       320     0.612     0.943     0.889     0.742      1.06     0.929         0
   182/249     2.66G     0.484     0.262         0     0.746       209       320     0.589     0.926     0.862      0.72      1.14     0.928         0
   183/249     2.66G     0.495     0.259         0     0.755       175       320     0.587     0.925     0.863     0.718      1.12     0.923         0
   184/249     2.66G     0.463     0.252         0     0.715       158       320     0.602     0.943     0.887     0.734      1.07     0.926         0
   185/249     2.66G     0.497      0.24         0     0.737       199       320     0.595     0.926     0.863     0.725       1.1     0.912         0
   186/249     2.66G     0.466     0.261         0     0.727       153       320     0.618     0.935     0.875     0.744      1.09      0.92         0
   187/249     2.66G     0.482     0.265         0     0.747       178       320     0.637     0.935     0.877     0.758       1.1     0.924         0
   188/249     2.66G     0.491     0.256         0     0.747       145       320     0.612      0.93     0.873     0.739      1.08     0.927         0
   189/249     2.66G     0.471     0.252         0     0.723       134       320     0.613     0.935     0.877      0.74       1.1     0.933         0
   190/249     2.66G     0.476     0.257         0     0.732       188       320     0.613     0.926     0.862     0.737      1.13     0.946         0
   191/249     2.66G     0.493     0.256         0     0.748       200       320     0.639     0.924     0.865     0.756       1.1     0.941         0
   192/249     2.66G     0.446     0.271         0     0.717       174       320     0.633     0.934     0.876     0.755      1.09     0.952         0
   193/249     2.66G     0.489     0.244         0     0.733       153       320       0.6      0.92     0.856     0.727      1.11     0.955         0
   194/249     2.66G     0.475     0.266         0     0.741       208       320     0.618     0.925     0.863     0.741      1.12     0.947         0
   195/249     2.66G     0.483     0.251         0     0.734       169       320     0.617     0.929     0.867     0.741      1.07     0.952         0
   196/249     2.66G      0.45     0.255         0     0.705       235       320     0.608     0.918     0.851     0.732      1.12     0.949         0
   197/249     2.66G     0.485     0.249         0     0.734       203       320     0.631      0.94     0.884     0.755      1.08     0.943         0
   198/249     2.66G     0.445      0.27         0     0.715       156       320     0.637     0.932     0.876     0.756       1.1     0.951         0
   199/249     2.66G     0.462     0.268         0      0.73       226       320      0.64      0.93     0.874     0.758      1.09     0.945         0
   200/249     2.66G     0.439     0.234         0     0.673       153       320      0.62     0.939     0.881     0.747      1.07     0.937         0
   201/249     2.66G     0.418     0.246         0     0.664       119       320     0.627     0.934     0.879      0.75      1.08     0.938         0
   202/249     2.66G     0.464     0.248         0     0.711       216       320     0.632     0.934      0.88     0.754      1.08     0.942         0
   203/249     2.66G     0.469     0.249         0     0.718       167       320     0.632     0.937     0.881     0.755      1.08     0.936         0
   204/249     2.66G      0.45     0.252         0     0.702       194       320     0.628     0.935      0.88     0.752      1.07     0.941         0
   205/249     2.66G     0.449     0.256         0     0.705       203       320     0.633     0.935      0.88     0.755      1.08      0.94         0
   206/249     2.66G     0.455     0.245         0     0.699       159       320      0.63     0.935     0.879     0.753      1.08     0.938         0
   207/249     2.66G     0.425     0.266         0     0.691       217       320     0.631     0.933     0.879     0.752      1.08     0.941         0
   208/249     2.66G     0.434     0.263         0     0.697       216       320     0.639     0.934      0.88     0.758      1.07     0.937         0
   209/249     2.66G     0.451     0.248         0     0.699       205       320     0.634     0.933     0.879     0.755      1.07      0.94         0
   210/249     2.66G     0.426     0.249         0     0.675       148       320      0.63     0.934     0.879     0.752      1.08      0.94         0
   211/249     2.66G     0.453     0.271         0     0.724       164       320     0.639     0.937     0.881      0.76      1.07     0.936         0
   212/249     2.66G     0.429     0.254         0     0.683       150       320     0.633     0.939     0.882     0.756      1.07     0.934         0
   213/249     2.66G     0.428     0.255         0     0.683       173       320      0.64     0.934     0.881      0.76      1.08     0.931         0
   214/249     2.66G     0.403     0.261         0     0.664       184       320     0.636     0.932     0.878     0.756      1.09     0.931         0
   215/249     2.66G     0.428     0.248         0     0.676       177       320      0.62     0.932     0.877     0.744      1.08     0.937         0
   216/249     2.66G     0.432     0.249         0     0.681       198       320     0.632     0.935      0.88     0.754      1.08     0.933         0
   217/249     2.66G     0.417     0.235         0     0.652       161       320     0.621     0.937     0.879     0.747      1.07     0.928         0
   218/249     2.66G      0.42     0.241         0     0.661       192       320     0.639     0.934     0.879     0.759      1.08      0.93         0
   219/249     2.66G     0.442     0.246         0     0.687       239       320     0.625     0.935     0.879     0.749      1.08     0.927         0
   220/249     2.66G     0.423     0.238         0     0.661       214       320     0.621     0.935     0.878     0.746      1.08     0.929         0
   221/249     2.66G     0.454     0.267         0     0.721       211       320     0.632     0.934     0.878     0.754      1.08     0.932         0
   222/249     2.66G     0.432      0.26         0     0.691       210       320     0.637     0.934     0.879     0.757      1.08     0.932         0
   223/249     2.66G     0.415      0.25         0     0.665       197       320     0.628     0.937     0.879     0.752      1.07     0.931         0
   224/249     2.66G     0.428     0.241         0     0.669       211       320     0.627     0.934     0.878      0.75      1.07     0.929         0
   225/249     2.66G     0.409     0.241         0      0.65       202       320     0.629     0.936     0.878     0.753      1.07     0.931         0
   226/249     2.66G     0.427     0.249         0     0.675       235       320     0.636     0.937     0.879     0.758      1.07     0.924         0
   227/249     2.66G     0.422     0.254         0     0.675       183       320     0.634     0.936     0.879     0.756      1.07     0.931         0
   228/249     2.66G     0.449     0.259         0     0.708       139       320     0.639     0.936      0.88      0.76      1.07     0.929         0
   229/249     2.66G     0.418     0.247         0     0.665       120       320     0.617     0.934     0.876     0.743      1.08     0.931         0
   230/249     2.66G     0.418     0.246         0     0.664       245       320     0.631     0.936     0.878     0.754      1.08     0.933         0
   231/249     2.66G     0.428     0.243         0     0.672       161       320     0.624     0.934     0.877     0.748      1.08     0.934         0
   232/249     2.66G     0.427     0.251         0     0.678       131       320     0.623     0.935     0.877     0.748      1.08     0.928         0
   233/249     2.66G     0.431     0.248         0     0.679       157       320     0.623     0.936     0.878     0.748      1.08     0.927         0
   234/249     2.66G     0.425     0.255         0     0.681       225       320     0.635     0.937     0.879     0.757      1.08     0.927         0
   235/249     2.66G     0.439     0.251         0      0.69       164       320     0.634     0.938     0.879     0.757      1.08     0.921         0
   236/249     2.66G     0.431      0.25         0     0.681       239       320     0.634     0.935     0.878     0.756      1.08     0.931         0
   237/249     2.66G     0.421     0.257         0     0.678       165       320     0.626     0.935     0.878      0.75      1.08     0.928         0
   238/249     2.66G     0.409     0.247         0     0.655       160       320     0.621     0.933     0.876     0.745      1.08     0.931         0
   239/249     2.66G     0.423     0.252         0     0.675       190       320     0.636     0.935     0.879     0.757      1.08     0.931         0
   240/249     2.66G     0.421     0.245         0     0.666       164       320     0.618     0.937     0.878     0.745      1.08     0.934         0
   241/249     2.66G     0.407     0.233         0      0.64       151       320      0.62     0.939     0.879     0.747      1.08     0.925         0
   242/249     2.66G     0.426     0.251         0     0.677       207       320      0.63     0.936     0.879     0.753      1.08     0.932         0
   243/249     2.66G     0.403     0.229         0     0.632       221       320     0.624     0.937     0.878     0.749      1.08     0.927         0
   244/249     2.66G     0.413     0.236         0     0.648       130       320     0.617     0.933     0.875     0.743      1.08     0.928         0
   245/249     2.66G     0.435     0.257         0     0.692       216       320     0.632     0.935     0.879     0.754      1.08     0.932         0
   246/249     2.66G     0.433      0.25         0     0.683       124       320     0.623     0.933     0.876     0.747      1.08     0.927         0
   247/249     2.66G     0.416     0.251         0     0.667       151       320     0.622     0.932     0.875     0.746      1.08     0.931         0
   248/249     2.66G     0.413     0.245         0     0.658       164       320     0.618     0.937     0.878     0.745      1.07     0.926         0
   249/249     2.66G     0.408     0.252         0      0.66       202       320     0.418     0.938     0.877     0.578      1.08     0.931         0
