     0/249     4.02G      2.08      29.5         0      31.5       203       416         0         0         0         0      3.26       nan         0
     1/249     4.02G      2.08      28.6         0      30.7       286       416         0         0         0         0      3.26       nan         0
     2/249     4.02G      2.06      27.3         0      29.4       230       416         0         0         0         0      3.26       nan         0
     3/249     4.02G       2.1      25.6         0      27.7       185       416  0.000729   0.00456  0.000185   0.00126      2.02        25         0
     4/249     4.02G      2.09      23.6         0      25.7       226       416  0.000784   0.00495  0.000769   0.00135      2.01      22.8         0
     5/249     4.02G      2.07      21.5         0      23.6       196       416  0.000794   0.00475  0.000114   0.00136      1.99      20.4         0
     6/249     4.02G      2.03      19.3         0      21.3       225       416   0.00129   0.00733     5e-05   0.00219      1.98      17.9         0
     7/249     4.02G      2.02        17         0      19.1       196       416   0.00194    0.0109  8.13e-05   0.00329      1.96      16.3         0
     8/249     4.02G      1.95      14.9         0      16.8       231       416   0.00331    0.0178   0.00205   0.00559      1.95        14         0
     9/249     4.02G      1.91      12.8         0      14.7       224       416   0.00598    0.0307   0.00221      0.01      1.93      11.9         0
    10/249     4.02G      1.91      10.9         0      12.8       265       416    0.0135    0.0721   0.00303    0.0228      1.91      9.95         0
    11/249     4.02G      1.87      9.15         0        11       184       416    0.0186     0.103   0.00227    0.0315       1.9      8.79         0
    12/249     4.02G      1.72      7.63         0      9.35       225       416    0.0268     0.153    0.0065    0.0455      1.89      7.24         0
    13/249     4.02G      1.72       6.3         0      8.02       203       416    0.0326     0.185   0.00941    0.0554      1.88      5.95         0
    14/249     4.02G      1.71      5.21         0      6.92       206       416    0.0373     0.205   0.00965    0.0631      1.88      4.89         0
    15/249     4.02G      1.69      4.28         0      5.97       209       416         0         0         0         0      1.89      4.31         0
    16/249     4.02G      1.59      3.53         0      5.12       194       416         0         0         0         0       1.9       3.6         0
    17/249     4.02G      1.66      2.91         0      4.57       274       416         0         0         0         0      1.92      3.06         0
    18/249     4.02G      1.64      2.44         0      4.09       240       416         0         0         0         0      1.93      2.67         0
    19/249     4.02G      1.66      2.07         0      3.74       199       416         0         0         0         0      1.94      2.46         0
    20/249     4.02G      1.65      1.81         0      3.46       227       416         0         0         0         0      1.94      2.24         0
    21/249     4.02G      1.73       1.6         0      3.33       149       416         0         0         0         0      1.94      2.07         0
    22/249     4.02G      1.61      1.47         0      3.08       218       416         0         0         0         0      1.93      1.96         0
    23/249     4.02G      1.59      1.36         0      2.95       226       416         0         0         0         0      1.92      1.91         0
    24/249     4.02G      1.64      1.23         0      2.87       230       416         0         0         0         0      1.91      1.85         0
    25/249     4.02G      1.62      1.16         0      2.77       228       416         0         0         0         0       1.9      1.82         0
    26/249     4.02G      1.61      1.06         0      2.67       217       416         0         0         0         0      1.88       1.8         0
    27/249     4.02G      1.48       1.1         0      2.58       235       416         0         0         0         0      1.87      1.79         0
    28/249     4.02G      1.59      1.04         0      2.63       245       416         0         0         0         0      1.86      1.79         0
    29/249     4.02G      1.61      0.92         0      2.54       265       416         0         0         0         0      1.85      1.79         0
    30/249     4.02G      1.61     0.935         0      2.55       242       416         0         0         0         0      1.84      1.79         0
    31/249     4.02G      1.53     0.895         0      2.42       225       416         0         0         0         0      1.84       1.8         0
    32/249     4.02G       1.5     0.855         0      2.36       237       416         0         0         0         0      1.84       1.8         0
    33/249     4.02G      1.53     0.797         0      2.33       300       416         0         0         0         0      1.84      1.81         0
    34/249     4.02G      1.63     0.805         0      2.44       160       416         0         0         0         0      1.84      1.82         0
    35/249     4.02G      1.62     0.785         0       2.4       252       416         0         0         0         0      1.84      1.83         0
    36/249     4.02G      1.51      0.79         0       2.3       263       416         0         0         0         0      1.85      1.84         0
    37/249     4.02G       1.5     0.784         0      2.28       227       416         0         0         0         0      1.86      1.86         0
    38/249     4.02G      1.54     0.766         0       2.3       261       416         0         0         0         0      1.87      1.87         0
    39/249     4.02G      1.57      0.69         0      2.26       207       416         0         0         0         0      1.88      1.87         0
    40/249     4.02G      1.52     0.748         0      2.27       236       416         0         0         0         0      1.88      1.89         0
    41/249     4.02G      1.58     0.687         0      2.27       244       416         0         0         0         0      1.88       1.9         0
    42/249     4.02G       1.5     0.691         0      2.19       212       416         0         0         0         0      1.87       1.9         0
    43/249     4.02G      1.49     0.663         0      2.15       175       416         0         0         0         0      1.87      1.91         0
    44/249     4.02G       1.5     0.681         0      2.19       247       416         0         0         0         0      1.87      1.92         0
    45/249     4.02G      1.51      0.67         0      2.18       146       416     0.857   0.00119   0.00429   0.00237      1.87      1.93         0
    46/249     4.02G      1.43     0.652         0      2.08       273       416      0.75   0.00297   0.00438   0.00592      1.86      1.93         0
    47/249     4.02G      1.52     0.667         0      2.19       229       416     0.562   0.00535     0.005    0.0106      1.87      1.94         0
    48/249     4.02G      1.43     0.603         0      2.03       172       416     0.535    0.0198    0.0152    0.0382      1.87      1.94         0
    49/249     4.02G      1.57     0.616         0      2.19       207       416     0.486    0.0303    0.0213    0.0571      1.88      1.95         0
    50/249     4.02G      1.59     0.626         0      2.22       210       416     0.394    0.0396    0.0227     0.072      1.88      1.95         0
    51/249     4.02G      1.57     0.635         0      2.21       184       416      0.36    0.0458    0.0243    0.0812      1.89      1.96         0
    52/249     4.02G      1.56     0.587         0      2.15       175       416      0.31    0.0735     0.034     0.119      1.89      1.96         0
    53/249     4.02G      1.59     0.606         0      2.19       190       416     0.284    0.0753    0.0326     0.119      1.89      1.96         0
    54/249     4.02G      1.48     0.565         0      2.04       300       416     0.266     0.102    0.0412     0.148      1.89      1.96         0
    55/249     4.02G       1.5     0.616         0      2.12       220       416     0.256    0.0971    0.0367     0.141      1.89      1.96         0
    56/249     4.02G       1.6      0.53         0      2.13       178       416     0.218     0.132    0.0476     0.164      1.88      1.96         0
    57/249     4.02G      1.49     0.544         0      2.03       242       416       0.2     0.128    0.0445     0.156      1.87      1.96         0
    58/249     4.02G      1.52     0.549         0      2.07       218       416     0.189     0.147    0.0497     0.165      1.86      1.96         0
    59/249     4.02G      1.58      0.56         0      2.14       232       416      0.18      0.14     0.048     0.158      1.86      1.96         0
    60/249     4.02G      1.55      0.52         0      2.07       215       416     0.172     0.153     0.051     0.162      1.85      1.96         0
    61/249     4.02G      1.47     0.555         0      2.02       189       416     0.168     0.157    0.0513     0.162      1.85      1.96         0
    62/249     4.02G      1.48     0.505         0      1.99       234       416     0.164     0.172    0.0581     0.168      1.85      1.96         0
    63/249     4.02G      1.49     0.516         0      2.01       196       416     0.165     0.183    0.0615     0.173      1.85      1.96         0
    64/249     4.02G      1.51     0.525         0      2.03       220       416      0.16     0.188    0.0629     0.173      1.85      1.96         0
    65/249     4.02G      1.51     0.553         0      2.07       304       416     0.158      0.19    0.0638     0.172      1.85      1.96         0
    66/249     4.02G      1.52     0.486         0         2       249       416      0.15     0.199    0.0653     0.171      1.86      1.96         0
    67/249     4.02G       1.6     0.481         0      2.08       290       416     0.147     0.202    0.0675      0.17      1.86      1.96         0
    68/249     4.02G      1.55     0.516         0      2.07       214       416     0.141     0.207    0.0687     0.168      1.87      1.96         0
    69/249     4.02G       1.4      0.47         0      1.87       194       416     0.134     0.212    0.0711     0.164      1.87      1.95         0
    70/249     4.02G      1.52     0.475         0      1.99       210       416     0.126     0.213    0.0718     0.159      1.88      1.95         0
    71/249     4.02G      1.51      0.49         0         2       227       416     0.125     0.211    0.0703     0.157      1.89      1.95         0
    72/249     4.02G      1.44     0.455         0       1.9       239       416     0.119     0.213    0.0715     0.152      1.89      1.95         0
    73/249     4.02G      1.46     0.448         0      1.91       221       416     0.115     0.217    0.0724      0.15       1.9      1.95         0
    74/249     4.02G      1.47     0.438         0      1.91       225       416     0.111     0.217    0.0725     0.147       1.9      1.95         0
    75/249     4.02G      1.52     0.444         0      1.97       226       416      0.11     0.219    0.0741     0.146      1.91      1.95         0
    76/249     4.02G      1.51      0.42         0      1.93       162       416     0.107     0.223    0.0768     0.145      1.91      1.94         0
    77/249     4.02G      1.52     0.429         0      1.95       200       416     0.105     0.221    0.0767     0.142       1.9      1.95         0
    78/249     4.02G      1.52     0.409         0      1.93       211       416     0.104     0.223     0.079     0.142      1.89      1.94         0
    79/249     4.02G      1.51     0.396         0       1.9       222       416     0.103     0.226    0.0817     0.141      1.89      1.94         0
    80/249     4.02G      1.45     0.376         0      1.83       223       416     0.101     0.229    0.0823     0.141      1.88      1.94         0
    81/249     4.02G      1.53     0.401         0      1.93       261       416     0.101     0.233    0.0854     0.141      1.87      1.94         0
    82/249     4.02G      1.53     0.382         0      1.91       288       416     0.101     0.235    0.0868     0.141      1.87      1.94         0
    83/249     4.02G      1.52     0.366         0      1.88       241       416     0.101     0.238    0.0888     0.142      1.86      1.93         0
    84/249     4.02G       1.5     0.354         0      1.85       303       416     0.103     0.243     0.092     0.145      1.86      1.93         0
    85/249     4.02G      1.56      0.34         0       1.9       267       416     0.107     0.253    0.0997      0.15      1.86      1.93         0
    86/249     4.02G      1.56      0.35         0      1.91       292       416     0.107     0.256     0.101     0.151      1.86      1.93         0
    87/249     4.02G      1.51     0.343         0      1.85       224       416      0.11     0.262     0.104     0.155      1.86      1.93         0
    88/249     4.02G      1.51     0.339         0      1.85       223       416     0.113     0.268     0.112     0.159      1.86      1.93         0
    89/249     4.02G      1.56     0.345         0       1.9       293       416     0.113      0.27     0.113      0.16      1.86      1.93         0
    90/249     4.02G      1.55     0.309         0      1.86       294       416     0.115     0.276     0.121     0.162      1.85      1.93         0
    91/249     4.02G      1.52     0.338         0      1.86       290       416     0.115     0.277     0.122     0.163      1.85      1.93         0
    92/249     4.02G      1.52     0.313         0      1.83       226       416     0.117     0.281     0.129     0.165      1.85      1.93         0
    93/249     4.02G      1.54     0.324         0      1.86       200       416     0.122     0.289     0.134     0.171      1.84      1.93         0
    94/249     4.02G      1.45     0.304         0      1.75       157       416     0.126     0.296     0.143     0.176      1.84      1.94         0
    95/249     4.02G      1.52     0.319         0      1.84       232       416     0.126     0.298     0.146     0.177      1.84      1.94         0
    96/249     4.02G      1.51     0.301         0      1.81       232       416     0.137     0.319     0.168     0.191      1.83      1.94         0
    97/249     4.02G      1.47     0.293         0      1.77       201       416     0.144     0.332     0.182     0.201      1.83      1.94         0
    98/249     4.02G       1.5     0.298         0       1.8       236       416      0.15     0.342     0.191     0.208      1.82      1.94         0
    99/249     4.02G      1.51     0.291         0      1.81       192       416     0.158     0.356     0.208     0.219      1.82      1.94         0
   100/249     4.02G      1.56     0.321         0      1.88       215       416     0.166     0.372     0.224     0.229      1.81      1.94         0
   101/249     4.02G      1.46     0.289         0      1.74       232       416     0.176     0.392     0.249     0.243       1.8      1.94         0
   102/249     4.02G      1.37     0.265         0      1.64       166       416     0.188     0.415     0.274     0.258      1.79      1.95         0
   103/249     4.02G      1.41     0.283         0      1.69       286       416     0.193     0.421     0.285     0.265      1.78      1.94         0
   104/249     4.02G      1.44     0.285         0      1.73       222       416     0.207     0.446     0.308     0.283      1.77      1.94         0
   105/249     4.02G      1.43      0.27         0       1.7       223       416     0.222     0.481     0.345     0.304      1.75      1.95         0
   106/249     4.02G      1.41     0.283         0       1.7       179       416     0.234     0.504      0.37     0.319      1.74      1.96         0
   107/249     4.02G      1.44     0.293         0      1.73       179       416     0.229       0.5     0.365     0.315      1.73      1.96         0
   108/249     4.02G      1.44     0.306         0      1.75       263       416     0.235     0.512     0.378     0.322      1.72      1.96         0
   109/249     4.02G      1.34     0.278         0      1.62       170       416      0.24     0.533     0.395     0.331       1.7      1.96         0
   110/249     4.02G      1.39     0.285         0      1.67       203       416     0.235     0.524     0.385     0.325       1.7      1.96         0
   111/249     4.02G      1.33     0.278         0       1.6       225       416     0.241     0.533     0.395     0.332      1.69      1.96         0
   112/249     4.02G      1.38     0.288         0      1.67       195       416     0.246     0.542     0.404     0.339      1.68      1.96         0
   113/249     4.02G      1.36     0.271         0      1.63       247       416     0.242     0.533     0.393     0.333      1.68      1.96         0
   114/249     4.02G      1.27     0.284         0      1.56       226       416     0.234     0.524     0.381     0.323      1.68      1.97         0
   115/249     4.02G       1.3     0.284         0      1.58       233       416     0.231     0.526      0.38     0.321      1.68      1.98         0
   116/249     4.02G      1.24     0.258         0       1.5       177       416     0.233     0.528     0.384     0.324      1.67      1.99         0
   117/249     4.02G      1.26     0.287         0      1.55       179       416     0.231      0.51     0.367     0.318      1.68         2         0
   118/249     4.02G       1.2     0.295         0       1.5       266       416     0.227       0.5     0.354     0.312       1.7      2.01         0
   119/249     4.02G      1.17     0.268         0      1.44       205       416     0.233     0.526     0.371     0.323      1.68      2.03         0
   120/249     4.02G      1.11     0.269         0      1.38       204       416     0.234     0.528     0.371     0.325      1.68      2.05         0
   121/249     4.02G      1.12     0.263         0      1.39       227       416     0.236     0.535     0.378     0.327      1.67      2.05         0
   122/249     4.02G      1.04     0.281         0      1.32       221       416     0.234     0.533     0.381     0.325      1.68      2.06         0
   123/249     4.02G      1.02     0.271         0      1.29       244       416     0.244     0.559     0.407     0.339      1.65      2.07         0
   124/249     4.02G      1.05     0.269         0      1.32       209       416     0.236     0.546     0.396      0.33      1.67      2.07         0
   125/249     4.02G      1.01     0.268         0      1.28       180       416     0.239     0.544     0.391     0.332      1.67      2.08         0
   126/249     4.02G     0.982     0.263         0      1.25       216       416     0.244     0.557     0.404     0.339      1.65       2.1         0
   127/249     4.02G     0.983     0.275         0      1.26       220       416     0.234     0.548     0.397     0.328      1.65       2.1         0
   128/249     4.02G     0.989      0.29         0      1.28       232       416     0.235     0.547       0.4     0.329      1.64       2.1         0
   129/249     4.02G     0.927     0.277         0       1.2       160       416     0.241     0.564     0.419     0.337      1.64      2.11         0
   130/249     4.02G     0.881     0.268         0      1.15       225       416     0.245     0.577     0.429     0.344      1.66      2.12         0
   131/249     4.02G      0.94     0.275         0      1.21       211       416     0.241     0.564      0.42     0.338      1.66      2.11         0
   132/249     4.02G     0.961     0.285         0      1.25       299       416      0.24      0.56     0.413     0.336      1.65      2.12         0
   133/249     4.02G     0.912     0.261         0      1.17       231       416     0.248     0.568     0.415     0.345      1.63      2.13         0
   134/249     4.02G     0.898     0.258         0      1.16       261       416     0.255     0.583     0.434     0.355      1.63      2.13         0
   135/249     4.02G     0.886      0.26         0      1.15       217       416      0.25     0.581     0.433     0.349      1.64      2.12         0
   136/249     4.02G     0.896      0.27         0      1.17       216       416     0.254     0.587     0.441     0.354      1.63       2.1         0
   137/249     4.02G     0.894     0.261         0      1.16       233       416     0.262     0.595     0.455     0.364      1.62      2.08         0
   138/249     4.02G     0.862     0.271         0      1.13       233       416      0.26     0.587     0.446     0.361      1.63      2.08         0
   139/249     4.02G      0.84     0.257         0       1.1       233       416     0.263     0.584     0.447     0.362      1.62      2.07         0
   140/249     4.02G     0.884     0.283         0      1.17       252       416      0.26     0.568     0.431     0.357      1.63      2.06         0
   141/249     4.02G     0.834     0.265         0       1.1       214       416     0.262      0.58     0.439     0.361      1.62      2.06         0
   142/249     4.02G     0.834     0.251         0      1.09       248       416     0.266     0.571      0.43     0.363      1.62      2.04         0
   143/249     4.02G     0.861     0.267         0      1.13       185       416      0.26     0.561     0.418     0.355      1.63      2.03         0
   144/249     4.02G     0.849     0.268         0      1.12       219       416     0.263     0.562     0.418     0.358      1.64      2.03         0
   145/249     4.02G     0.805     0.259         0      1.06       236       416     0.264     0.572     0.423     0.362      1.63      2.04         0
   146/249     4.02G     0.854     0.264         0      1.12       210       416     0.269     0.573     0.425     0.367      1.63      2.04         0
   147/249     4.02G     0.807     0.239         0      1.05       223       416     0.267      0.59     0.437     0.368      1.61      2.04         0
   148/249     4.02G     0.773     0.252         0      1.03       178       416     0.273     0.587     0.435     0.373       1.6      2.02         0
   149/249     4.02G     0.842     0.259         0       1.1       150       416     0.278     0.588     0.431     0.377      1.61      2.01         0
   150/249     4.02G      0.76     0.265         0      1.03       243       416     0.274     0.572     0.418      0.37      1.61         2         0
   151/249     4.02G     0.736     0.246         0     0.982       233       416     0.274      0.59     0.435     0.374       1.6      2.01         0
   152/249     4.02G     0.771     0.258         0      1.03       232       416     0.277     0.591     0.435     0.377       1.6         2         0
   153/249     4.02G     0.728     0.248         0     0.976       234       416     0.281      0.59     0.438     0.381      1.61      1.99         0
   154/249     4.02G     0.791     0.241         0      1.03       176       416     0.278     0.588     0.434     0.377      1.61         2         0
   155/249     4.02G     0.721     0.248         0     0.968       206       416     0.281     0.573     0.427     0.377      1.61      1.98         0
   156/249     4.02G      0.77     0.243         0      1.01       219       416     0.277     0.564     0.415     0.372      1.62      1.98         0
   157/249     4.02G     0.743      0.25         0     0.993       205       416     0.282     0.575     0.428     0.379      1.61      1.99         0
   158/249     4.02G     0.734     0.255         0     0.989       254       416     0.281      0.57     0.422     0.376      1.62      1.98         0
   159/249     4.02G     0.723     0.251         0     0.974       247       416     0.289     0.584     0.433     0.386      1.61      1.97         0
   160/249     4.02G     0.714     0.246         0      0.96       219       416     0.295     0.598     0.445     0.395       1.6      1.96         0
   161/249     4.02G       0.7      0.27         0      0.97       212       416     0.298     0.604     0.452     0.399      1.58      1.95         0
   162/249     4.02G     0.766     0.244         0      1.01       234       416     0.301     0.615      0.46     0.404      1.58      1.95         0
   163/249     4.02G     0.752     0.256         0      1.01       302       416     0.299     0.599     0.446     0.399       1.6      1.94         0
   164/249     4.02G      0.71     0.246         0     0.956       153       416     0.298     0.602     0.449     0.399       1.6      1.95         0
   165/249     4.02G     0.703     0.254         0     0.957       261       416     0.308     0.598     0.448     0.407      1.59      1.94         0
   166/249     4.02G     0.683      0.26         0     0.943       264       416     0.301     0.583     0.435     0.397      1.61      1.94         0
   167/249     4.02G     0.744     0.277         0      1.02       229       416     0.301     0.569     0.427     0.394      1.62      1.93         0
   168/249     4.02G     0.694     0.249         0     0.942       138       416     0.297     0.583     0.438     0.394      1.61      1.93         0
   169/249     4.02G     0.698     0.258         0     0.955       272       416     0.311     0.597      0.45     0.409       1.6      1.92         0
   170/249     4.02G     0.678     0.249         0     0.927       182       416     0.303     0.593     0.445     0.401       1.6      1.91         0
   171/249     4.02G     0.702     0.243         0     0.944       172       416      0.31     0.602     0.457     0.409      1.59      1.91         0
   172/249     4.02G     0.668     0.248         0     0.916       207       416     0.303     0.603     0.454     0.404      1.59      1.91         0
   173/249     4.02G       0.7     0.244         0     0.944       188       416     0.297     0.601     0.455     0.397      1.59      1.91         0
   174/249     4.02G     0.704     0.241         0     0.945       221       416      0.31     0.602     0.459     0.409       1.6       1.9         0
   175/249     4.02G     0.674     0.241         0     0.915       183       416      0.31     0.602     0.457     0.409      1.59      1.91         0
   176/249     4.02G     0.678      0.27         0     0.947       228       416      0.31     0.591     0.451     0.407      1.61       1.9         0
   177/249     4.02G     0.689     0.238         0     0.927       221       416     0.306     0.606     0.459     0.407      1.59       1.9         0
   178/249     4.02G     0.612     0.256         0     0.868       200       416     0.311       0.6     0.457      0.41      1.58      1.89         0
   179/249     4.02G     0.663     0.236         0     0.899       204       416     0.312     0.613     0.465     0.413      1.58      1.89         0
   180/249     4.02G     0.658      0.24         0     0.898       213       416     0.322     0.623     0.474     0.425      1.57      1.87         0
   181/249     4.02G     0.658     0.239         0     0.897       218       416     0.322     0.619      0.47     0.424      1.57      1.87         0
   182/249     4.02G     0.637     0.241         0     0.879       247       416     0.324     0.611     0.464     0.423      1.58      1.86         0
   183/249     4.02G     0.659      0.24         0     0.899       207       416     0.316     0.619     0.467     0.419      1.58      1.87         0
   184/249     4.02G     0.655     0.246         0     0.901       207       416     0.321     0.621     0.472     0.423      1.56      1.87         0
   185/249     4.02G     0.641     0.227         0     0.868       237       416     0.314     0.626     0.471     0.418      1.56      1.86         0
   186/249     4.02G     0.612     0.243         0     0.855       194       416     0.318     0.617     0.468      0.42      1.57      1.85         0
   187/249     4.02G     0.635     0.243         0     0.878       197       416     0.318     0.602     0.454     0.416      1.59      1.85         0
   188/249     4.02G     0.607     0.222         0     0.829       177       416     0.318     0.627     0.475     0.422      1.56      1.84         0
   189/249     4.02G     0.604     0.239         0     0.843       154       416     0.318     0.619      0.47     0.421      1.56      1.83         0
   190/249     4.02G     0.603     0.224         0     0.827       218       416     0.324     0.618     0.466     0.425      1.57      1.82         0
   191/249     4.02G     0.625     0.224         0     0.849       224       416     0.329     0.604      0.45     0.426      1.58      1.81         0
   192/249     4.02G     0.554     0.252         0     0.806       200       416     0.329     0.604      0.45     0.426      1.58      1.81         0
   193/249     4.02G     0.611      0.23         0     0.841       172       416      0.32     0.635     0.472     0.426      1.55      1.83         0
   194/249     4.02G     0.585     0.247         0     0.832       239       416     0.329     0.627     0.461     0.431      1.56      1.82         0
   195/249     4.02G     0.605     0.242         0     0.847       215       416     0.324     0.618     0.455     0.425      1.57      1.81         0
   196/249     4.02G     0.555     0.244         0       0.8       278       416     0.318     0.625     0.467     0.421      1.56      1.81         0
   197/249     4.02G     0.582     0.231         0     0.814       241       416     0.314     0.619      0.46     0.417      1.56       1.8         0
   198/249     4.02G     0.559     0.239         0     0.798       203       416     0.328     0.622     0.474     0.429      1.56      1.79         0
   199/249     4.02G     0.582     0.238         0      0.82       256       416     0.333     0.619     0.473     0.433      1.57      1.79         0
   200/249     4.02G     0.557     0.221         0     0.778       190       416     0.322     0.624     0.477     0.425      1.55      1.78         0
   201/249     4.02G     0.566     0.228         0     0.794       137       416     0.317     0.617     0.467     0.419      1.56      1.78         0
   202/249     4.02G     0.572     0.228         0     0.801       254       416     0.324     0.618     0.469     0.425      1.56      1.79         0
   203/249     4.02G     0.566     0.218         0     0.784       214       416     0.325     0.623     0.477     0.427      1.56      1.78         0
   204/249     4.02G     0.575     0.231         0     0.806       234       416     0.334     0.623      0.48     0.435      1.56      1.78         0
   205/249     4.02G     0.549     0.241         0     0.789       263       416     0.335     0.624     0.479     0.436      1.56      1.78         0
   206/249     4.02G      0.56      0.23         0     0.791       201       416     0.331     0.625     0.477     0.433      1.56      1.78         0
   207/249     4.02G     0.569     0.241         0      0.81       250       416     0.329      0.62     0.473      0.43      1.57      1.78         0
   208/249     4.02G     0.562     0.244         0     0.806       253       416      0.34     0.622     0.478      0.44      1.57      1.78         0
   209/249     4.02G     0.552     0.235         0     0.787       258       416     0.337     0.614     0.468     0.435      1.57      1.78         0
   210/249     4.02G     0.557     0.239         0     0.796       185       416     0.324     0.614     0.464     0.424      1.57      1.78         0
   211/249     4.02G     0.559     0.247         0     0.807       201       416     0.335     0.619     0.468     0.435      1.57      1.78         0
   212/249     4.02G     0.583     0.223         0     0.806       191       416     0.327     0.625     0.473      0.43      1.56      1.78         0
   213/249     4.02G      0.55      0.24         0      0.79       207       416      0.33     0.621     0.471     0.431      1.56      1.78         0
   214/249     4.02G     0.515     0.246         0     0.761       229       416     0.331     0.616     0.464     0.431      1.57      1.78         0
   215/249     4.02G     0.537     0.234         0      0.77       230       416     0.326     0.626     0.472     0.429      1.56      1.78         0
   216/249     4.02G     0.546     0.238         0     0.785       237       416     0.329     0.621     0.469      0.43      1.56      1.78         0
   217/249     4.02G     0.557      0.22         0     0.777       198       416     0.322     0.628     0.471     0.426      1.56      1.78         0
   218/249     4.02G     0.527     0.231         0     0.758       238       416     0.322     0.616     0.459     0.422      1.57      1.78         0
   219/249     4.02G      0.55     0.227         0     0.776       297       416     0.332     0.629     0.475     0.434      1.56      1.77         0
   220/249     4.02G     0.542     0.222         0     0.764       267       416     0.334     0.625     0.473     0.435      1.56      1.77         0
   221/249     4.02G     0.563     0.243         0     0.806       260       416      0.34     0.622     0.472     0.439      1.56      1.77         0
   222/249     4.02G     0.544      0.24         0     0.784       245       416     0.342     0.621     0.473     0.441      1.56      1.77         0
   223/249     4.02G      0.53     0.232         0     0.762       230       416     0.335     0.621     0.472     0.435      1.56      1.77         0
   224/249     4.02G     0.546     0.226         0     0.772       242       416     0.322     0.622     0.466     0.424      1.56      1.78         0
   225/249     4.02G     0.561     0.227         0     0.788       243       416     0.328     0.619     0.464     0.429      1.56      1.78         0
   226/249     4.02G     0.546      0.24         0     0.786       274       416     0.334     0.622     0.471     0.435      1.56      1.77         0
   227/249     4.02G     0.539     0.232         0     0.771       214       416     0.333     0.621     0.468     0.434      1.56      1.78         0
   228/249     4.02G     0.535     0.243         0     0.778       157       416     0.333     0.621     0.467     0.434      1.56      1.78         0
   229/249     4.02G     0.535     0.224         0     0.759       144       416     0.324     0.629     0.472     0.427      1.55      1.78         0
   230/249     4.02G     0.535      0.23         0     0.765       286       416     0.334     0.622      0.47     0.435      1.56      1.77         0
   231/249     4.02G     0.522     0.219         0     0.741       184       416     0.323     0.625      0.47     0.426      1.56      1.78         0
   232/249     4.02G     0.539      0.23         0     0.769       148       416     0.327     0.625     0.471     0.429      1.56      1.78         0
   233/249     4.02G     0.532     0.225         0     0.757       189       416     0.326     0.634     0.478     0.431      1.55      1.78         0
   234/249     4.02G     0.523      0.23         0     0.754       257       416      0.33     0.617     0.462      0.43      1.57      1.77         0
   235/249     4.02G     0.547     0.229         0     0.777       191       416     0.328     0.621     0.469     0.429      1.56      1.77         0
   236/249     4.02G     0.549     0.241         0      0.79       286       416     0.337     0.617     0.464     0.436      1.56      1.77         0
   237/249     4.02G     0.556     0.238         0     0.795       197       416     0.323     0.617      0.46     0.424      1.57      1.78         0
   238/249     4.02G     0.547     0.229         0     0.776       193       416     0.325     0.623      0.47     0.427      1.56      1.78         0
   239/249     4.02G     0.564      0.24         0     0.803       238       416     0.337     0.614     0.462     0.435      1.57      1.77         0
   240/249     4.02G     0.559     0.232         0      0.79       188       416     0.327     0.626     0.472      0.43      1.56      1.77         0
   241/249     4.02G     0.579     0.217         0     0.795       168       416     0.323     0.628     0.472     0.426      1.55      1.77         0
   242/249     4.02G     0.543     0.237         0      0.78       252       416     0.334     0.616     0.463     0.433      1.56      1.77         0
   243/249     4.02G     0.544     0.212         0     0.756       255       416     0.324     0.629     0.474     0.427      1.55      1.78         0
   244/249     4.02G     0.507     0.218         0     0.725       157       416     0.323     0.631     0.476     0.427      1.55      1.78         0
   245/249     4.02G     0.539     0.237         0     0.776       249       416     0.333     0.616     0.463     0.432      1.57      1.77         0
   246/249     4.02G     0.544     0.236         0      0.78       148       416     0.332     0.623     0.472     0.433      1.56      1.77         0
   247/249     4.02G     0.524     0.229         0     0.753       187       416     0.324     0.622     0.468     0.426      1.56      1.78         0
   248/249     4.02G     0.531     0.227         0     0.758       193       416     0.322     0.636     0.479     0.428      1.55      1.78         0
   249/249     4.02G     0.542      0.24         0     0.781       256       416     0.252     0.616      0.46     0.358      1.57      1.78         0
