       0/9     4.02G      2.03      1.11         0      3.14        22       416      0.55     0.575      0.44     0.562      1.38     0.727         0
       1/9     4.03G      1.53     0.836         0      2.37        28       416     0.583      0.72     0.586     0.644      1.22     0.604         0
       2/9     4.03G      1.41      0.74         0      2.15        13       416     0.604     0.748     0.605     0.668      1.14     0.556         0
       3/9     4.03G      1.31     0.703         0      2.02        17       416     0.641     0.751     0.625     0.692      1.12      0.53         0
       4/9     4.03G      1.25     0.673         0      1.93        27       416     0.603       0.8     0.667     0.688      1.07     0.504         0
       5/9     4.03G       1.2     0.638         0      1.83        18       416      0.65     0.776     0.661     0.707      1.06     0.495         0
       6/9     4.03G      1.17     0.628         0       1.8        17       416     0.552     0.836     0.691     0.665         1     0.479         0
       7/9     4.03G      1.14     0.602         0      1.75        21       416     0.622     0.816     0.687     0.706     0.978     0.467         0
       8/9     4.03G      1.12     0.601         0      1.72        22       416     0.647     0.829     0.703     0.726     0.963     0.459         0
       9/9     4.03G      1.04     0.572         0      1.62        16       416    0.0868     0.922      0.75     0.159     0.924     0.446         0
