     0/599     4.02G      2.08      29.5         0      31.5       203       416         0         0         0         0      3.26       nan         0
     1/599     4.02G      2.08      28.6         0      30.7       286       416         0         0         0         0      3.26       nan         0
     2/599     4.02G      2.06      27.3         0      29.4       230       416         0         0         0         0      3.26       nan         0
     3/599     4.02G       2.1      25.6         0      27.7       185       416  0.000729   0.00456  0.000185   0.00126      2.02        25         0
     4/599     4.02G      2.09      23.6         0      25.7       226       416  0.000784   0.00495  0.000769   0.00135      2.01      22.8         0
     5/599     4.02G      2.07      21.5         0      23.6       196       416  0.000794   0.00475  0.000114   0.00136      1.99      20.4         0
     6/599     4.02G      2.03      19.3         0      21.3       225       416   0.00129   0.00733     5e-05   0.00219      1.98      17.9         0
     7/599     4.02G      2.02        17         0      19.1       196       416   0.00194    0.0109  8.13e-05   0.00329      1.96      16.3         0
     8/599     4.02G      1.95      14.9         0      16.8       231       416   0.00331    0.0178   0.00205   0.00559      1.95        14         0
     9/599     4.02G      1.91      12.8         0      14.7       224       416   0.00598    0.0307   0.00221      0.01      1.93      11.9         0
    10/599     4.02G      1.91      10.9         0      12.8       265       416    0.0135    0.0721   0.00303    0.0228      1.91      9.95         0
    11/599     4.02G      1.87      9.15         0        11       184       416    0.0186     0.103   0.00227    0.0315       1.9      8.79         0
    12/599     4.02G      1.72      7.63         0      9.35       225       416    0.0268     0.153    0.0065    0.0455      1.89      7.24         0
    13/599     4.02G      1.72       6.3         0      8.02       203       416    0.0326     0.185   0.00941    0.0554      1.88      5.95         0
    14/599     4.02G      1.71      5.21         0      6.92       206       416    0.0373     0.205   0.00965    0.0631      1.88      4.89         0
    15/599     4.02G      1.69      4.28         0      5.97       209       416         0         0         0         0      1.89      4.31         0
    16/599     4.02G      1.59      3.53         0      5.12       194       416         0         0         0         0       1.9       3.6         0
    17/599     4.02G      1.66      2.91         0      4.57       274       416         0         0         0         0      1.92      3.06         0
    18/599     4.02G      1.64      2.44         0      4.09       240       416         0         0         0         0      1.93      2.67         0
    19/599     4.02G      1.66      2.07         0      3.74       199       416         0         0         0         0      1.94      2.46         0
    20/599     4.02G      1.65      1.81         0      3.46       227       416         0         0         0         0      1.94      2.24         0
    21/599     4.02G      1.73       1.6         0      3.33       149       416         0         0         0         0      1.94      2.07         0
    22/599     4.02G      1.61      1.47         0      3.08       218       416         0         0         0         0      1.93      1.96         0
    23/599     4.02G      1.59      1.36         0      2.95       226       416         0         0         0         0      1.92      1.91         0
    24/599     4.02G      1.64      1.23         0      2.87       230       416         0         0         0         0      1.91      1.85         0
    25/599     4.02G      1.62      1.16         0      2.77       228       416         0         0         0         0       1.9      1.82         0
    26/599     4.02G      1.61      1.06         0      2.67       217       416         0         0         0         0      1.88       1.8         0
    27/599     4.02G      1.48       1.1         0      2.58       235       416         0         0         0         0      1.87      1.79         0
    28/599     4.02G      1.59      1.04         0      2.63       245       416         0         0         0         0      1.86      1.79         0
    29/599     4.02G      1.61      0.92         0      2.54       265       416         0         0         0         0      1.85      1.79         0
    30/599     4.02G      1.61     0.935         0      2.55       242       416         0         0         0         0      1.84      1.79         0
    31/599     4.02G      1.53     0.895         0      2.42       225       416         0         0         0         0      1.84       1.8         0
    32/599     4.02G       1.5     0.855         0      2.36       237       416         0         0         0         0      1.84       1.8         0
    33/599     4.02G      1.53     0.797         0      2.33       300       416         0         0         0         0      1.84      1.81         0
    34/599     4.02G      1.63     0.805         0      2.44       160       416         0         0         0         0      1.84      1.82         0
    35/599     4.02G      1.62     0.785         0       2.4       252       416         0         0         0         0      1.84      1.83         0
    36/599     4.02G      1.51      0.79         0       2.3       263       416         0         0         0         0      1.85      1.84         0
    37/599     4.02G       1.5     0.784         0      2.28       227       416         0         0         0         0      1.86      1.86         0
    38/599     4.02G      1.54     0.766         0       2.3       261       416         0         0         0         0      1.87      1.87         0
    39/599     4.02G      1.57      0.69         0      2.26       207       416         0         0         0         0      1.88      1.87         0
    40/599     4.02G      1.52     0.748         0      2.27       236       416         0         0         0         0      1.88      1.89         0
    41/599     4.02G      1.58     0.687         0      2.27       244       416         0         0         0         0      1.88       1.9         0
    42/599     4.02G       1.5     0.691         0      2.19       212       416         0         0         0         0      1.87       1.9         0
    43/599     4.02G      1.49     0.663         0      2.15       175       416         0         0         0         0      1.87      1.91         0
    44/599     4.02G       1.5     0.681         0      2.19       247       416         0         0         0         0      1.87      1.92         0
    45/599     4.02G      1.51      0.67         0      2.18       146       416     0.857   0.00119   0.00429   0.00237      1.87      1.93         0
    46/599     4.02G      1.43     0.652         0      2.08       273       416      0.75   0.00297   0.00438   0.00592      1.86      1.93         0
    47/599     4.02G      1.52     0.667         0      2.19       229       416     0.562   0.00535     0.005    0.0106      1.87      1.94         0
    48/599     4.02G      1.43     0.603         0      2.03       172       416     0.535    0.0198    0.0152    0.0382      1.87      1.94         0
    49/599     4.02G      1.57     0.616         0      2.19       207       416     0.486    0.0303    0.0213    0.0571      1.88      1.95         0
    50/599     4.02G      1.59     0.626         0      2.22       210       416     0.394    0.0396    0.0227     0.072      1.88      1.95         0
    51/599     4.02G      1.57     0.635         0      2.21       184       416      0.36    0.0458    0.0243    0.0812      1.89      1.96         0
    52/599     4.02G      1.56     0.587         0      2.15       175       416      0.31    0.0735     0.034     0.119      1.89      1.96         0
    53/599     4.02G      1.59     0.606         0      2.19       190       416     0.284    0.0753    0.0326     0.119      1.89      1.96         0
    54/599     4.02G      1.48     0.565         0      2.04       300       416     0.266     0.102    0.0412     0.148      1.89      1.96         0
    55/599     4.02G       1.5     0.616         0      2.12       220       416     0.256    0.0971    0.0367     0.141      1.89      1.96         0
    56/599     4.02G       1.6      0.53         0      2.13       178       416     0.218     0.132    0.0476     0.164      1.88      1.96         0
    57/599     4.02G      1.49     0.544         0      2.03       242       416       0.2     0.128    0.0445     0.156      1.87      1.96         0
    58/599     4.02G      1.52     0.549         0      2.07       218       416     0.189     0.147    0.0497     0.165      1.86      1.96         0
    59/599     4.02G      1.58      0.56         0      2.14       232       416      0.18      0.14     0.048     0.158      1.86      1.96         0
    60/599     4.02G      1.55      0.52         0      2.07       215       416     0.172     0.153     0.051     0.162      1.85      1.96         0
    61/599     4.02G      1.47     0.555         0      2.02       189       416     0.168     0.157    0.0513     0.162      1.85      1.96         0
    62/599     4.02G      1.48     0.505         0      1.99       234       416     0.164     0.172    0.0581     0.168      1.85      1.96         0
    63/599     4.02G      1.49     0.516         0      2.01       196       416     0.165     0.183    0.0615     0.173      1.85      1.96         0
    64/599     4.02G      1.51     0.525         0      2.03       220       416      0.16     0.188    0.0629     0.173      1.85      1.96         0
    65/599     4.02G      1.51     0.553         0      2.07       304       416     0.158      0.19    0.0638     0.172      1.85      1.96         0
    66/599     4.02G      1.52     0.486         0         2       249       416      0.15     0.199    0.0653     0.171      1.86      1.96         0
    67/599     4.02G       1.6     0.481         0      2.08       290       416     0.147     0.202    0.0675      0.17      1.86      1.96         0
    68/599     4.02G      1.55     0.516         0      2.07       214       416     0.141     0.207    0.0687     0.168      1.87      1.96         0
    69/599     4.02G       1.4      0.47         0      1.87       194       416     0.134     0.212    0.0711     0.164      1.87      1.95         0
    70/599     4.02G      1.52     0.475         0      1.99       210       416     0.126     0.213    0.0718     0.159      1.88      1.95         0
    71/599     4.02G      1.51      0.49         0         2       227       416     0.125     0.211    0.0703     0.157      1.89      1.95         0
    72/599     4.02G      1.44     0.455         0       1.9       239       416     0.119     0.213    0.0715     0.152      1.89      1.95         0
    73/599     4.02G      1.46     0.448         0      1.91       221       416     0.115     0.217    0.0724      0.15       1.9      1.95         0
    74/599     4.02G      1.47     0.438         0      1.91       225       416     0.111     0.217    0.0725     0.147       1.9      1.95         0
    75/599     4.02G      1.52     0.444         0      1.97       226       416      0.11     0.219    0.0741     0.146      1.91      1.95         0
    76/599     4.02G      1.51      0.42         0      1.93       162       416     0.107     0.223    0.0768     0.145      1.91      1.94         0
    77/599     4.02G      1.52     0.429         0      1.95       200       416     0.105     0.221    0.0767     0.142       1.9      1.95         0
    78/599     4.02G      1.52     0.409         0      1.93       211       416     0.104     0.223     0.079     0.142      1.89      1.94         0
    79/599     4.02G      1.51     0.396         0       1.9       222       416     0.103     0.226    0.0817     0.141      1.89      1.94         0
    80/599     4.02G      1.45     0.376         0      1.83       223       416     0.101     0.229    0.0823     0.141      1.88      1.94         0
    81/599     4.02G      1.53     0.401         0      1.93       261       416     0.101     0.233    0.0854     0.141      1.87      1.94         0
    82/599     4.02G      1.53     0.382         0      1.91       288       416     0.101     0.235    0.0868     0.141      1.87      1.94         0
    83/599     4.02G      1.52     0.366         0      1.88       241       416     0.101     0.238    0.0888     0.142      1.86      1.93         0
    84/599     4.02G       1.5     0.354         0      1.85       303       416     0.103     0.243     0.092     0.145      1.86      1.93         0
    85/599     4.02G      1.56      0.34         0       1.9       267       416     0.107     0.253    0.0997      0.15      1.86      1.93         0
    86/599     4.02G      1.56      0.35         0      1.91       292       416     0.107     0.256     0.101     0.151      1.86      1.93         0
    87/599     4.02G      1.51     0.343         0      1.85       224       416      0.11     0.262     0.104     0.155      1.86      1.93         0
    88/599     4.02G      1.51     0.339         0      1.85       223       416     0.113     0.268     0.112     0.159      1.86      1.93         0
    89/599     4.02G      1.56     0.345         0       1.9       293       416     0.113      0.27     0.113      0.16      1.86      1.93         0
    90/599     4.02G      1.55     0.309         0      1.86       294       416     0.115     0.276     0.121     0.162      1.85      1.93         0
    91/599     4.02G      1.52     0.338         0      1.86       290       416     0.115     0.277     0.122     0.163      1.85      1.93         0
    92/599     4.02G      1.52     0.313         0      1.83       226       416     0.117     0.281     0.129     0.165      1.85      1.93         0
    93/599     4.02G      1.54     0.324         0      1.86       200       416     0.122     0.289     0.134     0.171      1.84      1.93         0
    94/599     4.02G      1.45     0.304         0      1.75       157       416     0.126     0.296     0.143     0.176      1.84      1.94         0
    95/599     4.02G      1.52     0.319         0      1.84       232       416     0.126     0.298     0.146     0.177      1.84      1.94         0
    96/599     4.02G      1.51     0.301         0      1.81       232       416     0.137     0.319     0.168     0.191      1.83      1.94         0
    97/599     4.02G      1.47     0.293         0      1.77       201       416     0.144     0.332     0.182     0.201      1.83      1.94         0
    98/599     4.02G       1.5     0.298         0       1.8       236       416      0.15     0.342     0.191     0.208      1.82      1.94         0
    99/599     4.02G      1.51     0.291         0      1.81       192       416     0.158     0.356     0.208     0.219      1.82      1.94         0
   100/599     4.02G      1.56     0.321         0      1.88       215       416     0.166     0.372     0.224     0.229      1.81      1.94         0
   101/599     4.02G      1.46     0.289         0      1.74       232       416     0.176     0.392     0.249     0.243       1.8      1.94         0
   102/599     4.02G      1.37     0.265         0      1.64       166       416     0.188     0.415     0.274     0.258      1.79      1.95         0
   103/599     4.02G      1.41     0.283         0      1.69       286       416     0.193     0.421     0.285     0.265      1.78      1.94         0
   104/599     4.02G      1.44     0.285         0      1.73       222       416     0.207     0.446     0.308     0.283      1.77      1.94         0
   105/599     4.02G      1.43      0.27         0       1.7       223       416     0.222     0.481     0.345     0.304      1.75      1.95         0
   106/599     4.02G      1.41     0.283         0       1.7       179       416     0.234     0.504      0.37     0.319      1.74      1.96         0
   107/599     4.02G      1.44     0.293         0      1.73       179       416     0.229       0.5     0.365     0.315      1.73      1.96         0
   108/599     4.02G      1.44     0.306         0      1.75       263       416     0.235     0.512     0.378     0.322      1.72      1.96         0
   109/599     4.02G      1.34     0.278         0      1.62       170       416      0.24     0.533     0.395     0.331       1.7      1.96         0
   110/599     4.02G      1.39     0.285         0      1.67       203       416     0.235     0.524     0.385     0.325       1.7      1.96         0
   111/599     4.02G      1.33     0.278         0       1.6       225       416     0.241     0.533     0.395     0.332      1.69      1.96         0
   112/599     4.02G      1.38     0.288         0      1.67       195       416     0.246     0.542     0.404     0.339      1.68      1.96         0
   113/599     4.02G      1.36     0.271         0      1.63       247       416     0.242     0.533     0.393     0.333      1.68      1.96         0
   114/599     4.02G      1.27     0.284         0      1.56       226       416     0.234     0.524     0.381     0.323      1.68      1.97         0
   115/599     4.02G       1.3     0.284         0      1.58       233       416     0.231     0.526      0.38     0.321      1.68      1.98         0
   116/599     4.02G      1.24     0.258         0       1.5       177       416     0.233     0.528     0.384     0.324      1.67      1.99         0
   117/599     4.02G      1.26     0.287         0      1.55       179       416     0.231      0.51     0.367     0.318      1.68         2         0
   118/599     4.02G       1.2     0.295         0       1.5       266       416     0.227       0.5     0.354     0.312       1.7      2.01         0
   119/599     4.02G      1.17     0.268         0      1.44       205       416     0.233     0.526     0.371     0.323      1.68      2.03         0
   120/599     4.02G      1.11     0.269         0      1.38       204       416     0.234     0.528     0.371     0.325      1.68      2.05         0
   121/599     4.02G      1.12     0.263         0      1.39       227       416     0.236     0.535     0.378     0.327      1.67      2.05         0
   122/599     4.02G      1.04     0.281         0      1.32       221       416     0.234     0.533     0.381     0.325      1.68      2.06         0
   123/599     4.02G      1.02     0.271         0      1.29       244       416     0.244     0.559     0.407     0.339      1.65      2.07         0
   124/599     4.02G      1.05     0.269         0      1.32       209       416     0.236     0.546     0.396      0.33      1.67      2.07         0
   125/599     4.02G      1.01     0.268         0      1.28       180       416     0.239     0.544     0.391     0.332      1.67      2.08         0
   126/599     4.02G     0.982     0.263         0      1.25       216       416     0.244     0.557     0.404     0.339      1.65       2.1         0
   127/599     4.02G     0.983     0.275         0      1.26       220       416     0.234     0.548     0.397     0.328      1.65       2.1         0
   128/599     4.02G     0.989      0.29         0      1.28       232       416     0.235     0.547       0.4     0.329      1.64       2.1         0
   129/599     4.02G     0.927     0.277         0       1.2       160       416     0.241     0.564     0.419     0.337      1.64      2.11         0
   130/599     4.02G     0.881     0.268         0      1.15       225       416     0.245     0.577     0.429     0.344      1.66      2.12         0
   131/599     4.02G      0.94     0.275         0      1.21       211       416     0.241     0.564      0.42     0.338      1.66      2.11         0
   132/599     4.02G     0.961     0.285         0      1.25       299       416      0.24      0.56     0.413     0.336      1.65      2.12         0
   133/599     4.02G     0.912     0.261         0      1.17       231       416     0.248     0.568     0.415     0.345      1.63      2.13         0
   134/599     4.02G     0.898     0.258         0      1.16       261       416     0.255     0.583     0.434     0.355      1.63      2.13         0
   135/599     4.02G     0.886      0.26         0      1.15       217       416      0.25     0.581     0.433     0.349      1.64      2.12         0
   136/599     4.02G     0.896      0.27         0      1.17       216       416     0.254     0.587     0.441     0.354      1.63       2.1         0
   137/599     4.02G     0.894     0.261         0      1.16       233       416     0.262     0.595     0.455     0.364      1.62      2.08         0
   138/599     4.02G     0.862     0.271         0      1.13       233       416      0.26     0.587     0.446     0.361      1.63      2.08         0
   139/599     4.02G      0.84     0.257         0       1.1       233       416     0.263     0.584     0.447     0.362      1.62      2.07         0
   140/599     4.02G     0.884     0.283         0      1.17       252       416      0.26     0.568     0.431     0.357      1.63      2.06         0
   141/599     4.02G     0.834     0.265         0       1.1       214       416     0.262      0.58     0.439     0.361      1.62      2.06         0
   142/599     4.02G     0.834     0.251         0      1.09       248       416     0.266     0.571      0.43     0.363      1.62      2.04         0
   143/599     4.02G     0.861     0.267         0      1.13       185       416      0.26     0.561     0.418     0.355      1.63      2.03         0
   144/599     4.02G     0.849     0.268         0      1.12       219       416     0.263     0.562     0.418     0.358      1.64      2.03         0
   145/599     4.02G     0.805     0.259         0      1.06       236       416     0.264     0.572     0.423     0.362      1.63      2.04         0
   146/599     4.02G     0.854     0.264         0      1.12       210       416     0.269     0.573     0.425     0.367      1.63      2.04         0
   147/599     4.02G     0.807     0.239         0      1.05       223       416     0.267      0.59     0.437     0.368      1.61      2.04         0
   148/599     4.02G     0.773     0.252         0      1.03       178       416     0.273     0.587     0.435     0.373       1.6      2.02         0
   149/599     4.02G     0.842     0.259         0       1.1       150       416     0.278     0.588     0.431     0.377      1.61      2.01         0
   150/599     4.02G      0.76     0.265         0      1.03       243       416     0.274     0.572     0.418      0.37      1.61         2         0
   151/599     4.02G     0.736     0.246         0     0.982       233       416     0.274      0.59     0.435     0.374       1.6      2.01         0
   152/599     4.02G     0.771     0.258         0      1.03       232       416     0.277     0.591     0.435     0.377       1.6         2         0
   153/599     4.02G     0.728     0.248         0     0.976       234       416     0.281      0.59     0.438     0.381      1.61      1.99         0
   154/599     4.02G     0.791     0.241         0      1.03       176       416     0.278     0.588     0.434     0.377      1.61         2         0
   155/599     4.02G     0.721     0.248         0     0.968       206       416     0.281     0.573     0.427     0.377      1.61      1.98         0
   156/599     4.02G      0.77     0.243         0      1.01       219       416     0.277     0.564     0.415     0.372      1.62      1.98         0
   157/599     4.02G     0.743      0.25         0     0.993       205       416     0.282     0.575     0.428     0.379      1.61      1.99         0
   158/599     4.02G     0.734     0.255         0     0.989       254       416     0.281      0.57     0.422     0.376      1.62      1.98         0
   159/599     4.02G     0.723     0.251         0     0.974       247       416     0.289     0.584     0.433     0.386      1.61      1.97         0
   160/599     4.02G     0.714     0.246         0      0.96       219       416     0.295     0.598     0.445     0.395       1.6      1.96         0
   161/599     4.02G       0.7      0.27         0      0.97       212       416     0.298     0.604     0.452     0.399      1.58      1.95         0
   162/599     4.02G     0.766     0.244         0      1.01       234       416     0.301     0.615      0.46     0.404      1.58      1.95         0
   163/599     4.02G     0.752     0.256         0      1.01       302       416     0.299     0.599     0.446     0.399       1.6      1.94         0
   164/599     4.02G      0.71     0.246         0     0.956       153       416     0.298     0.602     0.449     0.399       1.6      1.95         0
   165/599     4.02G     0.703     0.254         0     0.957       261       416     0.308     0.598     0.448     0.407      1.59      1.94         0
   166/599     4.02G     0.683      0.26         0     0.943       264       416     0.301     0.583     0.435     0.397      1.61      1.94         0
   167/599     4.02G     0.744     0.277         0      1.02       229       416     0.301     0.569     0.427     0.394      1.62      1.93         0
   168/599     4.02G     0.694     0.249         0     0.942       138       416     0.297     0.583     0.438     0.394      1.61      1.93         0
   169/599     4.02G     0.698     0.258         0     0.955       272       416     0.311     0.597      0.45     0.409       1.6      1.92         0
   170/599     4.02G     0.678     0.249         0     0.927       182       416     0.303     0.593     0.445     0.401       1.6      1.91         0
   171/599     4.02G     0.702     0.243         0     0.944       172       416      0.31     0.602     0.457     0.409      1.59      1.91         0
   172/599     4.02G     0.668     0.248         0     0.916       207       416     0.303     0.603     0.454     0.404      1.59      1.91         0
   173/599     4.02G       0.7     0.244         0     0.944       188       416     0.297     0.601     0.455     0.397      1.59      1.91         0
   174/599     4.02G     0.704     0.241         0     0.945       221       416      0.31     0.602     0.459     0.409       1.6       1.9         0
   175/599     4.02G     0.674     0.241         0     0.915       183       416      0.31     0.602     0.457     0.409      1.59      1.91         0
   176/599     4.02G     0.678      0.27         0     0.947       228       416      0.31     0.591     0.451     0.407      1.61       1.9         0
   177/599     4.02G     0.689     0.238         0     0.927       221       416     0.306     0.606     0.459     0.407      1.59       1.9         0
   178/599     4.02G     0.612     0.256         0     0.868       200       416     0.311       0.6     0.457      0.41      1.58      1.89         0
   179/599     4.02G     0.663     0.236         0     0.899       204       416     0.312     0.613     0.465     0.413      1.58      1.89         0
   180/599     4.02G     0.658      0.24         0     0.898       213       416     0.322     0.623     0.474     0.425      1.57      1.87         0
   181/599     4.02G     0.658     0.239         0     0.897       218       416     0.322     0.619      0.47     0.424      1.57      1.87         0
   182/599     4.02G     0.637     0.241         0     0.879       247       416     0.324     0.611     0.464     0.423      1.58      1.86         0
   183/599     4.02G     0.659      0.24         0     0.899       207       416     0.316     0.619     0.467     0.419      1.58      1.87         0
   184/599     4.02G     0.655     0.246         0     0.901       207       416     0.321     0.621     0.472     0.423      1.56      1.87         0
   185/599     4.02G     0.641     0.227         0     0.868       237       416     0.314     0.626     0.471     0.418      1.56      1.86         0
   186/599     4.02G     0.612     0.243         0     0.855       194       416     0.318     0.617     0.468      0.42      1.57      1.85         0
   187/599     4.02G     0.635     0.243         0     0.878       197       416     0.318     0.602     0.454     0.416      1.59      1.85         0
   188/599     4.02G     0.607     0.222         0     0.829       177       416     0.318     0.627     0.475     0.422      1.56      1.84         0
   189/599     4.02G     0.604     0.239         0     0.843       154       416     0.318     0.619      0.47     0.421      1.56      1.83         0
   190/599     4.02G     0.603     0.224         0     0.827       218       416     0.324     0.618     0.466     0.425      1.57      1.82         0
   191/599     4.02G     0.625     0.224         0     0.849       224       416     0.329     0.604      0.45     0.426      1.58      1.81         0
   192/599     4.02G     0.554     0.252         0     0.806       200       416     0.329     0.604      0.45     0.426      1.58      1.81         0
   193/599     4.02G     0.611      0.23         0     0.841       172       416      0.32     0.635     0.472     0.426      1.55      1.83         0
   194/599     4.02G     0.585     0.247         0     0.832       239       416     0.329     0.627     0.461     0.431      1.56      1.82         0
   195/599     4.02G     0.605     0.242         0     0.847       215       416     0.324     0.618     0.455     0.425      1.57      1.81         0
   196/599     4.02G     0.555     0.244         0       0.8       278       416     0.318     0.625     0.467     0.421      1.56      1.81         0
   197/599     4.02G     0.582     0.231         0     0.814       241       416     0.314     0.619      0.46     0.417      1.56       1.8         0
   198/599     4.02G     0.559     0.239         0     0.798       203       416     0.328     0.622     0.474     0.429      1.56      1.79         0
   199/599     4.02G     0.582     0.238         0      0.82       256       416     0.333     0.619     0.473     0.433      1.57      1.79         0
   200/599     4.02G     0.557     0.221         0     0.778       190       416     0.322     0.624     0.477     0.425      1.55      1.78         0
   201/599     4.02G     0.566     0.228         0     0.794       137       416     0.327      0.63     0.483     0.431      1.55      1.78         0
   202/599     4.02G     0.568     0.228         0     0.795       254       416     0.328     0.617      0.47     0.429      1.57      1.78         0
   203/599     4.02G     0.554     0.216         0     0.771       214       416     0.327     0.616      0.47     0.427      1.58      1.77         0
   204/599     4.02G     0.558      0.23         0     0.788       234       416     0.342     0.614      0.47     0.439      1.57      1.76         0
   205/599     4.02G     0.546     0.239         0     0.786       263       416     0.346      0.62     0.472     0.444      1.56      1.75         0
   206/599     4.02G     0.549     0.229         0     0.778       201       416     0.341     0.631     0.481     0.443      1.56      1.75         0
   207/599     4.02G     0.562     0.238         0       0.8       250       416      0.34     0.622      0.47     0.439      1.56      1.75         0
   208/599     4.02G      0.56     0.241         0     0.801       253       416     0.347     0.622     0.473     0.446      1.57      1.75         0
   209/599     4.02G      0.55     0.232         0     0.782       258       416     0.345     0.612     0.458     0.441      1.57      1.75         0
   210/599     4.02G     0.552     0.235         0     0.787       185       416     0.337     0.624     0.461     0.438      1.55      1.75         0
   211/599     4.02G     0.544     0.243         0     0.787       201       416     0.344     0.628     0.466     0.444      1.56      1.75         0
   212/599     4.02G     0.564     0.218         0     0.783       191       416     0.324     0.613     0.452     0.424      1.58      1.76         0
   213/599     4.02G     0.543     0.236         0     0.778       207       416     0.336     0.618     0.453     0.435      1.56      1.75         0
   214/599     4.02G     0.519     0.241         0     0.759       229       416     0.328     0.605     0.438     0.425      1.57      1.75         0
   215/599     4.02G     0.524     0.228         0     0.751       230       416     0.317     0.605     0.433     0.416      1.57      1.75         0
   216/599     4.02G     0.526     0.232         0     0.758       237       416     0.325     0.604     0.437     0.423      1.58      1.73         0
   217/599     4.02G     0.533     0.213         0     0.747       198       416     0.333     0.625     0.457     0.434      1.56      1.72         0
   218/599     4.02G     0.513     0.224         0     0.737       238       416     0.338     0.615     0.449     0.436      1.56      1.72         0
   219/599     4.02G     0.525      0.22         0     0.745       297       416     0.341     0.615     0.451     0.439      1.57      1.71         0
   220/599     4.02G     0.513     0.215         0     0.728       267       416     0.346      0.62     0.461     0.444      1.55      1.71         0
   221/599     4.02G     0.541     0.235         0     0.777       260       416     0.348     0.617     0.461     0.445      1.55      1.71         0
   222/599     4.02G     0.535     0.233         0     0.768       245       416     0.344     0.608     0.457     0.439      1.57      1.71         0
   223/599     4.02G     0.498     0.225         0     0.723       230       416     0.347     0.616     0.467     0.444      1.56       1.7         0
   224/599     4.02G     0.527     0.218         0     0.745       242       416     0.347     0.629      0.47     0.447      1.54       1.7         0
   225/599     4.02G     0.526     0.218         0     0.744       243       416     0.346     0.607     0.447     0.441      1.57       1.7         0
   226/599     4.02G     0.527      0.23         0     0.757       274       416     0.348     0.617     0.457     0.445      1.56      1.69         0
   227/599     4.02G     0.521     0.223         0     0.744       214       416     0.336     0.607     0.445     0.433      1.57       1.7         0
   228/599     4.02G     0.526     0.232         0     0.758       157       416     0.331      0.61     0.447     0.429      1.56       1.7         0
   229/599     4.02G     0.512     0.214         0     0.726       144       416     0.328     0.628      0.46     0.431      1.54      1.69         0
   230/599     4.02G     0.507      0.22         0     0.727       286       416     0.338     0.617     0.451     0.436      1.56      1.69         0
   231/599     4.02G     0.507     0.209         0     0.716       184       416     0.331     0.629     0.464     0.434      1.54      1.69         0
   232/599     4.02G     0.509     0.219         0     0.728       148       416     0.328     0.623     0.465      0.43      1.56      1.68         0
   233/599     4.02G     0.535     0.214         0     0.749       189       416     0.336     0.632     0.478     0.439      1.55      1.68         0
   234/599     4.02G     0.508     0.218         0     0.726       257       416     0.346     0.627     0.475     0.446      1.55      1.67         0
   235/599     4.02G      0.53     0.217         0     0.747       191       416     0.348     0.633     0.478     0.449      1.55      1.66         0
   236/599     4.02G     0.505     0.227         0     0.732       286       416     0.351      0.62     0.468     0.448      1.56      1.67         0
   237/599     4.02G     0.512     0.226         0     0.738       197       416     0.349     0.639     0.471     0.451      1.55      1.68         0
   238/599     4.02G      0.51     0.216         0     0.725       193       416     0.351     0.645     0.484     0.455      1.54      1.67         0
   239/599     4.02G     0.511     0.226         0     0.737       238       416     0.365     0.632     0.476     0.463      1.55      1.66         0
   240/599     4.02G     0.505     0.218         0     0.723       188       416     0.356     0.649     0.488      0.46      1.53      1.66         0
   241/599     4.02G      0.52     0.204         0     0.724       168       416     0.345     0.647     0.481      0.45      1.54      1.66         0
   242/599     4.02G       0.5     0.222         0     0.722       252       416     0.359     0.639     0.476      0.46      1.54      1.66         0
   243/599     4.02G     0.492       0.2         0     0.692       255       416     0.346     0.642     0.479      0.45      1.55      1.66         0
   244/599     4.02G      0.48     0.203         0     0.683       157       416      0.35     0.648     0.483     0.454      1.54      1.66         0
   245/599     4.02G     0.499     0.221         0      0.72       249       416     0.363     0.642     0.487     0.464      1.54      1.65         0
   246/599     4.02G     0.506      0.22         0     0.726       148       416      0.36     0.635     0.484     0.459      1.55      1.64         0
   247/599     4.02G     0.475     0.214         0     0.689       187       416     0.355      0.64     0.484     0.457      1.54      1.64         0
   248/599     4.02G     0.478     0.211         0     0.689       193       416     0.356     0.652     0.492      0.46      1.53      1.64         0
   249/599     4.02G     0.487     0.223         0      0.71       256       416     0.361     0.637      0.48     0.461      1.56      1.65         0
   250/599     4.02G      0.46     0.201         0     0.661       222       416     0.354     0.639     0.476     0.456      1.55      1.64         0
   251/599     4.02G     0.483      0.22         0     0.703       205       416     0.359     0.645     0.488     0.461      1.54      1.65         0
   252/599     4.02G     0.452     0.199         0     0.651       186       416     0.352      0.64     0.484     0.454      1.55      1.64         0
   253/599     4.02G     0.472     0.223         0     0.695       266       416      0.35     0.631     0.474      0.45      1.55      1.64         0
   254/599     4.02G      0.49     0.215         0     0.705       271       416      0.36     0.642     0.489     0.461      1.55      1.64         0
   255/599     4.02G     0.474      0.21         0     0.684       200       416     0.359     0.643     0.487     0.461      1.55      1.63         0
   256/599     4.02G     0.504     0.217         0     0.721       185       416     0.358     0.659     0.498     0.464      1.52      1.63         0
   257/599     4.02G     0.499      0.21         0     0.709       171       416     0.353     0.651     0.488     0.458      1.55      1.62         0
   258/599     4.02G     0.517     0.202         0     0.718       244       416      0.36     0.645     0.482     0.462      1.55      1.62         0
   259/599     4.02G     0.454     0.209         0     0.663       241       416     0.355     0.638     0.479     0.456      1.55      1.63         0
   260/599     4.02G     0.488     0.211         0     0.698       333       416     0.359      0.63     0.477     0.457      1.56      1.63         0
   261/599     4.02G     0.486     0.205         0     0.691       210       416     0.351     0.637     0.479     0.452      1.55      1.63         0
   262/599     4.02G      0.48     0.198         0     0.679       302       416      0.35     0.634     0.476     0.451      1.56      1.62         0
   263/599     4.02G     0.477     0.237         0     0.714       265       416     0.361     0.644     0.482     0.463      1.54      1.63         0
   264/599     4.02G     0.463     0.208         0     0.671       237       416     0.358     0.647     0.484     0.461      1.53      1.62         0
   265/599     4.02G     0.471     0.219         0      0.69       162       416     0.367     0.646     0.485     0.468      1.54      1.63         0
   266/599     4.02G     0.472     0.208         0      0.68       249       416     0.361     0.632     0.469      0.46      1.56      1.62         0
   267/599     4.02G     0.455       0.2         0     0.656       277       416     0.369     0.643     0.483     0.469      1.54      1.62         0
   268/599     4.02G     0.484     0.207         0     0.691       170       416     0.367      0.65     0.491     0.469      1.54      1.61         0
   269/599     4.02G     0.474     0.212         0     0.686       232       416     0.357     0.643     0.485      0.46      1.53      1.62         0
   270/599     4.02G     0.474     0.202         0     0.675       262       416     0.352      0.64     0.479     0.454      1.55      1.63         0
   271/599     4.02G     0.467      0.19         0     0.657       176       416     0.346     0.646     0.483     0.451      1.54      1.62         0
   272/599     4.02G     0.492     0.197         0     0.688       268       416     0.363     0.648     0.487     0.466      1.54      1.61         0
   273/599     4.02G     0.474     0.207         0     0.681       255       416     0.361     0.649     0.486     0.464      1.53      1.61         0
   274/599     4.02G     0.459     0.207         0     0.666       153       416     0.352     0.643     0.484     0.455      1.54      1.61         0
   275/599     4.02G     0.469     0.213         0     0.682       247       416     0.362     0.638     0.483     0.462      1.55      1.61         0
   276/599     4.02G     0.451     0.198         0     0.649       173       416     0.358     0.649     0.486     0.461      1.54      1.61         0
   277/599     4.02G     0.453      0.21         0     0.663       212       416     0.378     0.655     0.503     0.479      1.54      1.61         0
   278/599     4.02G     0.446     0.205         0     0.651       195       416     0.358      0.64     0.485     0.459      1.54       1.6         0
   279/599     4.02G     0.461     0.199         0     0.661       233       416     0.362     0.641     0.489     0.462      1.54       1.6         0
   280/599     4.02G     0.458     0.207         0     0.664       244       416     0.353     0.641     0.483     0.455      1.55      1.61         0
   281/599     4.02G     0.471      0.21         0     0.681       250       416     0.359     0.646     0.486     0.462      1.55       1.6         0
   282/599     4.02G     0.442     0.213         0     0.655       175       416      0.35     0.644     0.481     0.453      1.54      1.61         0
   283/599     4.02G     0.457     0.204         0     0.661       201       416     0.352     0.632     0.472     0.453      1.56       1.6         0
   284/599     4.02G     0.472      0.21         0     0.682       215       416     0.352     0.631     0.471     0.452      1.55       1.6         0
   285/599     4.02G      0.45     0.203         0     0.653       183       416     0.358     0.649     0.484     0.462      1.54      1.59         0
   286/599     4.02G     0.443     0.208         0     0.651       341       416     0.357     0.636     0.475     0.458      1.55      1.58         0
   287/599     4.02G     0.446     0.204         0      0.65       240       416     0.352     0.632     0.473     0.452      1.55      1.58         0
   288/599     4.02G     0.448     0.206         0     0.654       178       416     0.349     0.634     0.474      0.45      1.56      1.59         0
   289/599     4.02G     0.462     0.201         0     0.663       290       416     0.364     0.629     0.472     0.461      1.56      1.59         0
   290/599     4.02G     0.467     0.193         0      0.66       216       416     0.357     0.634     0.472     0.457      1.56      1.58         0
   291/599     4.02G     0.462     0.204         0     0.666       169       416     0.344     0.636      0.46     0.447      1.55      1.58         0
   292/599     4.02G     0.445     0.198         0     0.643       257       416     0.364      0.64      0.48     0.464      1.55      1.57         0
   293/599     4.02G     0.457     0.199         0     0.656       203       416     0.376     0.647     0.486     0.476      1.55      1.58         0
   294/599     4.02G     0.459     0.195         0     0.654       275       416      0.37     0.647     0.484     0.471      1.55      1.58         0
   295/599     4.02G     0.437     0.216         0     0.652       200       416     0.373     0.643     0.487     0.472      1.55      1.59         0
   296/599     4.02G     0.441     0.196         0     0.637       238       416     0.367     0.645     0.484     0.468      1.55      1.58         0
   297/599     4.02G     0.441     0.196         0     0.637       175       416     0.366     0.639     0.476     0.466      1.54      1.56         0
   298/599     4.02G     0.455     0.208         0     0.663       202       416     0.363     0.643     0.483     0.464      1.55      1.57         0
   299/599     4.02G     0.435     0.208         0     0.643       354       416     0.365     0.623     0.476      0.46      1.57      1.57         0
   300/599     4.02G     0.443     0.202         0     0.644       113       416     0.352     0.639     0.478     0.454      1.55      1.55         0
   301/599     4.02G     0.434     0.186         0      0.62       185       416     0.357     0.646     0.483      0.46      1.54      1.55         0
   302/599     4.02G      0.46     0.199         0      0.66       196       416     0.358     0.633     0.475     0.457      1.56      1.56         0
   303/599     4.02G     0.445     0.212         0     0.657       167       416     0.373     0.651       0.5     0.475      1.54      1.55         0
   304/599     4.02G     0.422     0.198         0      0.62       274       416     0.371     0.657     0.499     0.475      1.53      1.57         0
   305/599     4.02G     0.443     0.218         0     0.661       247       416     0.375     0.658     0.502     0.478      1.55      1.57         0
   306/599     4.02G     0.439     0.204         0     0.643       247       416     0.385     0.642     0.496     0.481      1.55      1.56         0
   307/599     4.02G     0.441     0.191         0     0.632       197       416     0.367     0.659     0.498     0.472      1.54      1.55         0
   308/599     4.02G     0.435     0.199         0     0.633       250       416     0.367     0.654     0.498      0.47      1.54      1.55         0
   309/599     4.02G     0.446     0.197         0     0.643       201       416     0.355     0.641     0.482     0.457      1.56      1.55         0
   310/599     4.02G     0.432     0.197         0     0.629       222       416     0.361     0.653     0.491     0.465      1.54      1.54         0
   311/599     4.02G     0.446     0.191         0     0.637       208       416     0.354     0.637     0.475     0.455      1.56      1.54         0
   312/599     4.02G     0.433     0.181         0     0.614       306       416     0.359     0.643     0.479     0.461      1.55      1.53         0
   313/599     4.02G     0.444     0.191         0     0.635       209       416      0.35     0.637     0.475     0.452      1.56      1.53         0
   314/599     4.02G     0.413     0.195         0     0.608       241       416     0.358     0.639     0.484     0.459      1.56      1.52         0
   315/599     4.02G     0.452     0.198         0      0.65       169       416     0.363     0.656       0.5     0.468      1.54      1.51         0
   316/599     4.02G      0.42     0.194         0     0.615       227       416     0.357      0.64     0.488     0.458      1.57      1.51         0
   317/599     4.02G     0.441     0.191         0     0.632       251       416      0.37     0.654       0.5     0.473      1.55      1.51         0
   318/599     4.02G     0.444     0.199         0     0.642       236       416      0.38     0.645     0.495     0.478      1.56      1.51         0
   319/599     4.02G     0.441     0.194         0     0.635       204       416     0.362     0.645     0.489     0.464      1.55      1.52         0
   320/599     4.02G     0.431     0.191         0     0.623       233       416     0.366     0.657     0.502      0.47      1.54      1.52         0
   321/599     4.02G     0.439     0.194         0     0.633       229       416     0.371     0.647     0.495     0.472      1.55      1.52         0
   322/599     4.02G     0.423     0.199         0     0.622       170       416     0.349     0.637     0.476     0.451      1.56       1.5         0
   323/599     4.02G     0.423     0.199         0     0.622       192       416     0.363     0.649     0.489     0.466      1.55      1.51         0
   324/599     4.02G     0.434     0.184         0     0.618       226       416     0.361     0.648     0.487     0.464      1.54      1.51         0
   325/599     4.02G     0.424     0.188         0     0.611       256       416     0.366     0.646      0.49     0.467      1.54       1.5         0
   326/599     4.02G     0.435     0.187         0     0.622       205       416     0.353     0.631     0.473     0.453      1.56       1.5         0
   327/599     4.02G     0.451     0.184         0     0.636       254       416     0.358     0.633     0.479     0.457      1.56       1.5         0
   328/599     4.02G     0.426     0.202         0     0.628       215       416     0.368     0.633     0.481     0.465      1.56      1.51         0
   329/599     4.02G     0.436     0.185         0     0.621       203       416     0.369      0.65       0.5     0.471      1.53      1.49         0
   330/599     4.02G     0.432     0.196         0     0.629       228       416     0.392     0.652     0.506     0.489      1.55       1.5         0
   331/599     4.02G     0.446     0.205         0     0.652       233       416     0.382     0.639      0.49     0.478      1.56       1.5         0
   332/599     4.02G     0.418     0.187         0     0.605       251       416     0.367     0.641     0.488     0.467      1.54      1.49         0
   333/599     4.02G     0.423       0.2         0     0.623       152       416     0.356     0.646     0.486     0.459      1.55      1.51         0
   334/599     4.02G     0.416     0.188         0     0.604       163       416     0.378     0.657     0.499      0.48      1.54      1.49         0
   335/599     4.02G     0.442     0.195         0     0.637       177       416     0.388     0.655     0.502     0.487      1.54      1.49         0
   336/599     4.02G      0.42     0.197         0     0.617       186       416     0.371     0.647     0.491     0.471      1.54      1.49         0
   337/599     4.02G     0.433     0.185         0     0.617       275       416     0.377      0.64     0.487     0.474      1.54      1.48         0
   338/599     4.02G     0.439     0.198         0     0.637       211       416     0.366     0.648     0.491     0.468      1.55       1.5         0
   339/599     4.02G     0.413     0.174         0     0.588       188       416     0.367     0.648     0.492     0.469      1.54      1.48         0
   340/599     4.02G      0.41     0.179         0      0.59       212       416     0.348     0.646     0.488     0.453      1.54      1.49         0
   341/599     4.02G     0.413     0.183         0     0.596       171       416     0.361     0.645      0.49     0.463      1.54      1.47         0
   342/599     4.02G     0.407     0.184         0     0.591       235       416     0.381     0.653     0.507     0.481      1.55      1.48         0
   343/599     4.02G     0.409     0.192         0     0.601       368       416     0.383     0.634     0.489     0.478      1.57      1.49         0
   344/599     4.02G      0.42     0.186         0     0.606       227       416     0.383     0.648     0.501     0.482      1.54      1.48         0
   345/599     4.02G     0.404     0.194         0     0.598       278       416     0.389     0.626     0.481      0.48      1.57      1.49         0
   346/599     4.02G     0.424     0.182         0     0.605       271       416     0.385     0.635     0.489     0.479      1.56       1.5         0
   347/599     4.02G     0.427     0.176         0     0.604       185       416     0.359     0.639     0.483     0.459      1.56      1.48         0
   348/599     4.02G     0.431     0.187         0     0.618       249       416      0.36     0.629      0.47     0.458      1.57       1.5         0
   349/599     4.02G     0.408     0.182         0      0.59       230       416     0.363     0.644     0.484     0.464      1.55      1.48         0
   350/599     4.02G     0.404     0.185         0     0.588       204       416      0.37     0.648     0.492     0.471      1.55      1.48         0
   351/599     4.02G     0.409     0.196         0     0.605       210       416     0.368      0.64     0.484     0.468      1.56      1.49         0
   352/599     4.02G     0.398     0.192         0      0.59       219       416     0.371     0.634     0.484     0.468      1.56      1.49         0
   353/599     4.02G     0.416     0.197         0     0.614       233       416     0.384     0.643       0.5     0.481      1.56      1.49         0
   354/599     4.02G     0.426     0.189         0     0.615       216       416     0.373     0.644     0.493     0.473      1.55      1.49         0
   355/599     4.02G     0.407     0.181         0     0.588       216       416     0.357     0.641      0.49     0.458      1.55      1.47         0
   356/599     4.02G     0.408     0.183         0     0.591       266       416     0.362     0.635     0.484     0.461      1.56      1.48         0
   357/599     4.02G     0.413     0.187         0     0.599       213       416     0.368     0.639     0.486     0.467      1.57      1.48         0
   358/599     4.02G     0.425     0.191         0     0.616       168       416     0.365     0.647     0.497     0.467      1.54      1.48         0
   359/599     4.02G     0.425     0.183         0     0.608       163       416     0.375     0.651     0.506     0.476      1.55      1.47         0
   360/599     4.02G     0.405     0.184         0      0.59       193       416     0.389     0.644       0.5     0.485      1.55      1.46         0
   361/599     4.02G     0.412     0.175         0     0.587       181       416     0.385     0.649       0.5     0.483      1.55      1.46         0
   362/599     4.02G      0.41     0.195         0     0.605       207       416     0.386     0.662     0.518     0.488      1.54      1.46         0
   363/599     4.02G     0.413     0.184         0     0.597       196       416     0.388     0.647     0.499     0.485      1.55      1.45         0
   364/599     4.02G     0.419     0.191         0     0.609       191       416     0.381     0.645     0.494     0.479      1.56      1.45         0
   365/599     4.02G      0.42     0.173         0     0.593       213       416      0.37      0.66     0.503     0.474      1.53      1.44         0
   366/599     4.02G     0.408     0.177         0     0.585       208       416     0.368     0.644     0.485     0.468      1.56      1.45         0
   367/599     4.02G     0.391     0.186         0     0.577       223       416     0.376     0.649     0.494     0.476      1.56      1.45         0
   368/599     4.02G     0.409     0.183         0     0.592       221       416     0.374     0.652     0.491     0.476      1.55      1.46         0
   369/599     4.02G     0.399     0.185         0     0.583       282       416     0.389     0.647     0.492     0.486      1.57      1.45         0
   370/599     4.02G     0.418       0.2         0     0.618       271       416     0.386     0.641      0.49     0.482      1.56      1.45         0
   371/599     4.02G     0.416     0.182         0     0.598       217       416     0.384     0.658     0.501     0.485      1.55      1.46         0
   372/599     4.02G      0.42     0.176         0     0.596       202       416      0.37     0.654     0.496     0.472      1.56      1.45         0
   373/599     4.02G     0.413     0.193         0     0.605       177       416     0.376     0.651     0.501     0.477      1.56      1.46         0
   374/599     4.02G     0.411     0.194         0     0.605       203       416     0.368     0.642     0.488     0.468      1.56      1.46         0
   375/599     4.02G     0.411     0.176         0     0.588       162       416     0.351     0.646     0.479     0.455      1.55      1.43         0
   376/599     4.02G     0.397     0.181         0     0.578       194       416     0.362      0.64     0.484     0.462      1.56      1.44         0
   377/599     4.02G     0.397     0.191         0     0.589       213       416     0.373     0.649     0.496     0.473      1.55      1.44         0
   378/599     4.02G     0.403     0.195         0     0.598       264       416     0.382     0.649     0.503     0.481      1.55      1.45         0
   379/599     4.02G      0.39      0.18         0      0.57       185       416     0.379     0.651     0.504     0.479      1.56      1.44         0
   380/599     4.02G     0.395      0.17         0     0.565       228       416     0.379     0.656     0.507      0.48      1.55      1.44         0
   381/599     4.02G     0.373      0.17         0     0.543       235       416     0.377     0.656     0.512     0.479      1.54      1.43         0
   382/599     4.02G     0.394     0.175         0     0.569       184       416     0.376     0.659     0.513     0.479      1.54      1.43         0
   383/599     4.02G     0.408     0.177         0     0.585       231       416      0.38     0.652     0.512      0.48      1.55      1.43         0
   384/599     4.02G     0.414      0.18         0     0.593       196       416     0.385     0.649     0.515     0.484      1.55      1.42         0
   385/599     4.02G     0.412     0.187         0     0.599       253       416     0.396     0.648     0.515     0.491      1.56      1.44         0
   386/599     4.02G     0.422     0.187         0     0.609       269       416     0.395     0.656     0.527     0.493      1.55      1.43         0
   387/599     4.02G     0.408     0.165         0     0.573       183       416     0.371     0.658     0.514     0.474      1.55      1.43         0
   388/599     4.02G     0.401     0.187         0     0.589       186       416      0.38     0.658     0.512     0.482      1.54      1.43         0
   389/599     4.02G     0.405     0.186         0     0.591       237       416     0.387      0.66     0.518     0.488      1.55      1.44         0
   390/599     4.02G     0.401      0.17         0      0.57       244       416     0.372     0.656     0.503     0.475      1.55      1.42         0
   391/599     4.02G     0.412     0.188         0     0.599       233       416     0.379     0.652     0.508      0.48      1.56      1.43         0
   392/599     4.02G     0.394     0.178         0     0.572       192       416     0.374     0.657     0.509     0.477      1.55      1.43         0
   393/599     4.02G     0.393     0.182         0     0.575       215       416     0.365     0.645     0.497     0.467      1.56      1.45         0
   394/599     4.02G     0.395     0.176         0     0.571       156       416     0.386     0.662     0.518     0.488      1.55      1.44         0
   395/599     4.02G     0.385     0.168         0     0.553       196       416     0.372     0.656     0.506     0.475      1.56      1.44         0
   396/599     4.02G     0.407     0.186         0     0.593       224       416     0.384      0.65     0.509     0.482      1.55      1.45         0
   397/599     4.02G     0.381     0.173         0     0.554       267       416     0.386     0.648     0.504     0.484      1.56      1.44         0
   398/599     4.02G     0.396      0.19         0     0.586       256       416     0.393     0.651     0.511      0.49      1.55      1.44         0
   399/599     4.02G      0.39     0.164         0     0.554       203       416     0.388     0.657      0.51     0.487      1.55      1.44         0
   400/599     4.02G     0.371     0.177         0     0.548       195       416     0.382     0.658     0.509     0.483      1.55      1.44         0
   401/599     4.02G     0.383     0.178         0     0.561       253       416     0.383     0.661     0.514     0.485      1.55      1.44         0
   402/599     4.02G     0.386     0.174         0      0.56       221       416      0.39     0.662     0.519     0.491      1.55      1.44         0
   403/599     4.02G     0.383     0.187         0      0.57       234       416     0.396     0.664     0.521     0.496      1.54      1.44         0
   404/599     4.02G     0.387     0.176         0     0.563       200       416     0.385     0.667     0.519     0.488      1.54      1.43         0
   405/599     4.02G     0.399     0.173         0     0.572       253       416     0.391     0.659     0.514     0.491      1.55      1.44         0
   406/599     4.02G     0.403      0.18         0     0.583       271       416     0.392     0.661     0.518     0.492      1.55      1.43         0
   407/599     4.02G     0.374     0.182         0     0.556       209       416     0.386     0.658     0.511     0.487      1.55      1.43         0
   408/599     4.02G     0.384     0.173         0     0.556       194       416     0.371     0.665     0.512     0.476      1.55      1.43         0
   409/599     4.02G     0.372     0.179         0     0.551       244       416     0.388     0.667     0.524      0.49      1.54      1.42         0
   410/599     4.02G     0.373     0.166         0      0.54       186       416     0.379     0.661     0.515     0.482      1.55      1.42         0
   411/599     4.02G     0.388     0.178         0     0.566       274       416     0.383     0.658     0.511     0.484      1.55      1.43         0
   412/599     4.02G      0.39     0.184         0     0.574       193       416      0.38     0.662     0.518     0.483      1.55      1.43         0
   413/599     4.02G     0.369     0.168         0     0.537       199       416     0.377     0.663     0.517     0.481      1.54      1.43         0
   414/599     4.02G     0.375     0.178         0     0.553       214       416     0.383     0.663     0.519     0.485      1.54      1.43         0
   415/599     4.02G     0.377     0.166         0     0.544       248       416     0.382     0.664     0.521     0.485      1.54      1.42         0
   416/599     4.02G     0.392     0.176         0     0.568       214       416     0.384     0.658     0.514     0.485      1.55      1.43         0
   417/599     4.02G     0.386     0.184         0      0.57       188       416     0.384     0.656     0.512     0.485      1.55      1.42         0
   418/599     4.02G     0.382     0.172         0     0.554       202       416     0.384     0.657     0.512     0.485      1.55      1.41         0
   419/599     4.02G     0.366     0.182         0     0.547       265       416     0.384     0.651     0.508     0.483      1.56      1.43         0
   420/599     4.02G     0.389     0.163         0     0.553       230       416      0.38     0.658     0.511     0.482      1.55      1.43         0
   421/599     4.02G     0.378     0.174         0     0.552       207       416     0.382     0.654     0.509     0.482      1.55      1.43         0
   422/599     4.02G     0.384     0.169         0     0.553       244       416     0.384     0.656     0.511     0.485      1.55      1.42         0
   423/599     4.02G     0.377     0.176         0     0.554       170       416     0.388     0.655     0.512     0.487      1.55      1.42         0
   424/599     4.02G     0.373     0.178         0     0.551       150       416     0.384     0.657     0.511     0.485      1.55      1.43         0
   425/599     4.02G      0.38     0.179         0      0.56       242       416      0.39     0.655     0.511     0.489      1.55      1.43         0
   426/599     4.02G     0.387     0.191         0     0.578       200       416     0.386     0.649     0.502     0.484      1.56      1.43         0
   427/599     4.02G      0.39     0.184         0     0.573       216       416     0.384     0.656     0.509     0.484      1.55      1.42         0
   428/599     4.02G     0.375     0.185         0     0.561       240       416     0.382     0.651     0.505     0.482      1.56      1.44         0
   429/599     4.02G     0.382      0.18         0     0.563       212       416     0.385     0.657      0.51     0.486      1.55      1.43         0
   430/599     4.02G     0.381     0.174         0     0.554       223       416     0.385     0.659     0.512     0.486      1.55      1.43         0
   431/599     4.02G     0.384     0.184         0     0.569       216       416     0.382     0.653     0.508     0.482      1.55      1.43         0
   432/599     4.02G     0.366     0.171         0     0.536       174       416     0.387     0.662     0.518     0.489      1.54      1.42         0
   433/599     4.02G     0.373     0.173         0     0.546       201       416      0.38     0.661     0.514     0.482      1.55      1.42         0
   434/599     4.02G     0.369     0.179         0     0.547       216       416     0.376     0.657     0.506     0.479      1.55      1.43         0
   435/599     4.02G     0.366     0.177         0     0.543       173       416     0.383     0.661     0.516     0.485      1.55      1.42         0
   436/599     4.02G     0.378     0.168         0     0.546       235       416     0.386     0.665     0.523     0.489      1.54      1.41         0
   437/599     4.02G      0.37     0.172         0     0.542       214       416     0.386     0.657     0.513     0.486      1.56      1.43         0
   438/599     4.02G     0.364     0.172         0     0.536       189       416     0.381     0.659      0.51     0.483      1.55      1.41         0
   439/599     4.02G     0.377     0.173         0      0.55       219       416     0.379      0.66     0.515     0.481      1.55      1.41         0
   440/599     4.02G     0.363     0.165         0     0.528       233       416      0.38     0.661     0.516     0.482      1.54      1.41         0
   441/599     4.02G     0.366     0.166         0     0.532       198       416     0.381     0.661     0.518     0.484      1.54      1.41         0
   442/599     4.02G     0.375     0.171         0     0.546       209       416     0.389     0.662     0.522      0.49      1.54      1.41         0
   443/599     4.02G     0.406     0.179         0     0.585       230       416     0.389     0.662     0.523      0.49      1.55      1.42         0
   444/599     4.02G     0.375     0.177         0     0.552       211       416      0.38     0.661     0.519     0.483      1.55      1.41         0
   445/599     4.02G      0.38      0.17         0      0.55       297       416     0.382     0.662      0.52     0.484      1.55      1.41         0
   446/599     4.02G     0.386      0.18         0     0.567       201       416     0.386     0.652     0.513     0.485      1.56      1.42         0
   447/599     4.02G     0.361     0.183         0     0.545       213       416     0.392     0.651     0.514     0.489      1.56      1.42         0
   448/599     4.02G     0.387     0.177         0     0.564       192       416     0.395     0.662     0.527     0.495      1.55      1.41         0
   449/599     4.02G     0.387     0.177         0     0.564       259       416     0.389     0.662     0.523      0.49      1.55      1.42         0
   450/599     4.02G     0.381     0.169         0     0.549       189       416     0.384     0.661     0.519     0.486      1.55      1.42         0
   451/599     4.02G     0.374     0.173         0     0.547       145       416     0.384      0.66      0.52     0.486      1.55      1.41         0
   452/599     4.02G     0.375     0.181         0     0.556       207       416     0.387     0.657     0.514     0.487      1.56      1.43         0
   453/599     4.02G     0.369     0.172         0     0.542       179       416     0.383     0.661     0.517     0.485      1.55      1.42         0
   454/599     4.02G     0.372     0.167         0     0.539       221       416     0.387     0.663      0.52     0.489      1.54      1.41         0
   455/599     4.02G     0.358     0.171         0     0.529       215       416     0.385     0.663     0.518     0.487      1.55      1.41         0
   456/599     4.02G     0.364     0.182         0     0.546       241       416     0.399     0.658     0.519     0.497      1.55      1.42         0
   457/599     4.02G     0.374     0.179         0     0.553       224       416     0.387     0.656     0.513     0.487      1.55      1.42         0
   458/599     4.02G     0.385     0.179         0     0.564       204       416     0.388     0.659     0.514     0.488      1.55      1.41         0
   459/599     4.02G     0.386     0.184         0     0.569       279       416     0.392     0.658     0.516     0.492      1.55      1.42         0
   460/599     4.02G     0.381      0.17         0     0.551       184       416     0.384     0.661     0.516     0.486      1.55      1.42         0
   461/599     4.02G     0.383     0.175         0     0.558       273       416      0.39     0.664     0.521     0.491      1.55      1.42         0
   462/599     4.02G     0.367     0.174         0     0.541       192       416     0.381     0.665     0.515     0.485      1.54      1.41         0
   463/599     4.02G     0.386     0.185         0     0.571       273       416     0.394     0.661      0.52     0.493      1.55      1.42         0
   464/599     4.02G     0.358     0.177         0     0.535       202       416     0.393     0.662     0.521     0.493      1.55      1.41         0
   465/599     4.02G     0.365     0.171         0     0.536       207       416     0.387     0.656     0.511     0.486      1.55      1.41         0
   466/599     4.02G     0.388     0.176         0     0.564       252       416     0.384     0.658     0.512     0.485      1.55      1.42         0
   467/599     4.02G     0.359     0.179         0     0.538       216       416     0.379     0.658      0.51     0.481      1.55      1.41         0
   468/599     4.02G     0.376     0.176         0     0.552       195       416     0.383     0.663     0.519     0.486      1.55      1.41         0
   469/599     4.02G     0.368     0.165         0     0.533       195       416      0.38      0.66     0.515     0.482      1.55      1.42         0
   470/599     4.02G     0.378     0.174         0     0.552       216       416     0.382     0.659     0.513     0.484      1.55       1.4         0
   471/599     4.02G     0.369     0.184         0     0.553       194       416     0.387     0.649     0.505     0.485      1.56      1.42         0
   472/599     4.02G     0.392     0.173         0     0.565       187       416     0.389     0.657     0.515     0.489      1.55      1.41         0
   473/599     4.02G     0.377      0.18         0     0.556       294       416     0.387     0.657     0.515     0.487      1.55      1.42         0
   474/599     4.02G      0.36     0.169         0     0.529       214       416     0.386     0.658     0.514     0.486      1.55      1.42         0
   475/599     4.02G     0.362     0.172         0     0.533       208       416     0.385      0.66     0.518     0.487      1.55      1.41         0
   476/599     4.02G     0.384     0.181         0     0.565       186       416     0.387      0.66     0.516     0.488      1.55      1.42         0
   477/599     4.02G     0.367      0.18         0     0.547       269       416     0.392     0.658     0.515     0.492      1.55      1.42         0
   478/599     4.02G     0.387     0.171         0     0.558       216       416      0.39      0.66     0.518      0.49      1.55      1.42         0
   479/599     4.02G     0.379      0.18         0     0.559       168       416      0.39     0.657     0.514      0.49      1.56      1.43         0
   480/599     4.02G     0.371      0.18         0     0.551       231       416     0.388      0.66      0.52     0.489      1.55      1.43         0
   481/599     4.02G     0.363     0.182         0     0.545       235       416       0.4     0.661     0.526     0.499      1.55      1.42         0
   482/599     4.02G     0.377     0.174         0     0.551       281       416     0.392      0.66     0.522     0.492      1.55      1.42         0
   483/599     4.02G      0.38     0.175         0     0.555       198       416     0.377     0.659     0.511      0.48      1.55      1.42         0
   484/599     4.02G     0.378     0.176         0     0.554       190       416     0.385     0.664     0.522     0.487      1.55      1.41         0
   485/599     4.02G     0.374     0.185         0     0.559       208       416     0.394     0.663     0.524     0.494      1.55      1.42         0
   486/599     4.02G     0.368     0.168         0     0.537       227       416     0.386     0.665     0.522     0.489      1.54       1.4         0
   487/599     4.02G      0.37     0.167         0     0.537       183       416     0.383     0.659     0.515     0.485      1.55      1.41         0
   488/599     4.02G     0.376      0.18         0     0.556       233       416     0.399     0.657      0.52     0.496      1.55      1.41         0
   489/599     4.02G     0.375     0.185         0      0.56       243       416     0.391     0.652     0.513     0.489      1.56      1.42         0
   490/599     4.02G     0.365     0.183         0     0.548       294       416     0.393     0.658     0.519     0.492      1.55      1.41         0
   491/599     4.02G     0.383     0.166         0     0.549       165       416     0.387     0.663     0.522     0.488      1.54      1.41         0
   492/599     4.02G     0.374     0.181         0     0.555       202       416     0.392      0.66     0.523     0.492      1.55      1.42         0
   493/599     4.02G     0.384     0.179         0     0.563       193       416     0.391      0.66     0.524     0.491      1.54      1.41         0
   494/599     4.02G     0.376     0.176         0     0.552       271       416     0.391     0.655     0.516      0.49      1.55      1.42         0
   495/599     4.02G     0.375     0.172         0     0.547       206       416     0.381      0.66     0.519     0.484      1.55      1.41         0
   496/599     4.02G     0.368     0.175         0     0.543       190       416      0.39     0.652     0.514     0.488      1.56      1.42         0
   497/599     4.02G     0.384     0.178         0     0.561       245       416      0.39     0.658     0.517      0.49      1.55       1.4         0
   498/599     4.02G     0.369     0.172         0     0.541       162       416     0.392     0.659     0.517     0.491      1.55      1.41         0
   499/599     4.02G     0.364     0.171         0     0.536       263       416     0.389     0.659     0.516     0.489      1.55      1.41         0
   500/599     4.02G     0.368     0.162         0     0.529       162       416     0.381      0.66     0.516     0.484      1.55      1.41         0
   501/599     4.02G     0.379     0.177         0     0.557       236       416     0.393     0.657     0.515     0.492      1.55      1.41         0
   502/599     4.02G     0.352     0.177         0     0.529       188       416     0.386     0.659     0.514     0.487      1.55      1.41         0
   503/599     4.02G     0.359     0.171         0      0.53       157       416     0.387     0.662     0.519     0.489      1.55      1.41         0
   504/599     4.02G     0.385     0.179         0     0.564       304       416     0.392     0.661     0.521     0.492      1.55      1.41         0
   505/599     4.02G     0.374     0.167         0     0.541       241       416     0.384     0.658     0.511     0.485      1.56      1.42         0
   506/599     4.02G     0.351     0.168         0      0.52       302       416     0.394     0.656     0.514     0.492      1.56      1.41         0
   507/599     4.02G     0.367     0.161         0     0.527       202       416     0.376     0.663     0.516      0.48      1.55       1.4         0
   508/599     4.02G     0.365     0.166         0     0.532       173       416     0.382     0.663     0.518     0.484      1.55       1.4         0
   509/599     4.02G     0.362     0.168         0      0.53       188       416     0.388     0.664     0.523      0.49      1.55       1.4         0
   510/599     4.02G     0.375      0.18         0     0.555       217       416     0.399      0.66     0.523     0.497      1.56      1.42         0
   511/599     4.02G     0.367     0.181         0     0.547       223       416     0.396     0.661     0.523     0.495      1.55      1.42         0
   512/599     4.02G     0.369     0.179         0     0.548       239       416     0.399     0.663     0.528     0.499      1.55       1.4         0
   513/599     4.02G      0.37     0.175         0     0.545       188       416     0.401     0.666     0.529     0.501      1.54      1.39         0
   514/599     4.02G     0.379     0.177         0     0.556       275       416     0.401     0.661     0.527     0.499      1.55      1.41         0
   515/599     4.02G     0.373     0.169         0     0.542       196       416     0.393     0.661     0.523     0.493      1.55      1.41         0
   516/599     4.02G     0.368     0.177         0     0.545       254       416     0.398     0.662     0.528     0.497      1.55       1.4         0
   517/599     4.02G     0.357     0.173         0      0.53       176       416     0.386      0.66      0.52     0.487      1.55      1.41         0
   518/599     4.02G     0.366     0.173         0     0.539       217       416     0.395     0.663     0.526     0.495      1.55      1.41         0
   519/599     4.02G     0.373      0.17         0     0.543       255       416     0.394     0.662     0.524     0.494      1.55      1.42         0
   520/599     4.02G     0.367     0.167         0     0.534       175       416     0.386     0.665     0.524     0.488      1.55      1.41         0
   521/599     4.02G     0.358      0.17         0     0.529       177       416     0.383     0.664     0.524     0.485      1.55       1.4         0
   522/599     4.02G     0.368     0.171         0     0.538       248       416     0.388     0.658     0.518     0.488      1.55      1.41         0
   523/599     4.02G     0.353     0.188         0     0.541       202       416       0.4     0.663     0.529     0.499      1.55      1.41         0
   524/599     4.02G     0.367     0.176         0     0.543       248       416     0.396     0.662     0.526     0.495      1.55      1.41         0
   525/599     4.02G     0.343     0.165         0     0.508       238       416     0.389     0.656     0.515     0.488      1.56       1.4         0
   526/599     4.02G      0.37     0.169         0     0.539       310       416     0.393     0.655     0.517     0.491      1.56       1.4         0
   527/599     4.02G     0.374     0.172         0     0.546       211       416     0.384     0.655     0.514     0.484      1.56       1.4         0
   528/599     4.02G      0.36     0.179         0     0.539       247       416     0.397     0.663     0.527     0.497      1.55       1.4         0
   529/599     4.02G     0.356     0.174         0      0.53       219       416     0.387     0.657     0.514     0.487      1.55      1.41         0
   530/599     4.02G     0.359     0.179         0     0.538       248       416      0.39     0.659     0.518      0.49      1.55       1.4         0
   531/599     4.02G     0.363     0.176         0     0.539       149       416     0.387     0.658     0.516     0.487      1.55       1.4         0
   532/599     4.02G     0.364     0.175         0     0.539       206       416     0.387      0.66     0.523     0.488      1.55      1.41         0
   533/599     4.02G     0.374     0.164         0     0.538       190       416     0.375     0.664     0.519     0.479      1.55       1.4         0
   534/599     4.02G     0.382     0.179         0     0.561       240       416     0.394     0.662     0.526     0.494      1.55      1.41         0
   535/599     4.02G     0.373     0.177         0      0.55       239       416     0.388     0.663     0.523      0.49      1.55      1.41         0
   536/599     4.02G     0.368     0.164         0     0.532       163       416     0.383     0.662     0.521     0.485      1.55       1.4         0
   537/599     4.02G     0.364     0.173         0     0.537       213       416     0.387     0.662     0.522     0.488      1.55      1.39         0
   538/599     4.02G     0.369     0.182         0     0.551       268       416     0.398     0.662     0.526     0.497      1.55      1.41         0
   539/599     4.02G     0.361     0.169         0      0.53       207       416     0.395     0.663     0.525     0.495      1.55      1.41         0
   540/599     4.02G     0.366     0.183         0      0.55       221       416       0.4     0.659     0.521     0.497      1.55      1.41         0
   541/599     4.02G     0.368     0.185         0     0.553       212       416     0.399     0.656     0.519     0.496      1.56      1.41         0
   542/599     4.02G     0.367     0.176         0     0.543       260       416     0.394     0.657     0.516     0.493      1.55      1.41         0
   543/599     4.02G     0.357     0.172         0     0.529       193       416     0.387     0.657     0.513     0.487      1.56      1.41         0
   544/599     4.02G     0.356     0.176         0     0.532       281       416     0.392      0.66     0.522     0.492      1.55      1.41         0
   545/599     4.02G     0.358     0.179         0     0.538       212       416     0.393     0.656     0.516     0.492      1.56      1.42         0
   546/599     4.02G      0.36     0.171         0     0.531       183       416     0.392     0.661     0.521     0.492      1.55      1.41         0
   547/599     4.02G     0.365     0.171         0     0.536       245       416     0.385     0.661     0.519     0.487      1.55      1.41         0
   548/599     4.02G     0.379     0.175         0     0.554       206       416     0.386     0.658     0.513     0.487      1.55      1.41         0
   549/599     4.02G     0.388     0.175         0     0.563       169       416     0.388     0.661     0.518     0.489      1.55       1.4         0
   550/599     4.02G     0.362     0.174         0     0.536       298       416      0.39      0.66      0.52      0.49      1.55       1.4         0
   551/599     4.02G     0.366     0.177         0     0.544       216       416      0.39     0.659     0.517      0.49      1.56      1.41         0
   552/599     4.02G     0.393     0.188         0     0.581       259       416     0.401      0.66     0.525     0.499      1.55      1.42         0
   553/599     4.02G     0.356     0.172         0     0.529       248       416     0.383     0.662     0.516     0.485      1.55       1.4         0
   554/599     4.02G      0.35     0.185         0     0.535       203       416     0.391     0.663     0.521     0.492      1.55       1.4         0
   555/599     4.02G     0.371     0.179         0     0.551       229       416     0.387     0.664      0.52     0.489      1.55       1.4         0
   556/599     4.02G      0.37     0.183         0     0.552       242       416     0.386     0.661     0.519     0.488      1.55      1.41         0
   557/599     4.02G     0.371     0.185         0     0.556       198       416     0.394     0.659     0.516     0.493      1.55      1.41         0
   558/599     4.02G     0.375     0.187         0     0.562       195       416     0.395      0.66     0.522     0.495      1.55      1.41         0
   559/599     4.02G     0.368     0.182         0      0.55       191       416     0.383     0.656      0.51     0.484      1.55      1.41         0
   560/599     4.02G     0.365     0.174         0     0.539       236       416     0.388     0.662      0.52     0.489      1.55       1.4         0
   561/599     4.02G     0.356     0.164         0      0.52       247       416     0.379     0.659     0.511     0.482      1.55       1.4         0
   562/599     4.02G     0.368     0.175         0     0.543       275       416     0.386     0.657     0.514     0.486      1.55       1.4         0
   563/599     4.02G     0.354      0.17         0     0.524       201       416     0.378     0.661     0.514     0.481      1.55       1.4         0
   564/599     4.02G     0.365     0.174         0     0.539       236       416      0.38     0.664     0.518     0.483      1.55       1.4         0
   565/599     4.02G     0.372     0.171         0     0.543       215       416     0.376      0.66     0.515     0.479      1.55       1.4         0
   566/599     4.02G     0.359     0.168         0     0.527       155       416     0.375     0.657     0.508     0.478      1.55      1.39         0
   567/599     4.02G     0.361     0.166         0     0.527       214       416     0.378     0.655     0.509     0.479      1.55      1.39         0
   568/599     4.02G     0.366     0.177         0     0.542       198       416     0.384     0.651     0.508     0.483      1.56       1.4         0
   569/599     4.02G     0.356     0.169         0     0.525       198       416     0.382     0.654     0.512     0.482      1.56       1.4         0
   570/599     4.02G     0.365     0.176         0     0.541       234       416     0.391     0.661     0.521     0.491      1.55       1.4         0
   571/599     4.02G     0.369      0.17         0     0.539       250       416     0.391     0.659     0.518      0.49      1.55       1.4         0
   572/599     4.02G     0.379     0.173         0     0.552       213       416     0.399     0.666     0.526     0.499      1.55       1.4         0
   573/599     4.02G     0.371     0.168         0     0.539       209       416     0.383      0.66      0.52     0.485      1.55      1.39         0
   574/599     4.02G     0.364     0.179         0     0.543       236       416     0.399     0.658     0.519     0.497      1.55      1.39         0
   575/599     4.02G     0.352     0.177         0     0.529       249       416     0.401     0.656     0.519     0.497      1.55      1.39         0
   576/599     4.02G     0.358     0.184         0     0.542       317       416     0.402     0.652      0.52     0.498      1.55      1.39         0
   577/599     4.02G     0.355     0.178         0     0.533       228       416     0.398     0.651     0.517     0.494      1.56       1.4         0
   578/599     4.02G     0.355     0.168         0     0.523       158       416     0.392     0.657     0.517     0.491      1.55       1.4         0
   579/599     4.02G     0.385     0.182         0     0.567       247       416     0.393     0.655     0.516     0.491      1.56       1.4         0
   580/599     4.02G     0.349     0.172         0      0.52       173       416     0.394     0.661     0.523     0.494      1.55      1.38         0
   581/599     4.02G     0.362     0.169         0     0.531       237       416     0.388     0.656     0.514     0.488      1.55       1.4         0
   582/599     4.02G     0.357     0.177         0     0.534       238       416     0.386      0.66     0.521     0.488      1.55       1.4         0
   583/599     4.02G     0.374     0.179         0     0.553       227       416     0.397      0.66     0.523     0.496      1.55       1.4         0
   584/599     4.02G     0.361      0.18         0     0.541       186       416     0.392     0.663     0.523     0.493      1.55      1.39         0
   585/599     4.02G     0.367     0.176         0     0.543       231       416     0.396     0.663     0.524     0.496      1.55      1.39         0
   586/599     4.02G     0.358     0.169         0     0.527       215       416      0.39     0.664     0.521     0.492      1.55      1.39         0
   587/599     4.02G      0.36     0.174         0     0.534       186       416     0.392     0.665     0.523     0.493      1.55      1.39         0
   588/599     4.02G     0.357     0.177         0     0.534       235       416     0.391      0.66     0.519     0.491      1.55       1.4         0
   589/599     4.02G     0.361     0.167         0     0.527       260       416     0.388     0.664     0.521      0.49      1.55      1.39         0
   590/599     4.02G     0.354     0.169         0     0.523       243       416     0.392     0.664     0.524     0.493      1.55      1.39         0
   591/599     4.02G     0.357     0.173         0      0.53       256       416     0.389     0.661     0.522      0.49      1.55      1.39         0
   592/599     4.02G     0.344     0.164         0     0.508       189       416     0.385     0.662     0.521     0.487      1.55      1.38         0
   593/599     4.02G     0.352     0.165         0     0.517       217       416     0.383     0.658     0.514     0.484      1.55      1.38         0
   594/599     4.02G     0.357     0.173         0      0.53       178       416     0.385     0.661     0.521     0.487      1.55      1.39         0
   595/599     4.02G     0.362     0.174         0     0.536       237       416     0.389     0.661     0.523      0.49      1.55       1.4         0
   596/599     4.02G     0.369     0.175         0     0.544       232       416     0.404     0.661     0.529     0.502      1.55      1.39         0
   597/599     4.02G     0.355     0.171         0     0.526       204       416     0.401     0.667     0.527     0.501      1.55      1.38         0
   598/599     4.02G     0.371     0.179         0      0.55       208       416     0.396     0.661     0.522     0.495      1.55       1.4         0
   599/599     4.02G     0.354     0.174         0     0.529       258       416     0.281     0.669     0.524     0.395      1.55      1.39         0
