     0/499     4.02G      2.07      28.7         0      30.8       203       416         0         0         0         0      3.26       nan         0
     1/499     4.02G      2.05        25         0      27.1       286       416         0         0         0         0      3.26       nan         0
     2/499     4.02G         2      19.9         0      21.9       230       416         0         0         0         0      3.26       nan         0
     3/499     4.02G      1.98      14.2         0      16.2       185       416   0.00462    0.0236   0.00163   0.00772      1.93      12.4         0
     4/499     4.02G      1.87      9.27         0      11.1       226       416    0.0201     0.116   0.00428    0.0343      1.89       7.6         0
     5/499     4.02G      1.77      5.61         0      7.38       196       416         0         0         0         0      1.88      4.38         0
     6/499     4.02G      1.67      3.19         0      4.86       225       416         0         0         0         0      1.91      2.68         0
     7/499     4.02G      1.64       1.9         0      3.54       196       416         0         0         0         0      1.94      2.15         0
     8/499     4.02G      1.69      1.34         0      3.04       231       416         0         0         0         0      1.95      1.86         0
     9/499     4.02G      1.59      1.11         0      2.71       224       416         0         0         0         0      1.96      1.86         0
    10/499     4.02G      1.62      1.07         0      2.69       265       416         0         0         0         0      1.93      1.96         0
    11/499     4.02G      1.62     0.914         0      2.53       184       416         0         0         0         0       1.9      2.06         0
    12/499     4.02G      1.47     0.955         0      2.43       225       416         0         0         0         0      1.86      2.21         0
    13/499     4.02G       1.5     0.871         0      2.37       203       416         0         0         0         0      1.85      2.35         0
    14/499     4.02G      1.56     0.907         0      2.46       206       416         0         0         0         0      1.89       2.5         0
    15/499     4.02G      1.57     0.899         0      2.47       209       416         0         0         0         0      1.92      2.61         0
    16/499     4.02G      1.52     0.903         0      2.42       194       416         0         0         0         0      1.93      2.74         0
    17/499     4.02G      1.56     0.826         0      2.38       274       416         0         0         0         0      1.88      2.86         0
    18/499     4.02G      1.54     0.802         0      2.35       240       416         0         0         0         0      1.87      2.98         0
    19/499     4.02G      1.55     0.793         0      2.35       199       416         0         0         0         0      1.87      3.06         0
    20/499     4.02G      1.54     0.794         0      2.33       227       416     0.657   0.00456     0.005   0.00905       1.9      3.15         0
    21/499     4.02G      1.64     0.768         0      2.41       149       416     0.551    0.0384    0.0231    0.0719      1.92      3.22         0
    22/499     4.02G       1.5     0.762         0      2.26       218       416     0.394    0.0672    0.0354     0.115      1.88      3.29         0
    23/499     4.02G       1.5     0.745         0      2.24       226       416     0.343    0.0804    0.0389      0.13      1.87      3.33         0
    24/499     4.02G      1.56     0.662         0      2.22       230       416     0.271     0.122    0.0491     0.168      1.87      3.38         0
    25/499     4.02G      1.54     0.622         0      2.17       228       416     0.184     0.154    0.0543     0.168      1.87       3.4         0
    26/499     4.02G      1.54     0.516         0      2.06       217       416      0.13     0.162    0.0485     0.144       1.9      3.44         0
    27/499     4.02G      1.43     0.553         0      1.99       235       416     0.134     0.158    0.0469     0.145      1.93      3.48         0
    28/499     4.02G      1.53     0.491         0      2.02       245       416     0.147     0.193    0.0692     0.167      1.93       3.5         0
    29/499     4.02G      1.56     0.373         0      1.94       265       416     0.129     0.222    0.0883     0.163      1.91       3.5         0
    30/499     4.02G      1.57      0.38         0      1.95       242       416     0.119     0.231    0.0984     0.157      1.87      3.54         0
    31/499     4.02G       1.5     0.335         0      1.83       225       416     0.107     0.236     0.104     0.147      1.86      3.56         0
    32/499     4.02G      1.45     0.322         0      1.77       237       416    0.0988     0.247     0.115     0.141      1.87      3.61         0
    33/499     4.02G      1.48     0.302         0      1.78       300       416     0.086     0.242      0.11     0.127      1.86      3.65         0
    34/499     4.02G      1.56     0.304         0      1.87       160       416     0.096     0.272     0.125     0.142      1.83      3.71         0
    35/499     4.02G      1.56      0.31         0      1.87       252       416     0.107     0.304     0.137     0.158      1.81      3.71         0
    36/499     4.02G      1.41     0.322         0      1.73       263       416     0.128     0.363      0.17      0.19      1.81      3.71         0
    37/499     4.02G      1.38     0.328         0      1.71       227       416     0.135     0.389     0.179     0.201      1.81      3.68         0
    38/499     4.02G      1.43     0.307         0      1.74       261       416     0.161     0.436     0.227     0.235      1.76      3.66         0
    39/499     4.02G      1.42     0.285         0      1.71       207       416     0.176      0.47     0.269     0.256      1.72      3.65         0
    40/499     4.02G      1.34     0.302         0      1.64       236       416     0.192     0.467     0.288     0.272      1.71      3.67         0
    41/499     4.02G      1.33     0.275         0      1.61       244       416     0.193     0.473     0.306     0.275      1.72      3.67         0
    42/499     4.02G      1.21     0.292         0       1.5       212       416     0.211     0.496      0.34     0.296      1.68      3.71         0
    43/499     4.02G       1.1     0.287         0      1.39       175       416     0.225     0.524      0.37     0.315      1.64      3.67         0
    44/499     4.02G      1.05     0.283         0      1.33       247       416     0.228      0.52     0.358     0.317      1.67      3.64         0
    45/499     4.02G      1.03     0.292         0      1.32       146       416     0.236     0.546     0.376     0.329      1.66      3.72         0
    46/499     4.02G     0.979     0.295         0      1.27       273       416     0.252     0.563     0.395     0.348      1.61      3.72         0
    47/499     4.02G     0.981     0.294         0      1.27       229       416     0.258      0.57     0.402     0.356      1.67      3.61         0
    48/499     4.02G     0.942     0.286         0      1.23       172       416      0.27     0.607     0.436     0.374       1.6      3.52         0
    49/499     4.02G     0.947     0.288         0      1.24       207       416     0.267     0.619     0.454     0.373      1.58      3.45         0
    50/499     4.02G     0.942     0.287         0      1.23       210       416     0.281     0.633     0.484     0.389      1.56      3.35         0
    51/499     4.02G      0.92     0.282         0       1.2       184       416     0.284      0.62     0.484      0.39      1.59      3.31         0
    52/499     4.02G     0.919     0.274         0      1.19       175       416     0.274     0.626     0.483     0.381      1.59      3.23         0
    53/499     4.02G     0.884     0.282         0      1.17       190       416     0.271     0.614     0.471     0.376      1.55      3.17         0
    54/499     4.02G     0.874     0.255         0      1.13       300       416     0.252     0.604     0.456     0.355      1.56      3.07         0
    55/499     4.02G     0.876      0.28         0      1.16       220       416     0.269     0.597     0.459     0.371       1.6      3.09         0
    56/499     4.02G      0.88     0.249         0      1.13       178       416     0.268     0.629     0.477     0.376      1.57         3         0
    57/499     4.02G     0.846     0.249         0       1.1       242       416     0.267     0.609     0.468     0.371      1.59      2.96         0
    58/499     4.02G     0.828     0.251         0      1.08       218       416     0.253     0.585     0.453     0.354      1.63      2.85         0
    59/499     4.02G     0.829     0.257         0      1.09       232       416     0.275     0.606      0.48     0.378      1.61      2.86         0
    60/499     4.02G     0.787      0.24         0      1.03       215       416     0.273     0.604     0.481     0.376      1.59      2.84         0
    61/499     4.02G      0.78     0.266         0      1.05       189       416     0.279     0.606     0.487     0.382      1.59      2.79         0
    62/499     4.02G     0.737      0.23         0     0.967       234       416     0.272     0.595     0.469     0.374      1.59      2.69         0
    63/499     4.02G     0.737      0.25         0     0.987       196       416      0.28     0.612     0.487     0.384      1.59      2.68         0
    64/499     4.02G     0.782      0.25         0      1.03       220       416     0.276       0.6     0.473     0.378       1.6      2.61         0
    65/499     4.02G     0.728     0.258         0     0.986       304       416     0.294     0.606      0.48     0.396       1.6      2.59         0
    66/499     4.02G     0.696     0.235         0     0.931       249       416     0.296     0.618     0.486       0.4      1.59      2.57         0
    67/499     4.02G     0.704     0.244         0     0.948       290       416     0.296     0.624     0.488     0.402      1.57      2.56         0
    68/499     4.02G     0.696     0.255         0     0.951       214       416     0.306     0.636     0.501     0.413      1.56      2.49         0
    69/499     4.02G     0.677     0.222         0     0.898       194       416     0.308     0.638     0.496     0.415      1.58      2.37         0
    70/499     4.02G     0.696     0.236         0     0.932       210       416     0.295     0.629     0.481     0.402      1.54      2.34         0
    71/499     4.02G     0.664     0.241         0     0.904       227       416     0.321     0.651     0.509      0.43      1.54      2.35         0
    72/499     4.02G     0.647     0.228         0     0.876       239       416     0.329     0.647     0.499     0.436      1.52       2.3         0
    73/499     4.02G      0.66     0.227         0     0.887       221       416     0.342     0.673      0.53     0.454      1.53      2.27         0
    74/499     4.02G     0.645     0.224         0     0.869       225       416     0.336     0.652     0.509     0.443      1.54      2.25         0
    75/499     4.02G     0.644     0.232         0     0.875       226       416     0.353      0.67     0.537     0.462      1.49      2.25         0
    76/499     4.02G     0.633      0.22         0     0.853       162       416     0.341     0.649     0.507     0.447      1.55      2.21         0
    77/499     4.02G     0.614     0.226         0      0.84       200       416      0.35     0.647     0.508     0.455      1.52      2.17         0
    78/499     4.02G     0.659     0.219         0     0.879       211       416      0.36     0.648     0.501     0.463      1.52      2.13         0
    79/499     4.02G       0.6     0.218         0     0.819       222       416     0.345     0.638      0.48     0.448      1.53      2.13         0
    80/499     4.02G     0.598     0.206         0     0.805       223       416     0.381     0.686     0.535      0.49       1.5      2.12         0
    81/499     4.02G      0.62     0.231         0     0.851       261       416      0.35     0.625     0.467     0.448      1.54      2.14         0
    82/499     4.02G     0.616     0.219         0     0.835       288       416     0.402     0.682     0.536     0.506      1.49      2.12         0
    83/499     4.02G     0.595     0.212         0     0.807       241       416     0.385     0.676     0.521     0.491       1.5      2.11         0
    84/499     4.02G     0.571     0.207         0     0.777       303       416     0.342     0.615     0.451      0.44      1.56      2.09         0
    85/499     4.02G     0.607     0.206         0     0.813       267       416     0.385     0.685     0.516     0.492      1.49      2.06         0
    86/499     4.02G     0.607      0.21         0     0.818       292       416     0.347     0.613     0.446     0.443      1.58      2.04         0
    87/499     4.02G     0.577     0.209         0     0.786       224       416     0.357     0.626     0.459     0.455      1.54      2.04         0
    88/499     4.02G     0.591     0.207         0     0.798       223       416     0.382     0.654     0.488     0.482      1.53      2.02         0
    89/499     4.02G     0.597     0.218         0     0.815       293       416     0.368     0.606     0.447     0.458      1.57      2.02         0
    90/499     4.02G     0.575     0.196         0     0.772       294       416     0.411     0.677     0.511     0.511      1.49      2.01         0
    91/499     4.02G     0.562     0.214         0     0.775       290       416     0.398     0.667     0.509     0.498      1.51      2.01         0
    92/499     4.02G     0.561      0.21         0     0.771       226       416     0.358      0.63     0.463     0.457      1.54      2.02         0
    93/499     4.02G     0.544     0.212         0     0.756       200       416     0.391     0.668       0.5     0.493      1.52      1.99         0
    94/499     4.02G     0.556     0.202         0     0.758       157       416     0.371      0.65      0.48     0.472      1.53      1.93         0
    95/499     4.02G     0.543     0.212         0     0.755       232       416     0.372     0.638     0.467      0.47      1.54      1.96         0
    96/499     4.02G     0.562     0.204         0     0.766       232       416     0.371      0.65      0.48     0.472      1.52      1.91         0
    97/499     4.02G     0.545     0.201         0     0.746       201       416     0.388     0.674     0.506     0.492      1.51      1.87         0
    98/499     4.02G     0.551     0.203         0     0.755       236       416     0.373     0.643     0.474     0.472      1.54      1.87         0
    99/499     4.02G     0.574       0.2         0     0.773       192       416     0.386     0.665     0.502     0.488      1.52      1.89         0
   100/499     4.02G     0.577     0.221         0     0.799       215       416     0.394     0.662       0.5     0.494      1.51      1.93         0
   101/499     4.02G     0.529       0.2         0     0.729       232       416     0.382     0.642     0.476     0.479      1.52       1.9         0
   102/499     4.02G     0.516      0.18         0     0.696       166       416     0.394     0.672     0.504     0.497      1.49      1.88         0
   103/499     4.02G      0.55     0.196         0     0.746       286       416     0.411     0.679     0.517     0.512      1.51      1.87         0
   104/499     4.02G     0.565     0.196         0     0.761       222       416     0.366     0.613     0.443     0.458      1.57      1.85         0
   105/499     4.02G     0.533     0.184         0     0.717       223       416     0.401     0.674     0.514     0.503       1.5      1.81         0
   106/499     4.02G      0.52     0.196         0     0.716       179       416     0.362     0.611     0.454     0.455      1.57      1.77         0
   107/499     4.02G     0.539     0.201         0      0.74       179       416     0.383      0.64     0.492     0.479      1.54       1.8         0
   108/499     4.02G     0.541     0.212         0     0.753       263       416     0.399     0.654      0.51     0.495      1.53      1.78         0
   109/499     4.02G     0.536     0.193         0     0.728       170       416     0.368     0.636     0.482     0.466      1.56      1.74         0
   110/499     4.02G     0.498     0.196         0     0.694       203       416     0.384     0.645       0.5     0.481      1.54      1.78         0
   111/499     4.02G     0.489     0.186         0     0.675       225       416     0.366     0.616     0.466     0.459      1.57      1.76         0
   112/499     4.02G     0.512     0.197         0     0.709       195       416     0.396     0.655     0.511     0.493      1.53      1.77         0
   113/499     4.02G     0.543      0.18         0     0.723       247       416     0.355     0.604     0.455     0.447      1.58      1.75         0
   114/499     4.02G     0.516     0.194         0      0.71       226       416      0.39     0.655     0.507     0.489      1.54      1.79         0
   115/499     4.02G     0.514     0.191         0     0.705       233       416     0.387     0.658     0.504     0.488      1.52      1.78         0
   116/499     4.02G     0.476     0.176         0     0.652       177       416     0.347     0.629     0.469     0.447      1.56      1.73         0
   117/499     4.02G     0.509     0.193         0     0.702       179       416     0.381     0.647     0.497      0.48      1.54      1.73         0
   118/499     4.02G     0.504     0.202         0     0.706       266       416     0.368     0.645     0.493     0.468      1.53      1.73         0
   119/499     4.02G     0.491     0.182         0     0.673       205       416     0.347     0.638     0.477     0.449      1.54      1.71         0
   120/499     4.02G     0.499     0.181         0      0.68       204       416     0.368     0.662     0.507     0.473      1.51       1.7         0
   121/499     4.02G     0.485     0.178         0     0.663       227       416     0.331     0.633     0.476     0.434      1.56      1.71         0
   122/499     4.02G     0.483     0.191         0     0.674       221       416     0.375     0.667     0.522      0.48      1.52       1.7         0
   123/499     4.02G     0.471     0.178         0     0.649       244       416     0.363     0.661     0.513     0.468      1.53      1.65         0
   124/499     4.02G      0.49     0.177         0     0.667       209       416     0.342     0.635     0.481     0.444      1.56      1.66         0
   125/499     4.02G     0.468      0.18         0     0.648       180       416     0.361     0.654     0.506     0.466      1.53      1.67         0
   126/499     4.02G     0.464     0.172         0     0.636       216       416     0.381     0.653     0.503     0.481      1.53      1.64         0
   127/499     4.02G     0.478     0.182         0      0.66       220       416     0.357     0.635     0.484     0.457      1.55      1.69         0
   128/499     4.02G     0.469     0.194         0     0.663       232       416     0.389     0.666     0.517     0.491      1.53      1.72         0
   129/499     4.02G     0.465     0.186         0     0.651       160       416     0.374     0.658     0.504     0.477      1.54      1.65         0
   130/499     4.02G     0.441     0.178         0     0.619       225       416      0.38     0.682     0.528     0.488      1.52      1.63         0
   131/499     4.02G     0.472     0.183         0     0.655       211       416     0.401     0.688      0.54     0.506      1.49      1.65         0
   132/499     4.02G       0.5     0.188         0     0.687       299       416     0.351      0.62     0.467     0.449      1.59      1.65         0
   133/499     4.02G     0.459     0.171         0      0.63       231       416     0.392     0.676      0.53     0.496      1.51      1.63         0
   134/499     4.02G     0.492     0.167         0     0.659       261       416     0.353     0.624     0.474     0.451      1.57      1.62         0
   135/499     4.02G     0.473      0.17         0     0.643       217       416     0.351     0.629     0.486     0.451      1.58      1.62         0
   136/499     4.02G     0.461     0.176         0     0.638       216       416     0.381     0.662     0.527     0.484      1.53      1.62         0
   137/499     4.02G     0.462     0.173         0     0.635       233       416     0.387      0.65     0.514     0.485      1.53      1.59         0
   138/499     4.02G     0.473     0.182         0     0.655       233       416     0.404     0.672     0.531     0.505      1.52       1.6         0
   139/499     4.02G     0.441     0.167         0     0.609       233       416     0.408     0.687      0.54     0.512       1.5      1.59         0
   140/499     4.02G     0.482     0.188         0      0.67       252       416     0.389     0.661     0.514      0.49      1.54      1.64         0
   141/499     4.02G     0.449     0.177         0     0.626       214       416     0.375     0.667     0.504      0.48      1.52       1.6         0
   142/499     4.02G     0.479     0.164         0     0.643       248       416     0.405     0.696     0.549     0.512      1.49      1.61         0
   143/499     4.02G     0.463      0.18         0     0.643       185       416     0.392     0.674     0.527     0.496      1.51      1.62         0
   144/499     4.02G     0.468     0.176         0     0.644       219       416     0.401     0.663     0.519     0.499      1.52      1.63         0
   145/499     4.02G     0.472     0.167         0     0.639       236       416     0.427     0.693     0.552     0.528      1.49       1.6         0
   146/499     4.02G     0.468     0.174         0     0.642       210       416     0.392     0.668     0.513     0.494      1.52       1.6         0
   147/499     4.02G     0.462     0.155         0     0.617       223       416     0.353      0.65      0.49     0.457      1.53      1.58         0
   148/499     4.02G     0.447     0.164         0     0.611       178       416     0.393     0.686      0.53       0.5      1.49       1.6         0
   149/499     4.02G     0.468     0.169         0     0.636       150       416     0.386     0.659     0.494     0.487      1.54      1.62         0
   150/499     4.02G     0.449     0.174         0     0.623       243       416     0.386     0.668     0.506      0.49      1.52      1.64         0
   151/499     4.02G     0.439     0.158         0     0.597       233       416     0.399     0.705     0.541     0.509      1.47      1.58         0
   152/499     4.02G     0.477     0.166         0     0.643       232       416     0.367     0.667     0.492     0.474      1.52      1.59         0
   153/499     4.02G     0.438      0.16         0     0.599       234       416     0.396       0.7     0.535     0.506      1.49      1.61         0
   154/499     4.02G     0.452     0.156         0     0.608       176       416     0.358     0.655     0.475     0.463      1.53      1.61         0
   155/499     4.02G     0.453     0.163         0     0.616       206       416     0.344     0.624     0.447     0.444      1.56      1.62         0
   156/499     4.02G     0.449      0.16         0     0.608       219       416     0.387     0.682     0.508     0.494       1.5      1.63         0
   157/499     4.02G     0.456     0.165         0     0.621       205       416     0.376     0.658     0.481     0.479      1.53      1.59         0
   158/499     4.02G     0.422     0.163         0     0.585       254       416     0.401     0.678     0.509     0.504      1.51      1.59         0
   159/499     4.02G     0.441     0.162         0     0.603       247       416     0.415     0.694     0.525     0.519      1.49       1.6         0
   160/499     4.02G     0.444     0.157         0     0.601       219       416     0.388     0.682     0.516     0.494      1.52      1.59         0
   161/499     4.02G     0.442     0.179         0     0.621       212       416     0.422     0.712     0.545      0.53      1.45       1.6         0
   162/499     4.02G     0.453     0.158         0     0.611       234       416     0.369     0.656     0.478     0.473      1.53      1.58         0
   163/499     4.02G      0.44     0.171         0      0.61       302       416     0.371     0.646     0.477     0.471      1.53      1.59         0
   164/499     4.02G     0.455     0.161         0     0.617       153       416     0.407     0.697     0.532     0.514      1.48      1.57         0
   165/499     4.02G     0.424     0.166         0      0.59       261       416     0.387     0.657      0.49     0.487      1.53      1.56         0
   166/499     4.02G     0.424     0.169         0     0.594       264       416     0.396     0.665     0.496     0.497      1.53      1.57         0
   167/499     4.02G     0.435     0.181         0     0.616       229       416     0.411     0.658     0.496     0.506      1.52      1.62         0
   168/499     4.02G     0.434     0.158         0     0.592       138       416     0.398     0.671      0.51       0.5      1.52      1.59         0
   169/499     4.02G     0.431     0.166         0     0.597       272       416     0.415      0.68     0.517     0.515       1.5       1.6         0
   170/499     4.02G     0.427     0.161         0     0.588       182       416     0.387     0.642     0.463     0.483      1.54      1.55         0
   171/499     4.02G     0.436     0.156         0     0.592       172       416     0.403     0.655     0.483     0.499      1.52      1.53         0
   172/499     4.02G     0.425     0.158         0     0.583       207       416     0.407     0.688      0.52     0.512       1.5      1.51         0
   173/499     4.02G     0.425     0.155         0      0.58       188       416     0.385     0.657     0.484     0.486      1.55      1.52         0
   174/499     4.02G     0.439     0.155         0     0.595       221       416     0.408     0.693     0.529     0.514      1.49      1.57         0
   175/499     4.02G     0.425     0.158         0     0.583       183       416     0.414     0.692     0.528     0.518      1.47      1.55         0
   176/499     4.02G     0.413     0.172         0     0.585       228       416     0.403     0.669      0.51     0.503      1.51      1.55         0
   177/499     4.02G     0.429     0.153         0     0.582       221       416     0.397     0.667     0.489     0.498      1.52      1.52         0
   178/499     4.02G     0.398     0.162         0      0.56       200       416     0.427     0.698     0.526      0.53      1.48      1.54         0
   179/499     4.02G     0.418     0.151         0     0.568       204       416     0.423     0.702     0.526     0.528      1.48       1.5         0
   180/499     4.02G      0.42     0.153         0     0.574       213       416     0.407     0.679     0.499     0.509      1.51       1.5         0
   181/499     4.02G     0.435      0.15         0     0.585       218       416     0.399     0.701     0.531     0.508      1.48       1.5         0
   182/499     4.02G     0.403     0.152         0     0.555       247       416     0.402     0.682     0.514     0.506      1.52      1.51         0
   183/499     4.02G     0.409     0.156         0     0.565       207       416     0.384     0.664     0.489     0.487      1.54      1.48         0
   184/499     4.02G     0.428     0.156         0     0.584       207       416     0.438     0.711      0.54     0.542      1.48      1.49         0
   185/499     4.02G     0.412     0.142         0     0.554       237       416     0.399     0.666     0.483     0.499      1.55      1.46         0
   186/499     4.02G     0.426     0.155         0     0.582       194       416     0.416     0.687     0.511     0.518      1.51      1.48         0
   187/499     4.02G      0.42     0.152         0     0.572       197       416     0.413     0.687     0.514     0.516       1.5      1.49         0
   188/499     4.02G      0.39     0.141         0     0.531       177       416     0.391     0.669     0.494     0.494      1.53      1.45         0
   189/499     4.02G     0.395      0.15         0     0.545       154       416     0.434     0.719     0.554     0.542      1.47      1.45         0
   190/499     4.02G      0.42      0.14         0      0.56       218       416     0.413     0.679     0.505     0.514      1.52      1.45         0
   191/499     4.02G     0.422     0.142         0     0.564       224       416     0.426     0.679     0.509     0.523      1.53      1.46         0
   192/499     4.02G     0.383      0.16         0     0.542       200       416     0.441      0.71     0.553     0.544      1.47      1.47         0
   193/499     4.02G     0.405     0.143         0     0.548       172       416     0.407     0.677     0.503     0.509       1.5      1.44         0
   194/499     4.02G     0.412     0.152         0     0.564       239       416     0.427     0.678     0.511     0.524      1.52      1.47         0
   195/499     4.02G     0.418     0.149         0     0.566       215       416     0.427     0.682     0.517     0.525      1.51      1.49         0
   196/499     4.02G       0.4     0.152         0     0.553       278       416     0.393     0.657     0.484     0.492      1.54      1.49         0
   197/499     4.02G      0.41     0.145         0     0.555       241       416     0.417     0.699     0.525     0.523      1.48      1.48         0
   198/499     4.02G     0.409     0.154         0     0.563       203       416     0.394      0.66     0.495     0.493      1.55      1.51         0
   199/499     4.02G     0.414     0.152         0     0.566       256       416     0.409     0.667     0.506     0.507      1.54      1.51         0
   200/499     4.02G     0.377     0.138         0     0.514       190       416     0.419     0.697     0.534     0.524       1.5      1.45         0
   201/499     4.02G     0.372     0.144         0     0.517       137       416     0.417     0.689     0.522     0.519       1.5      1.46         0
   202/499     4.02G     0.378     0.144         0     0.522       254       416     0.411     0.682     0.522     0.513      1.51      1.51         0
   203/499     4.02G      0.39     0.132         0     0.522       214       416      0.41     0.683     0.522     0.513      1.51      1.48         0
   204/499     4.02G     0.388     0.142         0      0.53       234       416     0.406     0.683     0.524      0.51       1.5      1.51         0
   205/499     4.02G     0.392     0.152         0     0.544       263       416     0.418     0.688      0.52      0.52       1.5      1.49         0
   206/499     4.02G     0.369     0.148         0     0.517       201       416      0.41     0.684     0.513     0.513      1.51      1.49         0
   207/499     4.02G      0.39     0.151         0     0.541       250       416     0.415      0.69     0.515     0.518       1.5      1.51         0
   208/499     4.02G     0.371     0.152         0     0.523       253       416      0.42     0.688     0.513     0.521       1.5      1.49         0
   209/499     4.02G     0.377     0.146         0     0.523       258       416     0.419      0.69     0.516     0.521       1.5      1.48         0
   210/499     4.02G     0.377     0.149         0     0.527       185       416      0.42     0.698     0.512     0.524      1.49      1.49         0
   211/499     4.02G     0.375     0.154         0     0.528       201       416     0.424     0.698     0.518     0.528      1.49       1.5         0
   212/499     4.02G     0.367     0.137         0     0.504       191       416     0.395     0.679     0.492     0.499       1.5      1.51         0
   213/499     4.02G     0.361     0.148         0     0.509       207       416     0.405     0.682     0.498     0.508       1.5      1.49         0
   214/499     4.02G     0.343     0.154         0     0.497       229       416     0.416     0.681       0.5     0.516       1.5      1.51         0
   215/499     4.02G     0.363     0.144         0     0.506       230       416     0.406     0.684       0.5     0.509       1.5      1.51         0
   216/499     4.02G     0.366     0.148         0     0.514       237       416     0.407     0.683     0.505      0.51       1.5      1.49         0
   217/499     4.02G     0.353     0.135         0     0.488       198       416     0.408     0.692     0.519     0.513       1.5      1.46         0
   218/499     4.02G     0.368     0.141         0     0.509       238       416     0.413     0.687     0.511     0.516       1.5       1.5         0
   219/499     4.02G     0.379     0.139         0     0.518       297       416     0.415     0.686     0.514     0.517       1.5      1.45         0
   220/499     4.02G     0.359     0.136         0     0.495       267       416     0.418      0.69     0.523     0.521       1.5      1.45         0
   221/499     4.02G     0.362     0.148         0     0.509       260       416     0.431     0.695     0.527     0.532      1.49      1.49         0
   222/499     4.02G      0.38     0.151         0     0.531       245       416     0.432      0.69     0.523     0.531       1.5      1.48         0
   223/499     4.02G     0.362     0.145         0     0.506       230       416     0.428     0.695     0.522      0.53      1.49      1.45         0
   224/499     4.02G     0.352     0.139         0     0.492       242       416     0.431     0.699     0.513     0.534      1.49      1.47         0
   225/499     4.02G     0.362     0.137         0     0.499       243       416     0.418     0.687     0.503      0.52       1.5       1.5         0
   226/499     4.02G     0.363     0.148         0      0.51       274       416     0.419     0.688     0.503     0.521       1.5      1.48         0
   227/499     4.02G     0.359     0.141         0       0.5       214       416     0.413     0.685       0.5     0.516       1.5      1.51         0
   228/499     4.02G     0.361     0.147         0     0.508       157       416     0.413     0.688     0.498     0.516       1.5      1.49         0
   229/499     4.02G     0.343     0.135         0     0.478       144       416     0.407     0.691       0.5     0.512      1.49      1.45         0
   230/499     4.02G     0.341      0.14         0     0.482       286       416     0.411      0.69     0.503     0.515      1.49      1.46         0
   231/499     4.02G     0.359     0.135         0     0.495       184       416     0.405      0.69       0.5      0.51      1.49      1.46         0
   232/499     4.02G     0.357      0.14         0     0.497       148       416     0.409     0.686     0.498     0.513      1.49      1.45         0
   233/499     4.02G     0.365     0.137         0     0.502       189       416     0.414     0.695      0.51     0.519      1.49      1.46         0
   234/499     4.02G     0.345     0.137         0     0.482       257       416     0.424       0.7      0.52     0.528      1.48      1.47         0
   235/499     4.02G     0.363     0.136         0     0.499       191       416     0.426     0.699      0.52      0.53      1.49      1.44         0
   236/499     4.02G     0.355     0.146         0       0.5       286       416     0.423     0.692      0.52     0.525       1.5      1.47         0
   237/499     4.02G     0.354     0.145         0     0.499       197       416     0.426     0.698     0.517     0.529      1.49      1.47         0
   238/499     4.02G     0.359      0.14         0     0.498       193       416     0.424     0.698     0.515     0.528      1.49      1.45         0
   239/499     4.02G     0.354     0.144         0     0.498       238       416      0.44     0.698     0.522      0.54       1.5      1.46         0
   240/499     4.02G     0.359     0.138         0     0.497       188       416     0.431     0.705     0.527     0.535      1.48      1.44         0
   241/499     4.02G     0.349      0.13         0     0.478       168       416     0.426     0.706     0.525     0.531      1.49      1.42         0
   242/499     4.02G     0.352     0.143         0     0.495       252       416     0.438     0.709      0.53     0.542      1.48      1.45         0
   243/499     4.02G     0.345      0.13         0     0.475       255       416     0.426     0.701     0.519      0.53      1.49      1.42         0
   244/499     4.02G     0.338     0.129         0     0.467       157       416     0.434     0.703     0.526     0.537      1.49      1.42         0
   245/499     4.02G     0.343     0.142         0     0.485       249       416      0.44     0.707     0.533     0.543      1.48      1.46         0
   246/499     4.02G     0.345     0.143         0     0.488       148       416     0.436     0.697      0.52     0.536       1.5      1.44         0
   247/499     4.02G     0.346     0.139         0     0.485       187       416     0.436     0.701     0.524     0.538      1.49      1.44         0
   248/499     4.02G     0.332     0.136         0     0.468       193       416      0.43     0.709     0.522     0.536      1.47      1.41         0
   249/499     4.02G     0.345     0.142         0     0.486       256       416     0.438     0.699     0.518     0.538      1.49      1.48         0
   250/499     4.02G     0.337     0.128         0     0.465       222       416      0.42     0.698     0.506     0.525      1.49      1.42         0
   251/499     4.02G     0.347     0.141         0     0.487       205       416     0.427     0.695     0.508     0.529      1.49      1.47         0
   252/499     4.02G     0.323     0.126         0     0.449       186       416     0.429     0.702     0.516     0.532      1.48      1.43         0
   253/499     4.02G     0.341     0.142         0     0.483       266       416     0.434     0.706     0.521     0.538      1.48      1.44         0
   254/499     4.02G     0.347     0.139         0     0.486       271       416     0.429     0.699     0.517     0.532      1.48      1.44         0
   255/499     4.02G     0.346     0.139         0     0.484       200       416     0.429     0.703     0.518     0.533      1.48      1.43         0
   256/499     4.02G     0.345     0.143         0     0.488       185       416     0.422     0.706     0.514     0.529      1.48      1.42         0
   257/499     4.02G     0.365     0.137         0     0.501       171       416     0.422     0.698     0.503     0.526      1.48      1.43         0
   258/499     4.02G     0.353      0.13         0     0.483       244       416     0.426     0.698     0.507     0.529      1.49      1.46         0
   259/499     4.02G     0.326     0.134         0      0.46       241       416     0.427     0.699     0.509      0.53      1.48      1.46         0
   260/499     4.02G     0.343     0.135         0     0.478       333       416      0.44     0.699     0.516      0.54      1.49      1.46         0
   261/499     4.02G     0.342     0.134         0     0.476       210       416     0.423     0.699     0.515     0.527      1.48      1.44         0
   262/499     4.02G     0.347     0.128         0     0.474       302       416     0.426     0.701     0.523      0.53      1.49      1.42         0
   263/499     4.02G     0.348     0.152         0     0.501       265       416     0.434      0.71     0.532     0.539      1.48      1.46         0
   264/499     4.02G     0.331     0.135         0     0.466       237       416     0.422     0.702      0.52     0.527      1.48      1.44         0
   265/499     4.02G     0.337     0.142         0     0.479       162       416     0.432     0.707     0.525     0.536      1.48      1.47         0
   266/499     4.02G     0.335     0.133         0     0.469       249       416     0.422     0.699     0.511     0.526      1.49      1.45         0
   267/499     4.02G     0.344      0.13         0     0.474       277       416     0.426      0.71     0.525     0.533      1.48      1.44         0
   268/499     4.02G     0.349     0.134         0     0.482       170       416     0.429     0.714     0.528     0.536      1.47      1.43         0
   269/499     4.02G     0.328     0.139         0     0.467       232       416     0.423       0.7     0.514     0.527      1.49      1.44         0
   270/499     4.02G     0.338      0.13         0     0.469       262       416     0.414     0.698     0.507     0.519      1.49      1.44         0
   271/499     4.02G     0.328     0.125         0     0.453       176       416     0.407     0.702     0.507     0.515      1.49       1.4         0
   272/499     4.02G     0.367     0.127         0     0.494       268       416     0.427     0.704      0.52     0.532      1.48       1.4         0
   273/499     4.02G     0.346     0.135         0      0.48       255       416     0.422     0.705     0.521     0.528      1.48      1.42         0
   274/499     4.02G     0.323     0.134         0     0.457       153       416     0.424     0.707      0.52      0.53      1.48      1.41         0
   275/499     4.02G     0.348     0.139         0     0.487       247       416     0.435     0.709     0.528     0.539      1.48      1.42         0
   276/499     4.02G     0.336     0.126         0     0.462       173       416     0.419     0.709      0.52     0.527      1.48      1.42         0
   277/499     4.02G     0.335     0.136         0     0.471       212       416     0.439     0.716     0.534     0.544      1.47      1.44         0
   278/499     4.02G     0.321     0.133         0     0.454       195       416     0.425     0.709     0.516     0.532      1.48      1.41         0
   279/499     4.02G      0.33      0.13         0      0.46       233       416     0.425     0.708     0.515     0.531      1.49      1.43         0
   280/499     4.02G     0.334     0.135         0     0.469       244       416     0.419     0.703     0.507     0.525      1.49      1.44         0
   281/499     4.02G     0.342     0.136         0     0.478       250       416     0.425     0.703     0.512      0.53      1.49      1.44         0
   282/499     4.02G     0.331     0.137         0     0.469       175       416     0.419     0.699     0.502     0.524      1.49      1.44         0
   283/499     4.02G     0.338     0.133         0     0.471       201       416     0.419     0.696     0.501     0.523      1.49      1.41         0
   284/499     4.02G     0.341     0.139         0      0.48       215       416     0.421     0.698     0.507     0.525      1.49      1.45         0
   285/499     4.02G     0.328     0.134         0     0.462       183       416     0.428     0.712     0.521     0.535      1.48      1.42         0
   286/499     4.02G      0.33     0.137         0     0.467       341       416     0.429     0.707     0.515     0.534      1.48       1.4         0
   287/499     4.02G     0.337     0.135         0     0.472       240       416     0.429      0.71      0.52     0.535      1.48      1.41         0
   288/499     4.02G     0.328     0.131         0     0.459       178       416      0.43     0.709     0.514     0.535      1.48      1.42         0
   289/499     4.02G     0.335     0.129         0     0.464       290       416     0.432     0.705     0.519     0.536      1.49      1.45         0
   290/499     4.02G     0.337     0.127         0     0.463       216       416     0.426     0.706     0.515     0.531      1.48      1.42         0
   291/499     4.02G     0.333     0.132         0     0.466       169       416     0.419     0.704     0.509     0.525      1.49      1.42         0
   292/499     4.02G     0.335     0.127         0     0.462       257       416     0.417     0.705     0.516     0.524      1.49       1.4         0
   293/499     4.02G      0.34     0.127         0     0.467       203       416     0.423     0.709     0.523      0.53      1.48      1.45         0
   294/499     4.02G     0.338     0.129         0     0.467       275       416     0.426     0.709      0.52     0.533      1.48      1.43         0
   295/499     4.02G     0.336      0.14         0     0.476       200       416     0.431     0.712     0.526     0.537      1.48      1.44         0
   296/499     4.02G     0.331     0.129         0     0.459       238       416     0.432     0.708     0.512     0.537      1.48      1.43         0
   297/499     4.02G     0.328     0.128         0     0.457       175       416     0.429     0.707     0.507     0.534      1.48       1.4         0
   298/499     4.02G     0.338     0.137         0     0.475       202       416     0.425     0.701     0.503     0.529      1.49      1.42         0
   299/499     4.02G     0.324     0.135         0     0.459       354       416     0.434     0.689     0.496     0.532       1.5      1.44         0
   300/499     4.02G     0.334     0.133         0     0.467       113       416     0.421     0.705     0.506     0.528      1.48      1.42         0
   301/499     4.02G     0.332     0.121         0     0.453       185       416     0.421     0.717     0.516      0.53      1.47       1.4         0
   302/499     4.02G     0.347      0.13         0     0.477       196       416     0.427     0.708     0.518     0.533      1.48      1.43         0
   303/499     4.02G     0.332      0.14         0     0.472       167       416     0.435     0.718     0.535     0.542      1.47      1.43         0
   304/499     4.02G     0.318     0.128         0     0.446       274       416     0.431     0.716      0.53     0.538      1.47      1.46         0
   305/499     4.02G     0.337     0.143         0      0.48       247       416     0.438     0.709     0.524     0.541      1.48      1.45         0
   306/499     4.02G      0.33     0.134         0     0.464       247       416     0.452     0.711     0.533     0.552      1.48      1.44         0
   307/499     4.02G     0.327     0.125         0     0.452       197       416     0.435     0.713     0.529      0.54      1.48      1.39         0
   308/499     4.02G     0.333     0.132         0     0.465       250       416     0.437      0.71     0.526     0.541      1.48       1.4         0
   309/499     4.02G     0.332     0.128         0      0.46       201       416     0.433      0.71     0.524     0.538      1.48      1.43         0
   310/499     4.02G     0.325      0.13         0     0.455       222       416     0.426     0.712     0.522     0.533      1.47      1.41         0
   311/499     4.02G     0.328     0.125         0     0.453       208       416     0.426     0.708     0.516     0.532      1.48      1.43         0
   312/499     4.02G     0.308     0.119         0     0.427       306       416      0.43     0.709     0.517     0.535      1.48      1.41         0
   313/499     4.02G     0.341     0.125         0     0.465       209       416     0.422     0.709     0.515     0.529      1.48      1.39         0
   314/499     4.02G     0.318     0.128         0     0.446       241       416     0.434      0.71     0.526     0.539      1.49      1.39         0
   315/499     4.02G     0.336     0.128         0     0.464       169       416     0.431     0.713     0.526     0.538      1.48      1.38         0
   316/499     4.02G     0.318      0.13         0     0.448       227       416     0.431     0.711     0.521     0.537      1.48      1.39         0
   317/499     4.02G     0.331     0.125         0     0.456       251       416     0.435     0.709     0.513     0.539      1.48       1.4         0
   318/499     4.02G     0.334     0.131         0     0.465       236       416     0.441     0.711     0.519     0.544      1.48      1.41         0
   319/499     4.02G     0.326     0.128         0     0.454       204       416     0.428     0.711     0.513     0.534      1.48      1.42         0
   320/499     4.02G     0.323     0.126         0     0.449       233       416     0.426     0.711     0.514     0.533      1.49      1.41         0
   321/499     4.02G     0.333     0.127         0      0.46       229       416     0.426     0.702     0.503      0.53       1.5      1.43         0
   322/499     4.02G      0.34      0.13         0     0.471       170       416     0.397     0.693     0.481     0.505       1.5      1.37         0
   323/499     4.02G     0.326     0.131         0     0.457       192       416     0.401     0.696     0.484     0.509       1.5      1.42         0
   324/499     4.02G     0.326     0.122         0     0.448       226       416     0.405     0.699     0.486     0.513      1.49      1.41         0
   325/499     4.02G     0.336     0.122         0     0.458       256       416      0.42     0.712     0.511     0.528      1.47      1.38         0
   326/499     4.02G     0.329     0.125         0     0.454       205       416     0.422     0.704     0.502     0.527      1.49      1.42         0
   327/499     4.02G     0.328     0.121         0      0.45       254       416     0.422     0.701     0.507     0.527      1.49      1.42         0
   328/499     4.02G     0.324     0.136         0      0.46       215       416     0.437     0.707     0.522     0.541      1.48      1.45         0
   329/499     4.02G     0.328     0.122         0     0.451       203       416     0.428     0.709     0.525     0.534      1.48      1.41         0
   330/499     4.02G     0.324     0.131         0     0.455       228       416     0.437     0.711     0.531     0.541      1.48      1.43         0
   331/499     4.02G     0.323     0.136         0     0.459       233       416     0.435     0.705     0.521     0.538      1.49      1.45         0
   332/499     4.02G     0.308     0.122         0      0.43       251       416     0.423     0.703     0.508     0.528      1.49      1.41         0
   333/499     4.02G     0.321      0.13         0     0.451       152       416     0.422     0.701       0.5     0.527      1.48      1.44         0
   334/499     4.02G     0.315     0.123         0     0.438       163       416     0.418     0.702     0.497     0.524      1.48      1.42         0
   335/499     4.02G     0.328     0.129         0     0.458       177       416     0.433     0.708     0.504     0.537      1.48      1.45         0
   336/499     4.02G     0.329      0.13         0     0.459       186       416     0.424     0.704     0.498      0.53      1.48      1.43         0
   337/499     4.02G     0.331     0.124         0     0.454       275       416     0.417     0.701     0.492     0.523      1.48      1.43         0
   338/499     4.02G     0.334     0.133         0     0.467       211       416     0.424     0.701     0.492     0.529      1.48      1.45         0
   339/499     4.02G     0.318     0.114         0     0.433       188       416     0.414     0.702     0.491     0.521      1.48      1.42         0
   340/499     4.02G     0.311      0.12         0     0.431       212       416     0.404     0.705     0.492     0.514      1.48      1.41         0
   341/499     4.02G      0.33     0.122         0     0.452       171       416     0.407     0.701      0.49     0.515      1.49      1.39         0
   342/499     4.02G     0.318     0.123         0     0.441       235       416     0.414     0.707       0.5     0.522      1.49      1.44         0
   343/499     4.02G     0.314     0.126         0     0.441       368       416     0.424     0.698     0.499     0.528       1.5      1.45         0
   344/499     4.02G     0.329     0.122         0      0.45       227       416     0.425     0.712     0.511     0.532      1.48      1.44         0
   345/499     4.02G     0.316     0.128         0     0.444       278       416     0.436     0.712     0.518     0.541      1.48      1.44         0
   346/499     4.02G      0.32     0.123         0     0.443       271       416     0.448      0.72     0.532     0.552      1.47      1.45         0
   347/499     4.02G     0.313     0.118         0     0.432       185       416     0.427     0.713     0.515     0.534      1.48      1.39         0
   348/499     4.02G     0.319     0.126         0     0.445       249       416     0.436     0.711     0.521     0.541      1.48      1.42         0
   349/499     4.02G     0.315     0.122         0     0.437       230       416     0.428     0.717     0.524     0.536      1.47      1.37         0
   350/499     4.02G     0.321     0.124         0     0.445       204       416      0.43     0.711     0.517     0.536      1.48       1.4         0
   351/499     4.02G     0.316      0.13         0     0.446       210       416     0.426     0.711     0.515     0.533      1.48      1.42         0
   352/499     4.02G     0.313     0.131         0     0.443       219       416     0.415     0.704     0.505     0.522      1.49      1.43         0
   353/499     4.02G     0.315     0.129         0     0.444       233       416     0.426     0.707     0.505     0.532      1.48      1.45         0
   354/499     4.02G     0.328     0.126         0     0.454       216       416     0.419     0.707     0.498     0.526      1.48      1.44         0
   355/499     4.02G     0.326     0.119         0     0.445       216       416     0.403     0.705     0.495     0.513      1.48       1.4         0
   356/499     4.02G     0.312     0.121         0     0.434       266       416     0.407     0.705     0.497     0.516      1.48      1.42         0
   357/499     4.02G     0.322     0.122         0     0.444       213       416     0.401     0.705     0.496     0.511      1.48      1.42         0
   358/499     4.02G     0.318     0.125         0     0.443       168       416     0.399     0.704     0.492     0.509      1.48      1.41         0
   359/499     4.02G     0.313     0.122         0     0.434       163       416     0.404     0.701     0.493     0.513      1.49      1.41         0
   360/499     4.02G     0.319     0.124         0     0.444       193       416     0.411     0.707     0.496      0.52      1.48       1.4         0
   361/499     4.02G     0.321     0.117         0     0.438       181       416      0.41     0.707       0.5     0.519      1.48      1.39         0
   362/499     4.02G     0.313     0.127         0     0.441       207       416     0.416     0.713     0.509     0.526      1.47       1.4         0
   363/499     4.02G     0.323     0.122         0     0.446       196       416     0.423      0.71     0.509      0.53      1.48       1.4         0
   364/499     4.02G     0.318     0.128         0     0.446       191       416     0.414     0.703     0.497     0.521      1.49       1.4         0
   365/499     4.02G     0.328     0.115         0     0.443       213       416      0.42     0.717     0.502      0.53      1.46      1.39         0
   366/499     4.02G     0.324     0.117         0     0.441       208       416     0.413     0.703     0.487     0.521      1.48      1.41         0
   367/499     4.02G     0.305     0.124         0     0.429       223       416     0.414     0.712     0.499     0.524      1.47       1.4         0
   368/499     4.02G     0.321     0.118         0     0.439       221       416     0.414     0.707     0.493     0.522      1.48      1.42         0
   369/499     4.02G      0.31     0.119         0     0.429       282       416     0.429     0.712     0.512     0.535      1.48      1.42         0
   370/499     4.02G     0.326     0.132         0     0.458       271       416     0.431     0.709     0.506     0.536      1.48      1.44         0
   371/499     4.02G     0.319     0.122         0     0.441       217       416     0.422     0.708     0.498     0.528      1.47      1.45         0
   372/499     4.02G     0.318     0.116         0     0.434       202       416     0.415     0.696     0.478      0.52      1.49      1.45         0
   373/499     4.02G     0.317     0.127         0     0.444       177       416      0.44     0.707     0.498     0.543      1.48      1.48         0
   374/499     4.02G     0.309     0.126         0     0.435       203       416     0.436     0.702     0.496     0.538      1.48      1.47         0
   375/499     4.02G     0.316     0.118         0     0.434       162       416     0.419     0.706     0.485     0.526      1.47      1.41         0
   376/499     4.02G      0.32     0.119         0      0.44       194       416     0.422     0.709      0.49     0.529      1.48      1.44         0
   377/499     4.02G     0.309     0.125         0     0.435       213       416     0.421     0.704     0.489     0.527      1.47      1.47         0
   378/499     4.02G     0.306     0.129         0     0.435       264       416     0.419     0.703     0.491     0.525      1.48      1.48         0
   379/499     4.02G       0.3      0.12         0      0.42       185       416     0.416     0.706     0.489     0.524      1.47      1.44         0
   380/499     4.02G     0.308     0.113         0      0.42       228       416     0.404       0.7     0.487     0.513      1.48      1.43         0
   381/499     4.02G     0.306     0.113         0     0.419       235       416     0.408     0.704     0.494     0.516      1.47       1.4         0
   382/499     4.02G     0.306     0.115         0     0.421       184       416     0.411     0.708     0.496      0.52      1.47      1.43         0
   383/499     4.02G     0.307     0.118         0     0.425       231       416     0.416     0.702     0.498     0.523      1.48      1.45         0
   384/499     4.02G     0.312     0.116         0     0.428       196       416     0.423     0.701     0.505     0.528      1.48      1.43         0
   385/499     4.02G     0.314     0.125         0     0.438       253       416     0.437      0.71     0.523     0.541      1.48      1.45         0
   386/499     4.02G     0.332     0.125         0     0.457       269       416     0.426     0.707     0.517     0.532      1.48      1.42         0
   387/499     4.02G     0.322      0.11         0     0.433       183       416     0.409     0.711     0.505      0.52      1.47      1.39         0
   388/499     4.02G     0.316     0.126         0     0.442       186       416     0.423     0.715     0.511     0.532      1.47       1.4         0
   389/499     4.02G     0.317     0.124         0      0.44       237       416     0.421      0.71     0.509     0.528      1.47      1.44         0
   390/499     4.02G     0.309     0.109         0     0.418       244       416     0.413     0.712     0.501     0.523      1.47      1.42         0
   391/499     4.02G     0.317     0.123         0      0.44       233       416     0.426      0.71     0.505     0.532      1.47      1.44         0
   392/499     4.02G     0.306     0.119         0     0.425       192       416     0.418      0.71     0.497     0.526      1.47      1.41         0
   393/499     4.02G     0.307     0.123         0     0.431       215       416     0.416     0.714     0.498     0.526      1.47      1.43         0
   394/499     4.02G     0.301     0.114         0     0.415       156       416     0.426      0.71     0.496     0.532      1.47      1.42         0
   395/499     4.02G     0.283     0.112         0     0.394       196       416     0.423     0.715     0.496     0.531      1.47       1.4         0
   396/499     4.02G     0.317     0.126         0     0.444       224       416     0.437     0.711     0.504     0.541      1.48      1.45         0
   397/499     4.02G     0.303     0.114         0     0.417       267       416     0.425      0.71     0.501     0.532      1.48       1.4         0
   398/499     4.02G     0.307     0.125         0     0.432       256       416     0.431     0.708       0.5     0.536      1.48      1.42         0
   399/499     4.02G     0.304     0.109         0     0.413       203       416      0.42     0.704     0.493     0.526      1.48      1.39         0
   400/499     4.02G     0.293     0.118         0     0.411       195       416     0.421     0.708     0.496     0.528      1.48       1.4         0
   401/499     4.02G     0.303     0.118         0      0.42       253       416     0.434     0.711     0.507     0.539      1.47       1.4         0
   402/499     4.02G     0.303     0.113         0     0.416       221       416     0.437      0.71     0.506     0.541      1.48      1.42         0
   403/499     4.02G     0.304     0.126         0      0.43       234       416     0.441     0.713     0.509     0.545      1.47      1.41         0
   404/499     4.02G     0.296     0.115         0     0.411       200       416     0.431     0.713     0.505     0.537      1.47       1.4         0
   405/499     4.02G     0.304     0.114         0     0.418       253       416      0.44     0.719     0.511     0.546      1.47      1.42         0
   406/499     4.02G     0.311      0.12         0     0.431       271       416     0.431     0.712     0.506     0.537      1.47      1.39         0
   407/499     4.02G     0.292     0.121         0     0.413       209       416     0.423     0.709       0.5      0.53      1.48       1.4         0
   408/499     4.02G     0.295     0.111         0     0.407       194       416     0.412     0.712     0.498     0.522      1.47      1.39         0
   409/499     4.02G     0.301     0.119         0      0.42       244       416     0.426     0.718     0.505     0.535      1.46      1.37         0
   410/499     4.02G      0.29      0.11         0     0.399       186       416     0.416     0.709     0.491     0.524      1.48      1.37         0
   411/499     4.02G     0.299      0.12         0     0.418       274       416     0.419     0.708     0.493     0.526      1.48       1.4         0
   412/499     4.02G     0.298     0.121         0      0.42       193       416     0.416     0.704     0.491     0.523      1.48       1.4         0
   413/499     4.02G     0.292      0.11         0     0.402       199       416     0.415     0.704     0.494     0.522      1.48      1.41         0
   414/499     4.02G     0.293     0.117         0     0.411       214       416     0.423     0.709     0.501      0.53      1.48      1.39         0
   415/499     4.02G     0.292     0.112         0     0.404       248       416     0.424     0.713     0.507     0.532      1.47      1.37         0
   416/499     4.02G      0.31     0.114         0     0.425       214       416     0.429     0.714     0.507     0.536      1.47      1.39         0
   417/499     4.02G     0.299     0.119         0     0.419       188       416     0.429      0.71     0.505     0.535      1.48       1.4         0
   418/499     4.02G     0.286     0.114         0       0.4       202       416     0.427     0.709     0.499     0.533      1.47      1.38         0
   419/499     4.02G     0.288     0.121         0     0.408       265       416     0.427     0.705     0.496     0.532      1.48      1.42         0
   420/499     4.02G     0.307     0.105         0     0.411       230       416     0.423     0.711     0.504      0.53      1.47      1.41         0
   421/499     4.02G     0.296     0.113         0     0.409       207       416     0.421     0.709     0.499     0.528      1.48      1.43         0
   422/499     4.02G     0.303     0.112         0     0.415       244       416     0.424     0.708       0.5      0.53      1.48      1.39         0
   423/499     4.02G     0.291     0.116         0     0.407       170       416      0.43     0.712      0.51     0.537      1.48      1.41         0
   424/499     4.02G     0.298     0.117         0     0.415       150       416     0.426     0.707     0.501     0.532      1.48      1.42         0
   425/499     4.02G     0.302     0.118         0      0.42       242       416     0.433      0.71     0.511     0.538      1.47      1.39         0
   426/499     4.02G     0.298     0.127         0     0.425       200       416     0.428     0.709     0.502     0.533      1.48      1.42         0
   427/499     4.02G     0.302      0.12         0     0.421       216       416     0.425     0.709       0.5     0.531      1.48      1.38         0
   428/499     4.02G     0.296     0.122         0     0.417       240       416     0.429     0.711     0.506     0.535      1.48      1.43         0
   429/499     4.02G     0.302     0.122         0     0.424       212       416     0.429     0.708     0.498     0.535      1.48      1.42         0
   430/499     4.02G     0.295     0.115         0      0.41       223       416      0.43     0.713     0.504     0.537      1.47      1.41         0
   431/499     4.02G     0.304     0.122         0     0.426       216       416     0.427     0.705     0.493     0.532      1.48      1.41         0
   432/499     4.02G      0.29     0.113         0     0.403       174       416     0.426     0.711     0.499     0.533      1.47      1.39         0
   433/499     4.02G     0.298     0.114         0     0.412       201       416     0.419     0.711     0.496     0.527      1.47      1.39         0
   434/499     4.02G      0.29     0.117         0     0.407       216       416     0.421      0.71     0.494     0.528      1.47       1.4         0
   435/499     4.02G     0.295     0.117         0     0.412       173       416      0.43     0.716     0.502     0.537      1.47       1.4         0
   436/499     4.02G     0.284      0.11         0     0.393       235       416     0.426     0.718     0.506     0.535      1.47      1.38         0
   437/499     4.02G     0.284     0.113         0     0.397       214       416      0.42      0.71     0.501     0.528      1.48      1.42         0
   438/499     4.02G     0.287     0.114         0     0.402       189       416     0.422     0.718     0.506     0.531      1.47      1.38         0
   439/499     4.02G     0.289     0.114         0     0.403       219       416      0.42     0.713     0.503     0.529      1.47      1.39         0
   440/499     4.02G     0.292     0.105         0     0.397       233       416     0.419     0.714     0.501     0.528      1.47      1.38         0
   441/499     4.02G     0.294     0.107         0     0.401       198       416      0.42     0.711       0.5     0.528      1.48      1.39         0
   442/499     4.02G     0.297     0.113         0      0.41       209       416     0.426     0.708     0.496     0.532      1.48      1.39         0
   443/499     4.02G     0.322      0.12         0     0.441       230       416     0.428     0.711     0.505     0.535      1.48      1.43         0
   444/499     4.02G     0.287     0.116         0     0.403       211       416     0.423     0.708     0.495      0.53      1.48       1.4         0
   445/499     4.02G     0.295     0.113         0     0.408       297       416     0.428     0.714     0.504     0.535      1.47      1.38         0
   446/499     4.02G     0.305     0.119         0     0.424       201       416     0.437     0.713     0.509     0.542      1.47      1.42         0
   447/499     4.02G     0.286     0.119         0     0.406       213       416     0.443     0.712     0.511     0.546      1.47      1.42         0
   448/499     4.02G     0.297     0.116         0     0.413       192       416     0.441     0.719     0.517     0.547      1.46      1.39         0
   449/499     4.02G     0.303     0.115         0     0.418       259       416      0.43     0.714     0.509     0.537      1.47       1.4         0
   450/499     4.02G     0.291     0.112         0     0.402       189       416     0.427      0.71     0.503     0.534      1.48       1.4         0
   451/499     4.02G     0.289     0.114         0     0.403       145       416     0.429     0.716     0.507     0.537      1.47      1.38         0
   452/499     4.02G     0.302     0.118         0      0.42       207       416     0.429     0.715     0.507     0.536      1.47      1.43         0
   453/499     4.02G      0.29     0.114         0     0.404       179       416      0.42     0.715       0.5      0.53      1.47       1.4         0
   454/499     4.02G     0.289     0.108         0     0.397       221       416     0.418     0.717     0.503     0.528      1.47      1.38         0
   455/499     4.02G     0.286     0.108         0     0.395       215       416     0.414     0.714     0.498     0.524      1.47      1.37         0
   456/499     4.02G     0.287     0.119         0     0.406       241       416      0.43     0.713     0.506     0.536      1.47       1.4         0
   457/499     4.02G     0.288     0.116         0     0.404       224       416     0.419      0.71       0.5     0.527      1.48      1.41         0
   458/499     4.02G     0.293     0.117         0     0.409       204       416     0.414     0.708     0.491     0.522      1.48       1.4         0
   459/499     4.02G     0.302     0.121         0     0.423       279       416     0.418     0.709     0.495     0.526      1.48      1.41         0
   460/499     4.02G       0.3     0.108         0     0.408       184       416     0.415     0.714     0.499     0.525      1.47      1.42         0
   461/499     4.02G     0.297     0.114         0     0.412       273       416     0.419     0.714       0.5     0.528      1.47      1.41         0
   462/499     4.02G     0.294     0.114         0     0.407       192       416     0.411     0.709      0.49     0.521      1.47       1.4         0
   463/499     4.02G       0.3     0.121         0     0.421       273       416     0.424      0.71     0.502     0.531      1.48      1.41         0
   464/499     4.02G     0.289     0.118         0     0.408       202       416     0.422      0.71     0.501     0.529      1.48       1.4         0
   465/499     4.02G     0.283     0.113         0     0.395       207       416     0.416     0.704     0.491     0.523      1.48       1.4         0
   466/499     4.02G     0.297     0.114         0     0.411       252       416     0.416     0.709     0.494     0.524      1.48      1.41         0
   467/499     4.02G     0.291     0.115         0     0.405       216       416     0.412     0.707      0.49     0.521      1.48      1.42         0
   468/499     4.02G     0.296     0.116         0     0.412       195       416     0.415     0.715       0.5     0.526      1.47      1.39         0
   469/499     4.02G      0.29     0.105         0     0.395       195       416     0.416     0.712     0.499     0.525      1.48      1.42         0
   470/499     4.02G     0.297     0.112         0     0.409       216       416     0.421     0.714     0.503      0.53      1.47      1.38         0
   471/499     4.02G     0.289     0.121         0     0.409       194       416     0.431     0.715     0.508     0.538      1.47      1.43         0
   472/499     4.02G     0.299      0.11         0     0.409       187       416     0.432     0.722     0.514     0.541      1.46      1.41         0
   473/499     4.02G     0.294     0.114         0     0.407       294       416      0.43     0.718     0.505     0.538      1.47      1.43         0
   474/499     4.02G     0.288     0.107         0     0.395       214       416     0.424     0.716       0.5     0.532      1.47      1.43         0
   475/499     4.02G      0.28      0.11         0      0.39       208       416     0.415     0.715     0.498     0.525      1.47       1.4         0
   476/499     4.02G     0.302     0.119         0      0.42       186       416      0.42     0.715       0.5     0.529      1.47      1.43         0
   477/499     4.02G     0.295     0.119         0     0.414       269       416     0.429     0.717     0.505     0.537      1.47      1.41         0
   478/499     4.02G     0.304     0.112         0     0.415       216       416     0.429     0.719     0.505     0.537      1.47      1.43         0
   479/499     4.02G     0.298     0.119         0     0.417       168       416     0.429     0.715     0.501     0.536      1.48      1.44         0
   480/499     4.02G     0.283     0.118         0     0.401       231       416     0.426     0.717     0.505     0.535      1.47      1.44         0
   481/499     4.02G     0.292      0.12         0     0.413       235       416     0.434      0.72     0.513     0.541      1.47      1.43         0
   482/499     4.02G     0.283     0.113         0     0.397       281       416     0.427     0.713     0.503     0.534      1.48      1.43         0
   483/499     4.02G     0.298     0.111         0     0.409       198       416     0.417     0.709     0.491     0.525      1.48      1.44         0
   484/499     4.02G     0.292     0.115         0     0.407       190       416     0.423     0.717     0.502     0.532      1.47      1.42         0
   485/499     4.02G     0.285     0.118         0     0.403       208       416     0.427     0.713     0.502     0.534      1.47      1.43         0
   486/499     4.02G     0.284     0.111         0     0.395       227       416     0.416     0.713     0.498     0.525      1.47      1.39         0
   487/499     4.02G      0.29     0.109         0     0.399       183       416     0.416     0.708     0.491     0.524      1.48      1.41         0
   488/499     4.02G     0.294     0.118         0     0.411       233       416     0.431     0.718     0.506     0.539      1.47      1.41         0
   489/499     4.02G     0.298      0.12         0     0.419       243       416     0.427     0.716     0.504     0.535      1.47      1.44         0
   490/499     4.02G     0.284     0.118         0     0.402       294       416     0.424     0.715     0.504     0.532      1.47       1.4         0
   491/499     4.02G     0.292     0.106         0     0.399       165       416     0.417     0.715     0.498     0.527      1.47       1.4         0
   492/499     4.02G     0.298     0.118         0     0.417       202       416     0.423     0.713       0.5     0.531      1.47      1.42         0
   493/499     4.02G     0.298     0.114         0     0.412       193       416     0.419     0.717       0.5     0.529      1.47      1.39         0
   494/499     4.02G     0.294     0.115         0     0.408       271       416      0.42     0.709     0.496     0.528      1.48      1.43         0
   495/499     4.02G     0.288      0.11         0     0.399       206       416     0.409     0.706     0.491     0.518      1.48       1.4         0
   496/499     4.02G     0.291     0.112         0     0.402       190       416     0.419     0.708     0.495     0.526      1.48      1.42         0
   497/499     4.02G     0.295     0.115         0      0.41       245       416     0.417     0.714     0.504     0.526      1.47       1.4         0
   498/499     4.02G     0.295     0.109         0     0.405       162       416     0.421     0.716     0.505      0.53      1.47       1.4         0
   499/499     4.02G     0.287     0.111         0     0.398       263       416     0.276     0.719     0.498     0.398      1.47       1.4         0
