     0/499     3.21G         1      29.4         0      30.5       134       512         0         0         0         0      3.26       nan         0
     1/499     3.22G         1      28.6         0      29.6       138       512    0.0012   0.00733  6.49e-05   0.00206      2.04      28.1         0
     2/499     3.22G     0.997      27.3         0      28.3       148       512   0.00112   0.00713  8.15e-05   0.00193      2.04      26.4         0
     3/499     3.22G      0.99      25.6         0      26.6       109       512   0.00145   0.00931  0.000145   0.00251      2.04        25         0
     4/499     3.22G     0.983      23.6         0      24.6       165       512   0.00102   0.00674  0.000253   0.00177      2.04      22.8         0
     5/499     3.22G     0.967      21.5         0      22.4       160       512  0.000945   0.00614  0.000147   0.00164      2.04      20.4         0
     6/499     3.22G     0.962      19.2         0      20.2       149       512     0.001   0.00634  0.000233   0.00173      2.04        18         0
     7/499     3.22G      1.03        17         0        18       149       320   0.00146   0.00911   0.00167   0.00252      2.03      16.4         0
     8/499     3.22G      1.07      14.8         0      15.8       142       320   0.00142   0.00852     0.005   0.00243      2.03        14         0
     9/499     3.22G      1.06      12.7         0      13.8       174       320   0.00215    0.0129   0.00253   0.00369      2.03      11.9         0
    10/499     3.22G      1.05      10.8         0      11.9       141       448   0.00353    0.0216   0.00124   0.00607      2.03      9.96         0
    11/499     3.22G     0.931      9.04         0      9.97        71       448   0.00423     0.026   0.00191   0.00727      2.03       8.8         0
    12/499     3.22G     0.923      7.48         0       8.4       139       448   0.00659    0.0418  0.000724    0.0114      2.03      7.26         0
    13/499     3.22G      0.91      6.15         0      7.06        75       448   0.00762    0.0515  0.000461    0.0133      2.03      5.97         0
    14/499     4.45G      1.08      5.03         0       6.1       135       576   0.00429    0.0301  0.000157   0.00751      2.03      4.91         0
    15/499     4.45G      1.45      4.09         0      5.53       189       576         0         0         0         0      2.03      4.33         0
    16/499     4.45G      1.49       3.3         0      4.79       115       576         0         0         0         0      2.02      3.61         0
    17/499     4.45G      1.32       2.7         0      4.02       123       576         0         0         0         0      2.01      3.07         0
    18/499     4.45G      1.05      2.21         0      3.26       168       544         0         0         0         0      1.99      2.66         0
    19/499     4.45G     0.921      1.84         0      2.76       189       544         0         0         0         0      1.98      2.46         0
    20/499     4.45G     0.893      1.54         0      2.43       120       544         0         0         0         0      1.96      2.23         0
    21/499     4.45G     0.913      1.32         0      2.23       103       512         0         0         0         0      1.94      2.07         0
    22/499     4.45G     0.845      1.17         0      2.02       167       512         0         0         0         0      1.93      1.96         0
    23/499     4.45G     0.834      1.04         0      1.88        96       512         0         0         0         0      1.92      1.91         0
    24/499     4.45G     0.835      0.93         0      1.76        84       512         0         0         0         0      1.91      1.86         0
    25/499     4.45G     0.861     0.872         0      1.73       125       448         0         0         0         0       1.9      1.83         0
    26/499     4.45G     0.888     0.784         0      1.67       166       448         0         0         0         0      1.89      1.82         0
    27/499     4.45G     0.878     0.762         0      1.64       105       448         0         0         0         0      1.89      1.82         0
    28/499     4.45G     0.878     0.737         0      1.61       159       448         0         0         0         0      1.89      1.82         0
    29/499     4.45G     0.928      0.63         0      1.56       100       544         0         0         0         0      1.89      1.83         0
    30/499     4.45G     0.895      0.64         0      1.54       143       544         0         0         0         0      1.89      1.84         0
    31/499     4.45G     0.923     0.612         0      1.53       132       544         0         0         0         0      1.89      1.85         0
    32/499     4.45G     0.902     0.588         0      1.49       132       480         0         0         0         0      1.88      1.86         0
    33/499     4.45G     0.832     0.554         0      1.39       140       480         0         0         0         0      1.88      1.88         0
    34/499     4.45G     0.822     0.533         0      1.35       128       480         0         0         0         0      1.89      1.89         0
    35/499     4.45G     0.821     0.565         0      1.39       189       480         0         0         0         0      1.88      1.91         0
    36/499     5.21G      1.29     0.515         0      1.81       140       608         0         0         0         0      1.88      1.92         0
    37/499     5.21G      1.62     0.495         0      2.11       124       608         0         0         0         0      1.89      1.94         0
    38/499     5.21G      1.55     0.467         0      2.02       154       608         0         0         0         0      1.89      1.96         0
    39/499     5.21G      1.47     0.444         0      1.91       142       608         0         0         0         0       1.9      1.97         0
    40/499     5.21G     0.908     0.527         0      1.44       166       416         0         0         0         0      1.92      1.99         0
    41/499     5.21G     0.911      0.49         0       1.4       114       416         0         0         0         0      1.95      2.01         0
    42/499     5.21G     0.911     0.497         0      1.41       169       416         0         0         0         0      1.98      2.02         0
    43/499     5.21G     0.962     0.459         0      1.42       161       576         0         0         0         0         2      2.03         0
    44/499     5.21G      1.14     0.458         0       1.6        87       576         0         0         0         0      2.01      2.04         0
    45/499     5.21G      1.28     0.436         0      1.72       141       576         0         0         0         0      2.02      2.06         0
    46/499     5.21G      1.21     0.415         0      1.63       170       576         0         0         0         0      2.03      2.06         0
    47/499     5.21G     0.996     0.446         0      1.44       171       384         0         0         0         0      2.02      2.07         0
    48/499     5.21G      0.96     0.421         0      1.38        78       384     0.333  0.000594    0.0025   0.00119      2.03      2.08         0
    49/499     5.21G     0.958     0.443         0       1.4       192       384      0.25  0.000198   0.00125  0.000396      2.03      2.08         0
    50/499     5.21G     0.941     0.457         0       1.4       153       448    0.0625  0.000198   0.00125  0.000395      2.03      2.09         0
    51/499     5.21G     0.843     0.443         0      1.29       180       448    0.0556  0.000198   0.00125  0.000395      2.03      2.09         0
    52/499     5.21G     0.839     0.405         0      1.24       130       448    0.0103  0.000198   0.00125  0.000389      2.04       2.1         0
    53/499     5.21G     0.844     0.417         0      1.26       144       448   0.00578  0.000198  0.000833  0.000383      2.05       2.1         0
    54/499     5.21G     0.883     0.407         0      1.29       150       384         0         0         0         0      2.06      2.11         0
    55/499     5.21G     0.931     0.449         0      1.38       171       384         0         0         0         0      2.07      2.11         0
    56/499     5.21G     0.924     0.388         0      1.31       153       384   0.00186  0.000396  2.25e-05  0.000653      2.08      2.11         0
    57/499     5.21G     0.927     0.376         0       1.3       113       384   0.00187  0.000594   2.2e-05  0.000902       2.1      2.12         0
    58/499     5.21G     0.978     0.414         0      1.39       136       352   0.00139  0.000396  1.83e-05  0.000617       2.1      2.12         0
    59/499     5.21G     0.976      0.41         0      1.39       113       352   0.00165  0.000792  1.85e-05   0.00107      2.11      2.12         0
    60/499     5.21G     0.978       0.4         0      1.38       152       352  0.000745  0.000396  1.66e-05  0.000517      2.12      2.13         0
    61/499     5.21G      1.14     0.391         0      1.53       116       608  0.000817  0.000792  4.35e-06  0.000805      2.13      2.13         0
    62/499     5.21G      1.64      0.34         0      1.98        91       608  0.000537  0.000792  4.25e-06   0.00064      2.12      2.13         0
    63/499     5.21G      1.69     0.341         0      2.03       131       608  0.000856   0.00119  6.39e-06  0.000995       2.1      2.13         0
    64/499     5.21G      1.71     0.348         0      2.06       119       608   0.00114   0.00198  2.28e-05   0.00145      2.06      2.12         0
    65/499     5.21G      1.19     0.373         0      1.57       143       448   0.00215   0.00218  2.15e-05   0.00217      2.01      2.12         0
    66/499     5.21G     0.844     0.341         0      1.18        82       448   0.00194   0.00277  2.59e-05   0.00229      1.98      2.11         0
    67/499     5.21G     0.842      0.33         0      1.17       135       448     0.003   0.00475  2.79e-05   0.00368      1.96      2.11         0
    68/499     5.21G     0.842     0.362         0       1.2        89       448   0.00339   0.00594    0.0005   0.00432      1.93       2.1         0
    69/499     5.21G      1.12     0.311         0      1.43       127       576   0.00666    0.0178  0.000741    0.0097      1.92       2.1         0
    70/499     5.21G      1.32     0.326         0      1.64       170       576    0.0105     0.026   0.00147    0.0149       1.9       2.1         0
    71/499     5.21G      1.09     0.315         0       1.4       126       576    0.0172    0.0477    0.0046    0.0253       1.9       2.1         0
    72/499     5.21G      1.24       0.3         0      1.54       148       608    0.0258    0.0725    0.0137     0.038      1.88       2.1         0
    73/499     5.21G      1.48     0.287         0      1.76       111       608    0.0363     0.109    0.0285    0.0545      1.88       2.1         0
    74/499     5.21G      1.43     0.277         0       1.7       120       608    0.0485     0.162    0.0596    0.0746      1.87       2.1         0
    75/499     5.21G      1.51     0.297         0      1.81       117       608    0.0526     0.167    0.0623      0.08      1.86       2.1         0
    76/499     5.21G       1.2     0.329         0      1.53       140       384    0.0599     0.173    0.0637     0.089      1.86      2.09         0
    77/499     5.21G     0.993      0.33         0      1.32       206       384     0.052     0.191    0.0712    0.0817      1.86      2.09         0
    78/499     5.21G      0.99     0.312         0       1.3        98       384    0.0437     0.195    0.0685    0.0714      1.86       2.1         0
    79/499     5.21G     0.982     0.303         0      1.29       153       384    0.0362     0.164    0.0504    0.0593      1.87       2.1         0
    80/499     5.21G     0.859     0.295         0      1.15        77       448    0.0266     0.127    0.0298     0.044      1.88      2.11         0
    81/499     5.21G     0.853     0.297         0      1.15       116       448    0.0189     0.087    0.0119     0.031       1.9      2.11         0
    82/499     5.21G     0.853     0.297         0      1.15        84       448    0.0158    0.0719   0.00749    0.0259      1.92      2.11         0
    83/499     5.21G       0.9     0.295         0      1.19        96       352    0.0137     0.058   0.00372    0.0222      1.93       2.1         0
    84/499     5.21G     0.992     0.318         0      1.31       131       352    0.0159    0.0656   0.00145    0.0256      1.95       2.1         0
    85/499     5.21G     0.982     0.295         0      1.28       114       352    0.0204    0.0971   0.00205    0.0337      1.98      2.11         0
    86/499     5.21G     0.969     0.305         0      1.27       136       352    0.0234     0.112   0.00269    0.0387      1.99      2.11         0
    87/499     5.21G     0.968     0.285         0      1.25       138       352    0.0219     0.109    0.0023    0.0365      2.01      2.11         0
    88/499     5.21G      0.96      0.28         0      1.24       147       352    0.0204     0.102   0.00214     0.034      2.03      2.11         0
    89/499     5.21G     0.955     0.283         0      1.24       125       352    0.0178    0.0824   0.00151    0.0293      2.04      2.11         0
    90/499     5.21G     0.946      0.28         0      1.23       134       480    0.0167    0.0753   0.00125    0.0274      2.05      2.11         0
    91/499     5.21G     0.862     0.267         0      1.13       109       480    0.0169    0.0773   0.00127    0.0277      2.06      2.12         0
    92/499     5.21G     0.865     0.259         0      1.12       138       480    0.0161     0.063   0.00105    0.0256      2.07      2.12         0
    93/499     5.21G     0.851     0.257         0      1.11       159       480    0.0156    0.0616   0.00101    0.0249      2.08      2.12         0
    94/499     5.21G     0.872     0.239         0      1.11       119       544    0.0116    0.0481  0.000523    0.0187      2.08      2.13         0
    95/499     5.21G     0.925     0.237         0      1.16        90       544   0.00613    0.0263  0.000157   0.00994      2.08      2.13         0
    96/499     5.21G     0.893     0.236         0      1.13        86       544   0.00273    0.0123  0.000115   0.00446      2.06      2.14         0
    97/499     5.21G     0.886     0.232         0      1.12       126       544   0.00643    0.0295   0.00141    0.0106      2.03      2.14         0
    98/499     5.21G      1.03     0.244         0      1.28       195       576    0.0146     0.067   0.00947     0.024         2      2.14         0
    99/499     5.21G      1.05     0.228         0      1.28       105       576    0.0244     0.114    0.0324    0.0402      1.99      2.15         0
   100/499     5.21G      1.03     0.233         0      1.27       218       576    0.0379     0.167    0.0705    0.0617      1.95      2.14         0
   101/499     5.21G      1.02     0.239         0      1.25       157       352    0.0443     0.156    0.0661     0.069      1.92      2.13         0
   102/499     5.21G      1.05     0.235         0      1.29       125       352     0.042     0.156    0.0655    0.0661       1.9      2.12         0
   103/499     5.21G      1.04     0.264         0       1.3        98       352    0.0351     0.135    0.0488    0.0557      1.89      2.12         0
   104/499     5.21G      1.02     0.247         0      1.26       141       352    0.0249      0.11    0.0343    0.0406      1.88      2.12         0
   105/499     5.21G     0.888     0.241         0      1.13       110       480    0.0187    0.0992    0.0162    0.0315      1.87      2.15         0
   106/499     5.21G     0.797      0.24         0      1.04       152       480    0.0191     0.106   0.00791    0.0324      1.87      2.16         0
   107/499     5.21G     0.782     0.257         0      1.04       128       480    0.0189     0.103   0.00476     0.032      1.88      2.15         0
   108/499     5.21G     0.772     0.254         0      1.03       144       480     0.016     0.086   0.00335     0.027      1.89      2.15         0
   109/499     5.21G     0.745      0.23         0     0.976       148       512    0.0107    0.0553   0.00158     0.018      1.91      2.16         0
   110/499     5.21G     0.726     0.225         0      0.95       116       512   0.00788    0.0386   0.00121    0.0131      1.94      2.16         0
   111/499     5.21G      0.71     0.225         0     0.935       130       512   0.00811    0.0382   0.00113    0.0134      1.95      2.16         0
   112/499     5.21G     0.708     0.229         0     0.937       105       480    0.0111    0.0505   0.00224    0.0181      1.96      2.16         0
   113/499     5.21G     0.717     0.212         0     0.929       180       480    0.0134     0.061    0.0032    0.0219      1.97      2.16         0
   114/499     5.21G     0.717      0.22         0     0.937       130       480    0.0155    0.0735   0.00571    0.0256      1.97      2.17         0
   115/499     5.21G     0.714     0.208         0     0.922       197       480    0.0149    0.0715   0.00438    0.0246      1.98      2.18         0
   116/499     5.21G      1.17     0.206         0      1.37       169       608    0.0155    0.0777   0.00596    0.0258      1.98      2.21         0
   117/499     5.21G       1.4     0.233         0      1.64       138       608     0.019    0.0885   0.00895    0.0312      1.95      2.18         0
   118/499     5.21G       1.4     0.224         0      1.63       161       608    0.0283     0.128    0.0254    0.0464      1.93      2.17         0
   119/499     5.21G      1.33     0.218         0      1.55       111       608    0.0353      0.16    0.0476    0.0579      1.91      2.17         0
   120/499     5.21G     0.817      0.21         0      1.03       106       416     0.036     0.156    0.0479    0.0585      1.88      2.15         0
   121/499     5.21G     0.808     0.197         0         1       160       416    0.0287     0.133    0.0347    0.0472      1.87      2.15         0
   122/499     5.21G     0.776     0.217         0     0.993        98       416    0.0261     0.125    0.0141    0.0432      1.88      2.15         0
   123/499     5.21G     0.893     0.204         0       1.1        92       576    0.0248     0.135   0.00831    0.0418       1.9       2.2         0
   124/499     5.21G      1.05     0.197         0      1.25       131       576    0.0283     0.152   0.00567    0.0477      1.91       2.2         0
   125/499     5.21G     0.972       0.2         0      1.17        74       576    0.0326     0.161   0.00688    0.0542      1.92      2.19         0
   126/499     5.21G      1.09     0.193         0      1.28        87       576    0.0258     0.116    0.0111    0.0421      1.93      2.18         0
   127/499     5.21G     0.726     0.209         0     0.935       121       544    0.0262     0.103    0.0169    0.0418      1.92      2.15         0
   128/499     5.21G     0.698     0.199         0     0.897        96       544    0.0333     0.141    0.0385    0.0539      1.91      2.17         0
   129/499     5.21G     0.679     0.195         0     0.874       142       544    0.0425     0.183     0.066     0.069      1.91      2.17         0
   130/499     5.21G     0.715     0.194         0     0.909        95       544    0.0492     0.219    0.0948    0.0804      1.91      2.17         0
   131/499     5.21G     0.765     0.198         0     0.963        87       544    0.0505     0.219    0.0948    0.0821      1.91      2.17         0
   132/499     5.21G      0.72     0.197         0     0.917       123       544    0.0532      0.23     0.106    0.0863       1.9      2.17         0
   133/499     5.21G     0.622     0.183         0     0.806       180       544    0.0506     0.214     0.091    0.0818      1.89      2.17         0
   134/499     5.21G     0.811      0.18         0     0.991       161       576    0.0514     0.216    0.0914    0.0831      1.88      2.18         0
   135/499     5.21G      0.85     0.183         0      1.03       139       576    0.0535     0.221     0.099    0.0861      1.86      2.18         0
   136/499     5.21G     0.922     0.178         0       1.1       111       576    0.0649     0.277     0.145     0.105      1.83       2.2         0
   137/499     5.21G     0.875     0.176         0      1.05       136       576     0.075     0.301     0.172      0.12       1.8      2.18         0
   138/499     5.21G     0.751     0.185         0     0.936       119       448    0.0897     0.337     0.206     0.142      1.78      2.16         0
   139/499     5.21G     0.675      0.19         0     0.865       167       448    0.0785     0.299     0.166     0.124      1.79      2.15         0
   140/499     5.21G      0.65      0.19         0      0.84        80       448    0.0631     0.261     0.121     0.102      1.81      2.17         0
   141/499     5.21G      0.69     0.198         0     0.887       112       320    0.0558      0.23    0.0802    0.0898      1.83      2.18         0
   142/499     5.21G     0.923     0.268         0      1.19       138       320    0.0341     0.147    0.0193    0.0553      1.87      2.19         0
   143/499     5.21G     0.897     0.258         0      1.16       131       320    0.0292      0.13   0.00545    0.0477      1.89      2.18         0
   144/499     5.21G     0.881     0.262         0      1.14       147       320    0.0406      0.19   0.00784    0.0669      1.92      2.17         0
   145/499     5.21G      1.12     0.225         0      1.34        73       576    0.0226     0.128   0.00285    0.0384      1.98      2.28         0
   146/499     5.21G       1.1     0.207         0       1.3       105       576    0.0305     0.167   0.00505    0.0516      1.94      2.24         0
   147/499     5.21G      1.08     0.193         0      1.27       137       576    0.0378     0.199   0.00737    0.0635       1.9      2.22         0
   148/499     5.21G      1.02     0.225         0      1.24       126       576    0.0475      0.18    0.0101    0.0751      1.86      2.22         0
   149/499     5.21G     0.882     0.257         0      1.14       128       320    0.0605    0.0745    0.0149    0.0668      1.86      2.23         0
   150/499     5.21G     0.916     0.264         0      1.18       128       320    0.0587     0.105    0.0239    0.0753      1.84      2.21         0
   151/499     5.21G     0.908     0.245         0      1.15       135       320     0.061     0.146    0.0215     0.086      1.83      2.19         0
   152/499     5.21G      0.88     0.233         0      1.11       124       352    0.0839     0.356    0.0354     0.136      1.81      2.17         0
   153/499     5.21G     0.817     0.219         0      1.04       103       352    0.0822     0.402    0.0382     0.137      1.81      2.16         0
   154/499     5.21G     0.817     0.209         0      1.03       173       352     0.079     0.434    0.0402     0.134       1.8      2.17         0
   155/499     5.21G     0.817     0.206         0      1.02       101       352    0.0789     0.443    0.0412     0.134       1.8      2.17         0
   156/499     5.21G     0.784     0.197         0     0.981       136       512    0.0663     0.436    0.0343     0.115      1.81      2.21         0
   157/499     5.21G     0.734     0.195         0     0.929       113       512    0.0586     0.384    0.0278     0.102      1.84      2.21         0
   158/499     5.21G     0.677     0.199         0     0.876       196       512    0.0336     0.179    0.0156    0.0566      1.87       2.2         0
   159/499     5.21G     0.607     0.201         0     0.808       100       512     0.019    0.0878    0.0247    0.0312      1.89       2.2         0
   160/499     5.21G     0.906     0.225         0      1.13        92       320    0.0397     0.149    0.0619    0.0627       1.9      2.17         0
   161/499     5.21G     0.912     0.237         0      1.15       161       320    0.0299     0.118    0.0411    0.0477      1.93      2.16         0
   162/499     5.21G     0.911     0.215         0      1.13       112       320    0.0178    0.0818     0.021    0.0292      1.97      2.17         0
   163/499     5.21G      1.08     0.224         0       1.3       114       608   0.00564    0.0309   0.00569   0.00954      2.01      2.22         0
   164/499     5.21G      1.52     0.218         0      1.73       177       608   0.00572    0.0335   0.00584   0.00978         2      2.23         0
   165/499     5.21G      1.46     0.223         0      1.68       176       608    0.0136    0.0786    0.0157    0.0232      1.94      2.22         0
   166/499     5.21G      1.39     0.242         0      1.63       130       608    0.0304     0.159    0.0597    0.0511      1.89       2.2         0
   167/499     5.21G     0.826     0.237         0      1.06       190       544    0.0396     0.179     0.079    0.0648      1.87      2.18         0
   168/499     5.21G     0.659     0.223         0     0.883       158       544    0.0604     0.292     0.173       0.1      1.84      2.18         0
   169/499     5.21G     0.644     0.202         0     0.845       144       544    0.0754     0.349      0.23     0.124      1.82      2.17         0
   170/499     5.21G     0.631     0.193         0     0.823       116       480    0.0935     0.401     0.291     0.152      1.82      2.18         0
   171/499     5.21G     0.597     0.187         0     0.785       171       480    0.0937     0.383      0.27     0.151      1.83      2.18         0
   172/499     5.21G     0.587     0.181         0     0.768       122       480    0.0923     0.376     0.262     0.148      1.85       2.2         0
   173/499     5.21G      0.58     0.175         0     0.755       162       480    0.0734     0.302     0.177     0.118      1.87       2.2         0
   174/499     5.21G     0.617      0.18         0     0.797       112       416    0.0833     0.343     0.211     0.134      1.87      2.22         0
   175/499     5.21G      0.63     0.187         0     0.817       138       416    0.0626     0.256     0.125     0.101      1.88       2.2         0
   176/499     5.21G     0.637     0.193         0      0.83       106       416    0.0459     0.192    0.0689    0.0741       1.9       2.2         0
   177/499     5.21G     0.627     0.183         0     0.811       147       416    0.0325      0.14    0.0306    0.0528      1.92      2.21         0
   178/499     5.21G     0.589     0.186         0     0.775       127       480    0.0239     0.104    0.0145    0.0388      1.93      2.21         0
   179/499     5.21G     0.572     0.175         0     0.747        99       480    0.0269     0.117    0.0229    0.0437      1.93      2.21         0
   180/499     5.21G     0.557     0.177         0     0.734       116       480    0.0412     0.168    0.0535    0.0662       1.9      2.19         0
   181/499     5.21G     0.598     0.168         0     0.766       119       352     0.065     0.232     0.113     0.102      1.87      2.16         0
   182/499     5.21G     0.821     0.212         0      1.03       119       352    0.0657     0.224     0.107     0.102      1.85      2.15         0
   183/499     5.21G     0.801      0.21         0      1.01       107       352    0.0539     0.185    0.0698    0.0834      1.85      2.15         0
   184/499     5.21G     0.762     0.191         0     0.953       151       352    0.0384     0.144    0.0389    0.0606      1.85      2.16         0
   185/499     5.21G     0.689      0.18         0     0.869       126       416    0.0288     0.123    0.0133    0.0467      1.86      2.17         0
   186/499     5.21G     0.657     0.181         0     0.838       158       416    0.0315     0.145    0.0114    0.0518      1.86      2.17         0
   187/499     5.21G      0.66      0.18         0      0.84       138       416    0.0304     0.141     0.012      0.05      1.86      2.17         0
   188/499     5.21G     0.645     0.171         0     0.815       175       416    0.0242     0.115    0.0196    0.0401      1.85      2.19         0
   189/499     5.21G      1.28     0.202         0      1.48       125       608    0.0225     0.113    0.0367    0.0375      1.85      2.23         0
   190/499     5.21G      1.27     0.188         0      1.46        97       608    0.0582     0.281     0.173    0.0964       1.8      2.23         0
   191/499     5.21G       1.3     0.193         0      1.49       116       608    0.0765     0.337     0.235     0.125      1.78       2.2         0
   192/499     5.21G      1.03     0.204         0      1.23       127       416     0.123     0.407     0.319     0.189      1.75      2.16         0
   193/499     5.21G     0.802     0.177         0     0.978       179       416     0.152     0.444      0.36     0.227      1.74      2.16         0
   194/499     5.21G     0.763     0.184         0     0.947       222       416     0.127     0.357     0.269     0.188      1.77      2.16         0
   195/499     5.21G     0.678     0.188         0     0.866       130       416     0.104     0.306     0.211     0.155      1.79      2.16         0
   196/499     5.21G     0.619     0.195         0     0.813       136       416    0.0539     0.182     0.091    0.0832      1.85      2.16         0
   197/499     5.21G     0.621     0.179         0       0.8       117       416    0.0267     0.109    0.0293    0.0429      1.89      2.19         0
   198/499     5.21G     0.633     0.179         0     0.812        96       416    0.0156    0.0713    0.0118    0.0255      1.91      2.21         0
   199/499     5.21G     0.639      0.18         0     0.819       155       416    0.0131    0.0624   0.00608    0.0217      1.92      2.21         0
   200/499     5.21G     0.661     0.179         0      0.84       122       384    0.0115    0.0565   0.00604    0.0191      1.92      2.21         0
   201/499     5.21G      0.65     0.182         0     0.832        81       384    0.0111    0.0569   0.00743    0.0186      1.92      2.23         0
   202/499     5.21G      0.65      0.19         0      0.84       189       384     0.011    0.0525   0.00684    0.0182      1.93       2.2         0
   203/499     5.21G     0.831     0.186         0      1.02        96       576   0.00566    0.0305   0.00208   0.00955      1.96      2.25         0
   204/499     5.21G      1.12     0.196         0      1.31       141       576    0.0114    0.0608    0.0131    0.0192      1.93      2.24         0
   205/499     5.21G     0.933     0.192         0      1.13       139       576    0.0303     0.145    0.0594    0.0502      1.88      2.21         0
   206/499     5.21G     0.959     0.186         0      1.14       154       576     0.054     0.221     0.121    0.0868      1.84       2.2         0
   207/499     5.21G     0.771     0.175         0     0.945       156       544    0.0706      0.27     0.162     0.112      1.82       2.2         0
   208/499     5.21G     0.678     0.188         0     0.866       105       544     0.094     0.312     0.202     0.144      1.81      2.19         0
   209/499     5.21G      0.68     0.183         0     0.863       117       544     0.106     0.341     0.239     0.162       1.8      2.19         0
   210/499     5.21G     0.664     0.184         0     0.847       122       352     0.123     0.379     0.279     0.186       1.8      2.17         0
   211/499     5.21G     0.873     0.217         0      1.09       127       352     0.147     0.431     0.341     0.219      1.78      2.16         0
   212/499     5.21G     0.801     0.216         0      1.02       105       352     0.113     0.373      0.27     0.173       1.8      2.18         0
   213/499     5.21G      0.74     0.223         0     0.963       139       352    0.0614     0.229     0.104    0.0969      1.84      2.19         0
   214/499     5.21G     0.722     0.225         0     0.948       138       352    0.0305     0.126    0.0251    0.0492      1.87       2.2         0
   215/499     5.21G     0.728     0.189         0     0.918       100       352    0.0214    0.0961    0.0119    0.0351      1.89      2.25         0
   216/499     5.21G     0.738     0.195         0     0.933       167       352    0.0144    0.0691   0.00133    0.0238      1.92      2.23         0
   217/499     5.21G      0.73     0.193         0     0.923       127       352    0.0164     0.082   0.00154    0.0273      1.94      2.22         0
   218/499     5.21G       0.7     0.202         0     0.901       147       480     0.014    0.0757   0.00105    0.0236      1.95      2.22         0
   219/499     5.21G     0.651     0.202         0     0.853       100       480    0.0111    0.0608  0.000723    0.0187      1.95      2.23         0
   220/499     5.21G     0.584     0.207         0     0.791       113       480   0.00825    0.0454   0.00132     0.014      1.92      2.22         0
   221/499     5.21G     0.613     0.204         0     0.818       174       576    0.0146    0.0802    0.0173    0.0248      1.89      2.23         0
   222/499     5.21G     0.888       0.2         0      1.09        78       576    0.0352      0.19    0.0852    0.0595      1.84      2.24         0
   223/499     5.21G     0.877     0.198         0      1.07       148       576    0.0459     0.231     0.121    0.0765      1.83      2.21         0
   224/499     5.21G     0.966     0.182         0      1.15       121       576    0.0687     0.313     0.205     0.113      1.79       2.2         0
   225/499     5.21G      0.77     0.177         0     0.947       168       544    0.0914     0.354     0.249     0.145      1.77      2.17         0
   226/499     5.21G     0.667     0.181         0     0.848       140       544     0.111     0.382     0.278     0.172      1.77      2.17         0
   227/499     5.21G     0.636     0.191         0     0.827       208       544     0.109     0.355     0.248     0.167      1.78      2.17         0
   228/499     5.21G     0.582     0.178         0     0.759        90       544     0.118     0.372     0.264     0.179      1.79      2.18         0
   229/499     5.21G     0.863     0.218         0      1.08       191       352     0.128     0.359     0.248     0.189      1.79      2.15         0
   230/499     5.21G     0.834     0.241         0      1.07       130       352    0.0906     0.276     0.148     0.136      1.82      2.16         0
   231/499     5.21G     0.761     0.234         0     0.995       130       352    0.0638     0.211    0.0774    0.0979      1.84      2.16         0
   232/499     5.21G     0.686     0.224         0     0.909       109       448    0.0409     0.165    0.0164    0.0656      1.88      2.18         0
   233/499     5.21G     0.594     0.191         0     0.785       118       448    0.0345     0.162    0.0062    0.0569      1.92      2.22         0
   234/499     5.21G     0.614     0.196         0      0.81       173       448    0.0261     0.132   0.00359    0.0435      1.94      2.25         0
   235/499     5.21G     0.624     0.183         0     0.807        88       448    0.0229     0.119   0.00268    0.0384      1.95      2.26         0
   236/499     5.21G     0.937     0.192         0      1.13        86       576    0.0164    0.0901   0.00158    0.0277      1.97      2.28         0
   237/499     5.21G      1.06     0.198         0      1.26       134       576    0.0274     0.155   0.00432    0.0465      1.92      2.25         0
   238/499     5.21G      1.01     0.195         0      1.21       114       576    0.0395     0.227    0.0135    0.0673      1.87      2.24         0
   239/499     5.21G     0.976     0.201         0      1.18       141       576    0.0466     0.258    0.0221    0.0789      1.85      2.21         0
   240/499     5.21G     0.578     0.188         0     0.766       147       448    0.0547      0.28    0.0583    0.0915      1.81      2.19         0
   241/499     5.21G     0.594      0.18         0     0.774        96       448    0.0518     0.246    0.0877    0.0855      1.81      2.19         0
   242/499     5.21G     0.598     0.181         0     0.779       122       448    0.0494     0.211    0.0732    0.0801      1.83      2.17         0
   243/499     5.22G     0.689     0.178         0     0.867       163       352    0.0544     0.202    0.0733    0.0857      1.84      2.16         0
   244/499     5.22G     0.819     0.194         0      1.01       100       352    0.0504     0.174    0.0563    0.0782      1.85      2.16         0
   245/499     5.22G     0.765     0.207         0     0.972       124       352    0.0379     0.127    0.0171    0.0584      1.89      2.16         0
   246/499     5.22G     0.717     0.213         0      0.93       137       352    0.0362     0.125   0.00509    0.0561      1.92      2.17         0
   247/499     5.22G     0.874      0.18         0      1.05       161       576     0.026     0.109   0.00277     0.042      1.96      2.21         0
   248/499     5.22G      1.05     0.169         0      1.21       179       576    0.0441     0.211    0.0102     0.073      1.94       2.2         0
   249/499     5.22G      1.03     0.171         0       1.2       126       576    0.0622     0.333     0.022     0.105      1.88      2.19         0
   250/499     5.22G     0.898     0.166         0      1.06       109       480    0.0734     0.409    0.0382     0.125      1.84      2.18         0
   251/499     5.22G     0.565     0.166         0     0.731       104       480    0.0829     0.438     0.045     0.139      1.82      2.17         0
   252/499     5.22G     0.549      0.18         0     0.729       163       480    0.0846     0.411    0.0525      0.14      1.82      2.17         0
   253/499     5.22G     0.519     0.175         0     0.694       130       480    0.0599     0.268    0.0621     0.098      1.82      2.18         0
   254/499     5.22G     0.702     0.177         0     0.879       137       576    0.0428     0.179    0.0624    0.0691      1.85       2.2         0
   255/499     5.22G     0.909     0.178         0      1.09       142       576    0.0467     0.189    0.0834    0.0749      1.85      2.21         0
   256/499     5.22G     0.852     0.172         0      1.02       116       576    0.0727      0.28     0.167     0.115      1.84      2.23         0
   257/499     5.22G      0.82     0.171         0     0.991       150       576    0.0926     0.345     0.241     0.146      1.81      2.22         0
   258/499     5.22G     0.711     0.165         0     0.876       114       416     0.128     0.428     0.328     0.197      1.78      2.19         0
   259/499     5.22G     0.667     0.175         0     0.842       148       416     0.124     0.411     0.312      0.19      1.77      2.19         0
   260/499     5.22G     0.607     0.178         0     0.785       145       416     0.107      0.35     0.251     0.164      1.78      2.18         0
   261/499     5.22G     0.679     0.165         0     0.845       186       608    0.0672     0.235     0.129     0.105      1.82       2.2         0
   262/499     5.22G      1.18     0.174         0      1.36       126       608    0.0547     0.199     0.065    0.0858      1.84       2.2         0
   263/499     5.22G      1.25     0.196         0      1.44       166       608     0.062     0.226    0.0701    0.0973      1.84       2.2         0
   264/499     5.22G      1.17     0.178         0      1.35       170       608    0.0831     0.301     0.146      0.13      1.79       2.2         0
   265/499     5.22G      1.05     0.178         0      1.22       150       576     0.107      0.38     0.262     0.167      1.74       2.2         0
   266/499     5.22G     0.847     0.168         0      1.02       152       576     0.114     0.386     0.278     0.176      1.73      2.19         0
   267/499     5.22G     0.806     0.155         0     0.961        95       576      0.12     0.402     0.297     0.185      1.73       2.2         0
   268/499     5.22G     0.844     0.159         0         1       113       576      0.12     0.393     0.293     0.184      1.75      2.21         0
   269/499     5.22G      1.11     0.166         0      1.28       113       608      0.12     0.391     0.293     0.184      1.77      2.22         0
   270/499     5.22G      1.17      0.17         0      1.34       154       608     0.113     0.364     0.267     0.172      1.77      2.22         0
   271/499     5.22G      1.12     0.158         0      1.28       141       608     0.121     0.393     0.292     0.185      1.75      2.23         0
   272/499     5.22G     0.884     0.164         0      1.05       167       448     0.132       0.4     0.299     0.198      1.72      2.22         0
   273/499     5.22G     0.535      0.17         0     0.706       103       448      0.13     0.391     0.288     0.195      1.71      2.24         0
   274/499     5.22G      0.49     0.168         0     0.658       170       448     0.106     0.339     0.212     0.161      1.72      2.25         0
   275/499     5.22G     0.486     0.163         0     0.649       144       448    0.0978     0.326     0.194      0.15      1.72      2.28         0
   276/499     5.22G     0.545     0.156         0     0.701       154       544    0.0638     0.235     0.071       0.1      1.77      2.29         0
   277/499     5.22G     0.543     0.147         0      0.69       137       544    0.0763     0.284     0.123      0.12      1.74      2.31         0
   278/499     5.22G     0.531     0.158         0     0.689       136       544    0.0963     0.345     0.189     0.151      1.72      2.31         0
   279/499     5.22G      0.49     0.156         0     0.646       139       544     0.108     0.375     0.223     0.168       1.7       2.3         0
   280/499     5.22G     0.768     0.199         0     0.967       122       352      0.19     0.526     0.408     0.279      1.62      2.34         0
   281/499     5.22G     0.763     0.205         0     0.968       155       352     0.188     0.529     0.411     0.277      1.61      2.35         0
   282/499     5.22G     0.723     0.202         0     0.924       167       352     0.169     0.517     0.391     0.255      1.62      2.38         0
   283/499     5.22G     0.821     0.178         0     0.999       141       608      0.11     0.431     0.209     0.175      1.69      2.34         0
   284/499     5.22G      1.05     0.177         0      1.23       115       608    0.0974     0.414     0.153     0.158       1.7      2.34         0
   285/499     5.22G      1.02     0.172         0      1.19       120       608    0.0977     0.404     0.159     0.157       1.7      2.33         0
   286/499     5.22G         1     0.171         0      1.17       121       608     0.104      0.39     0.215     0.164      1.68      2.34         0
   287/499     5.22G     0.629     0.164         0     0.793       176       512     0.126     0.415     0.279     0.193      1.67      2.35         0
   288/499     5.22G     0.456     0.162         0     0.617        92       512     0.138     0.417     0.298     0.207      1.69      2.35         0
   289/499     5.22G     0.436     0.157         0     0.592       174       512     0.143     0.415     0.302     0.213      1.73      2.35         0
   290/499     5.22G     0.438     0.156         0     0.593       164       480     0.144     0.411     0.302     0.213      1.77      2.35         0
   291/499     5.22G     0.467     0.146         0     0.614       157       480     0.155     0.453     0.337     0.231      1.79      2.39         0
   292/499     5.22G     0.467     0.156         0     0.623       211       480     0.144     0.417     0.301     0.214      1.81      2.37         0
   293/499     5.22G     0.455     0.153         0     0.608       109       480     0.139      0.41     0.293     0.208      1.82      2.38         0
   294/499     5.22G     0.725     0.161         0     0.886       130       608     0.103     0.311     0.194     0.154      1.83      2.34         0
   295/499     5.22G      1.02     0.174         0       1.2       146       608     0.106     0.317     0.196     0.159      1.78      2.33         0
   296/499     5.22G      0.89     0.166         0      1.06       122       608     0.118     0.341     0.213     0.175      1.72      2.33         0
   297/499     5.22G     0.884     0.154         0      1.04       137       608     0.136     0.408     0.277     0.204      1.67      2.35         0
   298/499     5.22G     0.625     0.168         0     0.793       151       416     0.194     0.491     0.376     0.278      1.64       2.4         0
   299/499     5.22G     0.555     0.175         0      0.73       212       416     0.184     0.475     0.359     0.266      1.66      2.39         0
   300/499     5.22G     0.527     0.166         0     0.692       169       416     0.161     0.445     0.322     0.236      1.71       2.4         0
   301/499     5.22G     0.512     0.155         0     0.666       151       448     0.127       0.4     0.265     0.193      1.77      2.43         0
   302/499     5.22G     0.484     0.152         0     0.635       128       448     0.098     0.333     0.197     0.151      1.84      2.44         0
   303/499     5.22G     0.472     0.159         0      0.63       136       448    0.0925     0.322      0.19     0.144      1.87      2.45         0
   304/499     5.22G     0.461     0.157         0     0.618       181       448    0.0799     0.274     0.153     0.124      1.91      2.42         0
   305/499     5.22G      0.52     0.171         0     0.691        84       384     0.101     0.331      0.21     0.154      1.94      2.46         0
   306/499     5.22G     0.568      0.18         0     0.749       150       384    0.0869     0.285     0.171     0.133      1.97      2.44         0
   307/499     5.22G     0.563     0.167         0     0.729       168       384    0.0827     0.279     0.163     0.128      1.99      2.44         0
   308/499     5.22G     0.542      0.16         0     0.702       117       384    0.0695     0.247     0.124     0.109      2.02      2.46         0
   309/499     5.22G     0.501     0.164         0     0.665        84       416    0.0577     0.214    0.0912     0.091      2.03      2.44         0
   310/499     5.22G     0.497     0.151         0     0.648        84       416    0.0614     0.235     0.105    0.0974      2.04      2.46         0
   311/499     5.22G     0.487     0.162         0     0.649       159       416    0.0573     0.209    0.0852    0.0899      2.05      2.42         0
   312/499     5.22G     0.485     0.153         0     0.638        88       384    0.0652     0.239     0.111     0.102      2.06      2.44         0
   313/499     5.22G     0.537     0.157         0     0.694       109       384    0.0712     0.266     0.138     0.112      2.07      2.47         0
   314/499     5.22G     0.531     0.175         0     0.706       130       384    0.0644     0.236      0.11     0.101       2.1      2.45         0
   315/499     5.22G     0.518     0.153         0     0.671       140       384    0.0637     0.246      0.12     0.101      2.11      2.48         0
   316/499     5.22G     0.635     0.194         0     0.829       131       320    0.0574     0.205    0.0894    0.0896      2.15      2.47         0
   317/499     5.22G     0.681     0.208         0     0.889        78       320    0.0448     0.167    0.0594    0.0706      2.19      2.49         0
   318/499     5.22G     0.657     0.205         0     0.862        97       320    0.0348     0.138    0.0406    0.0555      2.21       2.5         0
   319/499     5.22G     0.663     0.201         0     0.864       136       320    0.0295     0.116    0.0267     0.047      2.23      2.49         0
   320/499     5.22G      1.75     0.194         0      1.95       125       608    0.0151    0.0723   0.00479     0.025       2.1      2.43         0
   321/499     5.22G       1.4     0.189         0      1.59       101       608    0.0365     0.164    0.0364    0.0597      1.97      2.36         0
   322/499     5.22G      1.15     0.184         0      1.34       128       608    0.0668     0.272     0.114     0.107      1.89       2.3         0
   323/499     5.22G      1.01     0.173         0      1.18       142       448    0.0884     0.318     0.177     0.138      1.84      2.24         0
   324/499     5.22G     0.553     0.152         0     0.706       139       448     0.107     0.345     0.219     0.163      1.84      2.21         0
   325/499     5.22G     0.548     0.154         0     0.702       158       448     0.103     0.325     0.211     0.157      1.89       2.2         0
   326/499     5.22G     0.495     0.156         0      0.65       144       448    0.0804     0.247     0.145     0.121      1.98       2.2         0
   327/499     5.22G     0.543     0.152         0     0.695       169       544    0.0545     0.178    0.0828    0.0835      2.04      2.22         0
   328/499     5.22G     0.585     0.153         0     0.738       146       544     0.044     0.141    0.0589    0.0671      2.08      2.21         0
   329/499     5.22G     0.589      0.15         0     0.739       156       544    0.0639     0.211      0.11    0.0981      2.07       2.2         0
   330/499     5.22G     0.625      0.16         0     0.785       122       352    0.0987     0.305     0.199     0.149      2.03      2.18         0
   331/499     5.22G      0.64     0.182         0     0.822       195       352     0.118     0.337     0.234     0.175      2.01      2.15         0
   332/499     5.22G     0.613     0.165         0     0.778       160       352     0.116     0.347     0.242     0.174         2      2.15         0
   333/499     5.22G     0.593      0.17         0     0.763       132       352       0.1     0.319     0.211     0.153         2      2.15         0
   334/499     5.22G     0.595     0.168         0     0.763       105       352    0.0952      0.32     0.205     0.147      2.01      2.15         0
   335/499     5.22G     0.597     0.167         0     0.765       168       352    0.0826     0.273     0.159     0.127      2.03      2.14         0
   336/499     5.22G      0.59      0.17         0      0.76       122       352    0.0697     0.239      0.12     0.108      2.05      2.14         0
   337/499     5.22G     0.582     0.162         0     0.745       174       352    0.0609     0.214    0.0955    0.0948      2.07      2.14         0
   338/499     5.22G     0.528     0.159         0     0.687        90       384    0.0575     0.227       0.1    0.0918      2.07      2.16         0
   339/499     5.22G      0.51     0.153         0     0.663       215       384    0.0503     0.183    0.0661    0.0789       2.1      2.15         0
   340/499     5.22G     0.508     0.148         0     0.656       152       384    0.0485     0.183    0.0669    0.0767      2.11      2.15         0
   341/499     5.22G     0.512     0.149         0     0.661       117       384    0.0468     0.182    0.0652    0.0746      2.11      2.16         0
   342/499     5.22G     0.511     0.151         0     0.662       176       384    0.0424     0.153    0.0506    0.0664      2.13      2.15         0
   343/499     5.22G     0.502     0.153         0     0.655       145       384    0.0428     0.156    0.0505    0.0672      2.13      2.16         0
   344/499     5.22G     0.504     0.147         0     0.651       118       384    0.0458     0.174    0.0583    0.0725      2.13      2.16         0
   345/499     5.22G     0.588     0.168         0     0.757       144       320    0.0469     0.169    0.0585    0.0734      2.13      2.15         0
   346/499     5.22G      0.65     0.167         0     0.816        94       320    0.0452     0.181    0.0602    0.0724      2.13      2.16         0
   347/499     5.22G     0.633     0.167         0     0.801       118       320    0.0406     0.158    0.0443    0.0646      2.14      2.15         0
   348/499     5.22G     0.643     0.172         0     0.815       136       320    0.0382     0.156    0.0385    0.0613      2.15      2.15         0
   349/499     5.22G     0.598     0.151         0     0.749       135       352    0.0329     0.141    0.0321    0.0534      2.16      2.17         0
   350/499     5.22G     0.573     0.149         0     0.721       112       352    0.0328     0.148    0.0404    0.0538      2.15      2.18         0
   351/499     5.22G     0.556     0.154         0      0.71       130       352    0.0281     0.126    0.0323    0.0459      2.16      2.18         0
   352/499     5.22G     0.606     0.171         0     0.777       134       576    0.0223     0.106    0.0192    0.0368      2.19      2.22         0
   353/499     5.22G      1.09     0.196         0      1.29       107       576    0.0323     0.159    0.0438    0.0537      2.14      2.23         0
   354/499     5.22G     0.928      0.18         0      1.11       127       576    0.0501     0.224    0.0879    0.0819      2.06      2.21         0
   355/499     5.22G     0.885     0.163         0      1.05       127       576     0.062     0.262     0.123       0.1      1.99       2.2         0
   356/499     5.22G     0.549     0.158         0     0.707        90       512    0.0786     0.294     0.168     0.124      1.91      2.17         0
   357/499     5.22G     0.429     0.159         0     0.588        92       512    0.0907     0.315     0.196     0.141      1.87      2.16         0
   358/499     5.22G      0.43     0.154         0     0.584       117       512    0.0904     0.294     0.187     0.138      1.85      2.14         0
   359/499     5.22G      0.41     0.162         0     0.572       129       512    0.0871     0.271     0.168     0.132      1.85      2.13         0
   360/499     5.22G     0.869     0.163         0      1.03       144       576    0.0817     0.253     0.153     0.123      1.84      2.12         0
   361/499     5.22G     0.738     0.151         0      0.89       121       576       0.1     0.298     0.193      0.15       1.8       2.1         0
   362/499     5.22G     0.792     0.168         0      0.96       131       576     0.121     0.351      0.24      0.18      1.77      2.08         0
   363/499     5.22G     0.643     0.155         0     0.798       154       448     0.155     0.427     0.319     0.227      1.73      2.06         0
   364/499     5.22G     0.475     0.151         0     0.626        98       448     0.161     0.453     0.349     0.238      1.72      2.06         0
   365/499     5.22G     0.449     0.135         0     0.585       100       448     0.143     0.435     0.322     0.215      1.74      2.08         0
   366/499     5.22G     0.429     0.147         0     0.576       123       448     0.108     0.349      0.23     0.165      1.79      2.09         0
   367/499     5.22G     0.641      0.15         0     0.791       131       576    0.0774      0.27     0.149      0.12      1.84      2.12         0
   368/499     5.22G      0.76     0.147         0     0.907       124       576    0.0968     0.323     0.205     0.149      1.81       2.1         0
   369/499     5.22G     0.683      0.15         0     0.833       115       576     0.126     0.395     0.279     0.191      1.78      2.08         0
   370/499     5.22G     0.727     0.163         0      0.89       172       416     0.158     0.451     0.342     0.234      1.74      2.05         0
   371/499     5.22G     0.559     0.151         0      0.71       128       416     0.197     0.515     0.414     0.285       1.7      2.04         0
   372/499     5.22G      0.53     0.141         0     0.671       117       416     0.188     0.507     0.402     0.274      1.71      2.05         0
   373/499     5.22G     0.469     0.154         0     0.622       161       416     0.148     0.406     0.291     0.217      1.76      2.04         0
   374/499     5.22G     0.471     0.158         0     0.629       159       416     0.122     0.357     0.235     0.181      1.78      2.05         0
   375/499     5.22G     0.474     0.139         0     0.613       102       416     0.122     0.369     0.241     0.183      1.78      2.05         0
   376/499     5.22G     0.461     0.137         0     0.598       100       416     0.116     0.363     0.233     0.176      1.79      2.06         0
   377/499     5.22G     0.456     0.151         0     0.607       113       416     0.106     0.331     0.207      0.16      1.79      2.05         0
   378/499     5.22G         1     0.174         0      1.18        92       608    0.0923       0.3     0.174     0.141      1.81      2.08         0
   379/499     5.22G      1.03     0.173         0       1.2       104       608     0.104     0.328     0.196     0.158      1.79      2.07         0
   380/499     5.22G      1.05     0.163         0      1.22       134       608     0.129     0.391     0.259     0.193      1.75      2.06         0
   381/499     5.22G     0.924     0.158         0      1.08       152       512     0.147     0.427     0.296     0.219      1.72      2.03         0
   382/499     5.22G     0.451     0.149         0       0.6       135       512     0.154     0.443     0.312     0.229      1.72      2.02         0
   383/499     5.22G      0.42     0.144         0     0.563       183       512     0.142     0.411     0.285     0.211      1.73      2.02         0
   384/499     5.22G     0.392     0.147         0     0.539       118       512     0.128     0.375     0.247      0.19      1.76      2.02         0
   385/499     5.22G     0.807     0.162         0     0.969       125       608    0.0969     0.287      0.17     0.145      1.79      2.05         0
   386/499     5.22G      1.09     0.166         0      1.26       132       608     0.119     0.334     0.209     0.176      1.75      2.03         0
   387/499     5.22G     0.989     0.142         0      1.13        89       608     0.154     0.424     0.295     0.226      1.69      2.03         0
   388/499     5.22G      1.03     0.169         0       1.2        98       608     0.191     0.489     0.364     0.275      1.64      2.01         0
   389/499     5.22G     0.522     0.153         0     0.675       128       448     0.238     0.563     0.455     0.335      1.58      1.97         0
   390/499     5.22G     0.467     0.132         0       0.6        85       448     0.241     0.597      0.49     0.343      1.56         2         0
   391/499     5.22G     0.428     0.149         0     0.577       108       448     0.218     0.538     0.415      0.31       1.6      1.99         0
   392/499     5.22G     0.433     0.141         0     0.574       137       544     0.176     0.495     0.364      0.26      1.64      2.04         0
   393/499     5.22G      0.47     0.144         0     0.614       130       544     0.158     0.447     0.305     0.233      1.68      2.06         0
   394/499     5.22G     0.462     0.137         0     0.599       147       544      0.17     0.464     0.331     0.249      1.68      2.07         0
   395/499     5.22G      0.41     0.129         0     0.539       111       544     0.184      0.49      0.36     0.267      1.67      2.07         0
   396/499     5.22G     0.424     0.137         0     0.561       124       544     0.187     0.487     0.357      0.27      1.68      2.07         0
   397/499     5.22G      0.43     0.142         0     0.572       149       544     0.179     0.467     0.336     0.259      1.69      2.07         0
   398/499     5.22G     0.385     0.137         0     0.522       103       544     0.182     0.482     0.351     0.265      1.69      2.08         0
   399/499     5.22G     0.459     0.128         0     0.587        70       544     0.174     0.465     0.334     0.254      1.69      2.08         0
   400/499     5.22G     0.377     0.129         0     0.506        82       480     0.171     0.467     0.336      0.25      1.68      2.09         0
   401/499     5.22G      0.38     0.137         0     0.517       179       480     0.147     0.395     0.262     0.215      1.71      2.07         0
   402/499     5.22G     0.384     0.135         0     0.519       156       480     0.142     0.377      0.24     0.206      1.71      2.07         0
   403/499     5.22G     0.485     0.149         0     0.634       149       352     0.175     0.438     0.311      0.25      1.68      2.06         0
   404/499     5.22G     0.589     0.163         0     0.752       117       352     0.172     0.431     0.307     0.246      1.68      2.06         0
   405/499     5.22G     0.558     0.161         0     0.719       155       352     0.155     0.406     0.275     0.224      1.68      2.07         0
   406/499     5.22G      0.57     0.164         0     0.734       138       352     0.135     0.368     0.234     0.198      1.69      2.06         0
   407/499     5.22G      0.52     0.151         0     0.671       133       480     0.107     0.308     0.167     0.159      1.72      2.06         0
   408/499     5.22G      0.45     0.141         0     0.591       102       480     0.115      0.33     0.196     0.171      1.71      2.06         0
   409/499     5.22G     0.401     0.135         0     0.536       147       480     0.137     0.385     0.251     0.202       1.7      2.07         0
   410/499     5.22G     0.428      0.14         0     0.568       159       608     0.131     0.359     0.224     0.192      1.73      2.08         0
   411/499     5.22G     0.881     0.161         0      1.04       185       608     0.125     0.337     0.203     0.182      1.75      2.09         0
   412/499     5.22G     0.938     0.162         0       1.1       145       608     0.146     0.397     0.258     0.213      1.72      2.09         0
   413/499     5.22G     0.899     0.153         0      1.05       151       608     0.159     0.415      0.28      0.23      1.71      2.08         0
   414/499     5.22G      0.91     0.162         0      1.07       163       352     0.226     0.498     0.381     0.311      1.64      2.02         0
   415/499     5.22G     0.804     0.162         0     0.966       154       352     0.236     0.509     0.398     0.323      1.63      2.01         0
   416/499     5.22G      0.69     0.171         0     0.861       157       352     0.228     0.487     0.377     0.311      1.64      2.01         0
   417/499     5.22G     0.594     0.159         0     0.753       115       352     0.194     0.476     0.358     0.275      1.65      2.02         0
   418/499     5.22G     0.534     0.147         0     0.681        93       544     0.139     0.405     0.218     0.207      1.69      2.05         0
   419/499     5.22G     0.574     0.149         0     0.723       125       544     0.143     0.421     0.212     0.213      1.68      2.05         0
   420/499     5.22G     0.598     0.143         0      0.74       161       544     0.154     0.443     0.235     0.228      1.67      2.05         0
   421/499     5.22G     0.642     0.147         0      0.79       131       608     0.173     0.486     0.323     0.255      1.63      2.06         0
   422/499     5.22G     0.896     0.159         0      1.05       147       608     0.185     0.473     0.329     0.266      1.64      2.07         0
   423/499     5.22G     0.886     0.154         0      1.04       118       608     0.207     0.502     0.379     0.293      1.62      2.07         0
   424/499     5.22G     0.823     0.156         0     0.979        65       608     0.224     0.514     0.396     0.312      1.63      2.08         0
   425/499     5.22G      0.63     0.145         0     0.775       138       480     0.261      0.55     0.444     0.354      1.61      2.08         0
   426/499     5.22G     0.446     0.156         0     0.602        81       480     0.232     0.518     0.411     0.321      1.67       2.1         0
   427/499     5.22G     0.443      0.14         0     0.583        89       480     0.213     0.505     0.392       0.3      1.71      2.12         0
   428/499     5.22G     0.425     0.148         0     0.573       137       480     0.153     0.379     0.251     0.218      1.79      2.12         0
   429/499     5.22G     0.468     0.155         0     0.623       152       416     0.134     0.357      0.22     0.195      1.84      2.16         0
   430/499     5.22G     0.476     0.156         0     0.632       131       416     0.102     0.277     0.138     0.149      1.89      2.17         0
   431/499     5.22G     0.471     0.152         0     0.623       103       416    0.0999     0.281     0.142     0.147       1.9      2.19         0
   432/499     5.22G     0.459     0.146         0     0.605       134       416       0.1     0.278     0.144     0.147      1.91       2.2         0
   433/499     5.22G     0.453     0.149         0     0.602       123       416      0.11     0.301      0.17     0.161       1.9      2.21         0
   434/499     5.22G     0.451     0.145         0     0.596        92       416     0.116     0.315     0.183      0.17      1.92      2.23         0
   435/499     5.22G     0.447     0.145         0     0.592       174       416     0.118      0.32     0.187     0.173      1.92      2.23         0
   436/499     5.22G     0.593     0.161         0     0.753       143       320     0.115     0.294     0.163     0.165      1.97      2.27         0
   437/499     5.22G     0.632     0.184         0     0.816       131       320    0.0943     0.238      0.11     0.135      1.99      2.27         0
   438/499     5.22G     0.635     0.164         0       0.8       163       320    0.0762     0.218    0.0849     0.113      2.03       2.3         0
   439/499     5.22G     0.635     0.163         0     0.798       141       320    0.0689     0.192    0.0685     0.101      2.04      2.31         0
   440/499     5.22G     0.496     0.148         0     0.645       200       448    0.0674     0.198    0.0647     0.101      1.99      2.27         0
   441/499     5.22G     0.445     0.142         0     0.587       116       448    0.0778     0.246    0.0902     0.118      1.98      2.28         0
   442/499     5.22G     0.411     0.148         0     0.559       183       448    0.0954     0.267     0.115     0.141      1.98      2.29         0
   443/499     5.22G     0.486     0.148         0     0.633       151       352     0.102      0.27     0.121     0.148      2.04      2.33         0
   444/499     5.22G     0.637     0.151         0     0.788       142       352       0.1     0.253     0.113     0.143      2.06      2.33         0
   445/499     5.22G     0.591     0.142         0     0.733       154       352    0.0865     0.228    0.0952     0.125      2.09      2.36         0
   446/499     5.22G     0.538      0.15         0     0.688       135       352    0.0656     0.171     0.056    0.0947      2.09      2.34         0
   447/499     5.22G       0.5     0.148         0     0.648       161       416     0.064     0.177    0.0565     0.094      2.06      2.33         0
   448/499     5.22G     0.486     0.138         0     0.625       147       416    0.0695       0.2    0.0708     0.103      2.07      2.35         0
   449/499     5.22G      0.45     0.136         0     0.586       172       416    0.0838     0.237    0.0999     0.124      2.06      2.34         0
   450/499     5.22G     0.426     0.137         0     0.562       145       480    0.0939     0.266     0.124     0.139      2.05      2.34         0
   451/499     5.22G     0.381     0.139         0     0.521       177       480    0.0921     0.276     0.131     0.138      2.02      2.32         0
   452/499     5.22G     0.385     0.149         0     0.534       146       480    0.0973     0.273     0.132     0.143      2.02       2.3         0
   453/499     5.22G     0.386     0.143         0     0.529        90       480    0.0972     0.282     0.142     0.145         2       2.3         0
   454/499     5.22G     0.455     0.137         0     0.591       143       384     0.104     0.294      0.16     0.154      2.08      2.36         0
   455/499     5.22G     0.492     0.135         0     0.627       102       384    0.0939     0.287     0.153     0.142      2.11      2.39         0
   456/499     5.22G     0.485     0.146         0     0.631       104       384    0.0628     0.189    0.0714    0.0943      2.12      2.38         0
   457/499     5.22G     0.481     0.131         0     0.612       111       384    0.0468     0.152    0.0472    0.0715      2.13      2.38         0
   458/499     5.22G     0.461     0.138         0       0.6       173       480     0.048     0.155    0.0498    0.0733      2.07      2.34         0
   459/499     5.22G     0.424     0.144         0     0.568       168       480    0.0598      0.18    0.0663    0.0897      2.05      2.32         0
   460/499     5.22G     0.369     0.129         0     0.498       146       480    0.0983     0.291     0.159     0.147         2      2.31         0
   461/499     5.22G     0.371     0.135         0     0.505       158       512     0.116     0.321     0.186     0.171      1.97      2.29         0
   462/499     5.22G      0.37     0.136         0     0.507       185       512     0.135     0.365     0.227     0.197      1.96      2.29         0
   463/499     5.22G      0.37     0.134         0     0.504       122       512     0.138     0.389     0.248     0.204      1.96      2.31         0
   464/499     5.22G     0.367     0.143         0      0.51       161       512      0.13     0.346     0.208      0.19      1.95      2.28         0
   465/499     5.22G     0.594     0.157         0     0.751        94       320     0.152     0.394     0.262      0.22      2.06      2.39         0
   466/499     5.22G     0.704     0.166         0      0.87       128       320     0.122     0.326     0.199     0.177      2.08       2.4         0
   467/499     5.22G     0.612      0.16         0     0.772       133       320    0.0979      0.28     0.148     0.145      2.12      2.44         0
   468/499     5.22G     0.632     0.166         0     0.798       216       320    0.0608     0.186    0.0658    0.0917      2.13      2.42         0
   469/499     5.22G     0.631     0.135         0     0.766       146       352    0.0431     0.147    0.0345    0.0666      2.14      2.43         0
   470/499     5.22G     0.612     0.135         0     0.747       132       352    0.0387      0.14    0.0341    0.0606      2.17      2.46         0
   471/499     5.22G     0.566     0.145         0     0.711       109       352    0.0345     0.123    0.0267    0.0539      2.17      2.43         0
   472/499     5.22G     0.533     0.145         0     0.678       183       384    0.0404     0.135    0.0313    0.0621      2.13      2.37         0
   473/499     5.22G     0.486     0.137         0     0.624       152       384    0.0484     0.165    0.0522    0.0749      2.14       2.4         0
   474/499     5.22G     0.487     0.142         0     0.628       126       384     0.054      0.17    0.0549     0.082      2.12      2.37         0
   475/499     5.22G     0.484      0.14         0     0.624       106       384    0.0566     0.177    0.0611    0.0858      2.13      2.39         0
   476/499     5.22G     0.452      0.14         0     0.592       120       416    0.0597      0.19    0.0715    0.0909       2.1      2.38         0
   477/499     5.22G     0.437     0.138         0     0.575       192       416    0.0632     0.182    0.0685    0.0938      2.09      2.36         0
   478/499     5.22G     0.424     0.138         0     0.562       117       416    0.0684     0.192      0.08     0.101      2.11      2.38         0
   479/499     5.22G     0.426     0.129         0     0.555       116       416    0.0722     0.211    0.0924     0.108      2.09      2.38         0
   480/499     5.22G      0.66     0.164         0     0.824       180       320    0.0793     0.213    0.0981     0.116      2.16      2.41         0
   481/499     5.22G     0.611     0.156         0     0.767       129       320     0.068     0.191    0.0803       0.1      2.16      2.41         0
   482/499     5.22G     0.601     0.154         0     0.754       141       320    0.0664     0.198    0.0828    0.0995      2.18      2.45         0
   483/499     5.22G     0.939      0.16         0       1.1       107       608    0.0321     0.112    0.0262    0.0499      2.05      2.35         0
   484/499     5.22G      1.18     0.175         0      1.36       112       608    0.0555     0.189    0.0714    0.0858      1.84      2.27         0
   485/499     5.22G     0.941     0.172         0      1.11       120       608      0.12     0.355     0.204      0.18      1.68      2.21         0
   486/499     5.22G     0.839     0.157         0     0.996       198       608     0.168      0.42     0.275      0.24      1.66      2.18         0
   487/499     5.22G     0.783     0.158         0     0.941       155       576     0.183      0.44     0.299     0.258      1.66      2.16         0
   488/499     5.22G     0.638     0.148         0     0.785       113       576     0.199     0.465     0.329     0.278      1.69      2.15         0
   489/499     5.22G     0.576     0.157         0     0.733       121       576      0.18      0.42     0.293     0.252      1.76      2.14         0
   490/499     5.22G     0.672     0.145         0     0.817       132       608     0.175     0.415     0.294     0.246      1.78      2.14         0
   491/499     5.22G     0.818     0.142         0      0.96        68       608     0.157     0.382     0.266     0.223      1.79      2.14         0
   492/499     5.22G     0.755      0.15         0     0.906       142       608     0.139     0.333     0.225     0.196      1.76      2.12         0
   493/499     5.22G     0.745     0.162         0     0.906       166       608      0.14     0.329     0.218     0.197       1.7      2.11         0
   494/499     5.22G     0.689     0.156         0     0.845       133       352      0.22     0.454     0.349     0.296      1.58      2.06         0
   495/499     5.22G     0.594     0.149         0     0.743       125       352     0.214     0.482     0.378     0.296      1.54      2.06         0
   496/499     5.22G     0.567      0.15         0     0.718       131       352     0.178     0.441     0.323     0.254      1.55      2.07         0
   497/499     5.22G     0.555     0.142         0     0.698       127       352     0.144     0.394     0.256     0.211      1.56      2.08         0
   498/499     5.22G     0.599     0.148         0     0.748       162       320     0.114     0.332     0.174      0.17      1.59      2.08         0
   499/499     5.22G     0.596      0.15         0     0.746        93       320    0.0786     0.309      0.13     0.125      1.61       2.1         0
