     0/499     4.18G      1.97      31.7         0      33.7       203       416         0         0         0         0      3.26       nan         0
     1/499     4.18G       1.7      20.3         0      22.1       286       416         0         0         0         0      3.26       nan         0
     2/499     4.18G      1.74      11.8         0      13.5       230       416    0.0131    0.0826   0.00136    0.0227      2.34      10.4         0
     3/499     4.18G      1.76      5.35         0      7.11       185       416    0.0102    0.0366   0.00219     0.016      1.96      5.36         0
     4/499     4.18G      1.68      2.28         0      3.96       226       416    0.0179    0.0598   0.00172    0.0276      2.01      3.11         0
     5/499     4.18G      1.67      1.21         0      2.89       196       416    0.0582     0.169    0.0257    0.0865         2       2.4         0
     6/499     4.18G      1.65     0.803         0      2.45       225       416    0.0583     0.021   0.00158    0.0309      2.44       5.3         0
     7/499     4.18G      1.58     0.698         0      2.28       196       416    0.0594     0.159    0.0184    0.0866      1.97      2.53         0
     8/499     4.18G      1.59     0.659         0      2.25       231       416    0.0591     0.133    0.0124    0.0818       1.9       2.7         0
     9/499     4.18G      1.53     0.593         0      2.13       224       416    0.0487     0.142    0.0141    0.0726      1.92      2.93         0
    10/499     4.18G      1.53     0.566         0       2.1       265       416     0.102     0.206    0.0451     0.137      1.93      2.86         0
    11/499     4.18G      1.51     0.465         0      1.97       184       416    0.0714     0.164    0.0275    0.0995      1.86      2.82         0
    12/499     4.18G      1.41     0.523         0      1.93       225       416    0.0882       0.2    0.0373     0.122      1.86       2.8         0
    13/499     4.18G      1.41     0.464         0      1.88       203       416    0.0856     0.199    0.0314      0.12      1.92      2.98         0
    14/499     4.18G      1.42     0.474         0       1.9       206       416    0.0627     0.156    0.0221    0.0894      1.91      2.99         0
    15/499     4.18G      1.42     0.462         0      1.88       209       416    0.0977     0.212    0.0459     0.134      1.83      2.86         0
    16/499     4.18G      1.33     0.463         0      1.79       194       416      0.11     0.215    0.0508     0.145      1.91      2.89         0
    17/499     4.18G      1.47      0.42         0      1.89       274       416    0.0928     0.246    0.0601     0.135      1.83      2.69         0
    18/499     4.18G      1.38     0.408         0      1.79       240       416    0.0813     0.182    0.0272     0.112      1.87      2.63         0
    19/499     4.18G      1.43     0.415         0      1.85       199       416     0.126     0.294    0.0723     0.177      1.76      2.68         0
    20/499     4.18G      1.38     0.385         0      1.77       227       416    0.0773     0.201    0.0411     0.112       1.9      2.38         0
    21/499     4.18G      1.46     0.389         0      1.85       149       416     0.107     0.268    0.0569     0.153      1.86      3.07         0
    22/499     4.18G      1.26      0.38         0      1.64       218       416     0.128      0.22    0.0491     0.162      1.88      3.97         0
    23/499     4.18G      1.26     0.386         0      1.65       226       416     0.111     0.276    0.0648     0.158      1.84      2.29         0
    24/499     4.18G      1.37     0.389         0      1.76       230       416     0.144     0.362     0.106     0.206      1.75      2.37         0
    25/499     4.18G      1.33      0.38         0      1.71       228       416    0.0874     0.263    0.0568     0.131      1.77      2.37         0
    26/499     4.18G      1.33     0.339         0      1.67       217       416    0.0983     0.309    0.0786     0.149      1.83      2.74         0
    27/499     4.18G      1.21      0.37         0      1.58       235       416     0.106     0.315     0.092     0.159      1.83      3.27         0
    28/499     4.18G      1.26     0.355         0      1.61       245       416     0.116      0.33    0.0781     0.172      1.78      2.74         0
    29/499     4.18G      1.33     0.317         0      1.65       265       416     0.138     0.405     0.125     0.206      1.66      2.57         0
    30/499     4.18G      1.27     0.358         0      1.63       242       416     0.127     0.381     0.112      0.19      1.66      2.35         0
    31/499     4.18G      1.17     0.337         0      1.51       225       416     0.124     0.285    0.0623     0.172      1.78       2.7         0
    32/499     4.18G      1.08     0.358         0      1.44       237       416    0.0873     0.205    0.0453     0.122      1.78      2.34         0
    33/499     4.18G      1.14     0.392         0      1.53       300       416    0.0554     0.172    0.0322    0.0838      1.84      2.68         0
    34/499     4.18G      1.21     0.388         0       1.6       160       416    0.0772     0.205    0.0441     0.112      1.94      7.93         0
    35/499     4.18G      1.23      0.39         0      1.62       252       416    0.0619     0.124    0.0207    0.0825      1.81      2.42         0
    36/499     4.18G      1.14     0.402         0      1.54       263       416     0.113     0.205    0.0439     0.146      1.73      2.57         0
    37/499     4.18G      1.13     0.417         0      1.55       227       416     0.112     0.212    0.0523     0.146      1.85      2.54         0
    38/499     4.18G      1.18     0.383         0      1.56       261       416     0.193     0.447     0.203     0.269       1.6       2.5         0
    39/499     4.18G      1.11     0.348         0      1.46       207       416     0.151     0.295     0.083       0.2      1.72      2.41         0
    40/499     4.18G      1.17     0.377         0      1.55       236       416    0.0924     0.255    0.0573     0.136      1.78      2.48         0
    41/499     4.18G      1.14     0.341         0      1.48       244       416     0.112     0.245    0.0517     0.153      1.71      2.07         0
    42/499     4.18G      1.11     0.356         0      1.46       212       416     0.234     0.343     0.128     0.278      1.64      2.16         0
    43/499     4.18G      1.07     0.341         0      1.41       175       416      0.22     0.329     0.113     0.264      1.68      2.32         0
    44/499     4.18G      1.09      0.35         0      1.44       247       416    0.0918     0.186    0.0348     0.123      1.83       2.4         0
    45/499     4.18G      1.08      0.34         0      1.42       146       416     0.138     0.228    0.0614     0.172      1.79      2.32         0
    46/499     4.18G      1.03     0.328         0      1.36       273       416     0.174     0.323     0.114     0.226      1.75      2.16         0
    47/499     4.18G      1.07     0.347         0      1.41       229       416     0.105      0.21    0.0492      0.14      1.72      2.48         0
    48/499     4.18G     0.991     0.346         0      1.34       172       416     0.119     0.331     0.108     0.175      1.75      2.28         0
    49/499     4.18G     0.995     0.335         0      1.33       207       416     0.138     0.287    0.0919     0.187       1.7      1.87         0
    50/499     4.18G      1.05     0.335         0      1.39       210       416     0.177     0.296    0.0926     0.222      1.78      2.31         0
    51/499     4.18G      1.06     0.327         0      1.38       184       416     0.163     0.382     0.143     0.229      1.65      2.28         0
    52/499     4.18G         1     0.316         0      1.32       175       416     0.193     0.451     0.193      0.27      1.55      2.18         0
    53/499     4.18G     0.999     0.316         0      1.32       190       416     0.109     0.244    0.0746     0.151      1.83      2.17         0
    54/499     4.18G     0.955     0.291         0      1.25       300       416     0.148     0.267    0.0888      0.19      1.76      1.97         0
    55/499     4.18G     0.967     0.304         0      1.27       220       416     0.165     0.398      0.16     0.233      1.68       2.1         0
    56/499     4.18G     0.942     0.282         0      1.22       178       416     0.159     0.354     0.129     0.219       1.7      1.97         0
    57/499     4.18G     0.954     0.292         0      1.25       242       416    0.0942     0.213     0.046     0.131      1.77      2.12         0
    58/499     4.18G     0.919     0.292         0      1.21       218       416    0.0867     0.213     0.054     0.123      1.81      2.23         0
    59/499     4.18G     0.907     0.291         0       1.2       232       416     0.127     0.325     0.116     0.182      1.73      2.15         0
    60/499     4.18G     0.891     0.272         0      1.16       215       416     0.151     0.302    0.0896     0.201      1.66      2.02         0
    61/499     4.18G     0.896     0.305         0       1.2       189       416     0.136     0.344      0.11     0.194      1.74      2.07         0
    62/499     4.18G     0.896      0.28         0      1.18       234       416    0.0879     0.269    0.0584     0.133      1.72      2.23         0
    63/499     4.18G     0.844     0.283         0      1.13       196       416     0.152     0.344     0.127     0.211      1.67      2.09         0
    64/499     4.18G     0.887     0.295         0      1.18       220       416     0.143     0.332     0.113       0.2      1.74      2.15         0
    65/499     4.18G     0.888     0.306         0      1.19       304       416     0.222     0.491     0.272     0.306      1.56      2.16         0
    66/499     4.18G      0.86     0.271         0      1.13       249       416     0.241     0.434     0.245      0.31      1.69      1.95         0
    67/499     4.18G     0.966     0.291         0      1.26       290       416     0.129     0.209    0.0635     0.159      1.82       2.1         0
    68/499     4.18G      1.04     0.315         0      1.36       214       416     0.167     0.358     0.145     0.227      1.67      1.99         0
    69/499     4.18G     0.842     0.282         0      1.12       194       416     0.134     0.403     0.133     0.201      1.72      2.08         0
    70/499     4.18G     0.892     0.313         0      1.21       210       416     0.121     0.268    0.0762     0.167      1.73      1.86         0
    71/499     4.18G     0.964     0.352         0      1.32       227       416     0.187     0.452      0.23     0.265      1.71      1.97         0
    72/499     4.18G     0.965     0.312         0      1.28       239       416     0.186     0.367     0.144     0.247      1.65         2         0
    73/499     4.18G     0.945     0.307         0      1.25       221       416     0.116     0.276    0.0678     0.164       1.8      2.13         0
    74/499     4.18G     0.925     0.297         0      1.22       225       416     0.105     0.293     0.086     0.155      1.71      2.19         0
    75/499     4.18G     0.896     0.299         0       1.2       226       416     0.139     0.353     0.118       0.2      1.69      2.12         0
    76/499     4.18G      1.01      0.29         0       1.3       162       416     0.121     0.359     0.125     0.181      1.71      2.18         0
    77/499     4.18G      0.87      0.29         0      1.16       200       416     0.195     0.423     0.203     0.267      1.91      5.76         0
    78/499     4.18G     0.928     0.284         0      1.21       211       416     0.177     0.435     0.173     0.252      1.78      3.86         0
    79/499     4.18G     0.895     0.277         0      1.17       222       416     0.174     0.327     0.123     0.227      1.73      2.44         0
    80/499     4.18G     0.854     0.263         0      1.12       223       416     0.126     0.304    0.0943     0.178       1.7      1.96         0
    81/499     4.18G     0.853     0.281         0      1.13       261       416    0.0982     0.275    0.0746     0.145      1.77         2         0
    82/499     4.18G       0.8     0.277         0      1.08       288       416     0.253     0.339     0.169      0.29       1.7      1.89         0
    83/499     4.18G     0.844     0.273         0      1.12       241       416     0.118     0.308     0.117     0.171      1.73      1.92         0
    84/499     4.18G      0.85     0.268         0      1.12       303       416     0.151     0.333      0.14     0.208      1.71       1.9         0
    85/499     4.18G     0.843     0.264         0      1.11       267       416     0.177     0.375     0.158     0.241      1.73      1.93         0
    86/499     4.18G     0.872     0.272         0      1.14       292       416     0.196     0.451     0.222     0.273      1.62      1.86         0
    87/499     4.18G     0.903     0.275         0      1.18       224       416      0.19     0.488     0.216     0.274      1.63      1.81         0
    88/499     4.18G     0.801     0.273         0      1.07       223       416     0.138     0.361     0.126       0.2      1.73      1.78         0
    89/499     4.18G     0.833     0.285         0      1.12       293       416      0.13     0.294     0.103     0.181      1.75      1.73         0
    90/499     4.18G     0.841     0.261         0       1.1       294       416     0.207     0.392     0.162     0.271      1.66      1.77         0
    91/499     4.18G      0.88     0.271         0      1.15       290       416     0.183     0.388     0.171     0.249      1.68      1.88         0
    92/499     4.18G     0.779     0.262         0      1.04       226       416     0.194     0.386     0.167     0.259      1.69      1.85         0
    93/499     4.18G     0.734     0.263         0     0.998       200       416     0.193     0.401     0.184      0.26      1.65      1.91         0
    94/499     4.18G     0.801     0.257         0      1.06       157       416     0.185     0.425     0.185     0.258      1.59      1.93         0
    95/499     4.18G     0.768     0.267         0      1.04       232       416     0.195      0.41     0.174     0.264      1.63      1.99         0
    96/499     4.18G     0.819      0.25         0      1.07       232       416     0.237     0.449     0.241      0.31      1.65      1.83         0
    97/499     4.18G     0.873     0.257         0      1.13       201       416     0.213     0.452     0.221      0.29       1.6      1.82         0
    98/499     4.18G     0.815     0.259         0      1.07       236       416     0.208     0.417     0.203     0.278      1.66      1.82         0
    99/499     4.18G      0.79      0.25         0      1.04       192       416     0.215     0.454     0.238     0.292      1.64      1.85         0
   100/499     4.18G     0.825     0.273         0       1.1       215       416     0.213      0.49     0.278     0.297      1.63      1.88         0
   101/499     4.18G     0.745     0.248         0     0.993       232       416     0.167     0.454     0.196     0.244      1.65      1.95         0
   102/499     4.18G     0.795     0.226         0      1.02       166       416     0.219     0.451     0.227     0.295      1.59      1.82         0
   103/499     4.18G      0.74     0.243         0     0.983       286       416     0.191     0.419     0.178     0.262      1.62      1.92         0
   104/499     4.18G     0.758     0.244         0         1       222       416     0.214     0.431     0.228     0.286       1.7      2.25         0
   105/499     4.18G     0.739     0.233         0     0.972       223       416     0.262     0.358     0.178     0.302      1.67      1.86         0
   106/499     4.18G     0.771     0.255         0      1.03       179       416     0.156      0.33     0.121     0.212      1.72      1.89         0
   107/499     4.18G     0.742     0.258         0         1       179       416     0.226     0.429     0.231     0.296      1.67       1.8         0
   108/499     4.18G      0.83     0.283         0      1.11       263       416     0.152     0.323     0.146     0.206      1.79      2.01         0
   109/499     4.18G     0.772     0.265         0      1.04       170       416    0.0812     0.296    0.0918     0.127      1.75      2.53         0
   110/499     4.18G     0.747     0.267         0      1.01       203       416      0.12     0.273    0.0914     0.167      1.83      1.77         0
   111/499     4.18G     0.761     0.257         0      1.02       225       416     0.147      0.39     0.173     0.214      1.66      1.87         0
   112/499     4.18G     0.774     0.269         0      1.04       195       416     0.189     0.403     0.192     0.257      1.66      1.79         0
   113/499     4.18G     0.791     0.261         0      1.05       247       416     0.167     0.314     0.112     0.218      1.72      1.85         0
   114/499     4.18G     0.776     0.282         0      1.06       226       416      0.17     0.385     0.193     0.236      1.65      1.84         0
   115/499     4.18G      0.79     0.267         0      1.06       233       416     0.229     0.474     0.297     0.309      1.68      1.68         0
   116/499     4.18G     0.716      0.24         0     0.956       177       416     0.267     0.489     0.299     0.345      1.57      1.66         0
   117/499     4.18G     0.739     0.263         0         1       179       416     0.183     0.355     0.162     0.241       1.7      1.81         0
   118/499     4.18G     0.832     0.275         0      1.11       266       416     0.181     0.433      0.21     0.255      1.63      1.77         0
   119/499     4.18G     0.815     0.255         0      1.07       205       416      0.22     0.509     0.281     0.307      1.58      1.81         0
   120/499     4.18G     0.735      0.24         0     0.974       204       416     0.185     0.423     0.211     0.258      1.72      1.82         0
   121/499     4.18G     0.714      0.23         0     0.944       227       416     0.271      0.44     0.251     0.336      1.65      1.75         0
   122/499     4.18G     0.686     0.255         0     0.941       221       416     0.247     0.507     0.321     0.332       1.6      1.73         0
   123/499     4.18G     0.738     0.242         0      0.98       244       416     0.169     0.349     0.139     0.228      1.71      1.83         0
   124/499     4.18G     0.753      0.24         0     0.993       209       416     0.158     0.342     0.149     0.216       1.7      1.82         0
   125/499     4.18G     0.692     0.234         0     0.926       180       416     0.252     0.428     0.244     0.317      1.67      1.63         0
   126/499     4.18G     0.709     0.229         0     0.938       216       416     0.184     0.434     0.209     0.259      1.66      1.76         0
   127/499     4.18G     0.753     0.233         0     0.985       220       416      0.23     0.492     0.261     0.314       1.6      1.79         0
   128/499     4.18G     0.708     0.249         0     0.957       232       416     0.212     0.404     0.182     0.278      1.68      1.88         0
   129/499     4.18G       0.7     0.238         0     0.938       160       416     0.243     0.553      0.34     0.337      1.53      1.65         0
   130/499     4.18G     0.676     0.234         0     0.911       225       416     0.198     0.507     0.262     0.285       1.6      1.62         0
   131/499     4.18G     0.664     0.234         0     0.898       211       416     0.243      0.49     0.264     0.325      1.62      1.61         0
   132/499     4.18G     0.715     0.241         0     0.956       299       416      0.28     0.547      0.33      0.37      1.63      1.59         0
   133/499     4.18G      0.65     0.228         0     0.879       231       416      0.17     0.389      0.15     0.237      1.65      1.73         0
   134/499     4.18G     0.708     0.225         0     0.933       261       416       0.2     0.455     0.217     0.278      1.61      1.76         0
   135/499     4.18G     0.706     0.234         0     0.941       217       416     0.203     0.489      0.24     0.287      1.68      1.84         0
   136/499     4.18G     0.713     0.234         0     0.947       216       416     0.203     0.463     0.225     0.282       1.6      1.77         0
   137/499     4.18G     0.725     0.238         0     0.964       233       416     0.261     0.432     0.214     0.325      1.67      1.81         0
   138/499     4.18G     0.719     0.254         0     0.973       233       416     0.262     0.469     0.271     0.336      1.61      1.83         0
   139/499     4.18G     0.748     0.242         0      0.99       233       416     0.293     0.454     0.242     0.356       1.6      1.79         0
   140/499     4.18G     0.816     0.265         0      1.08       252       416     0.209     0.524     0.323     0.299      1.63      2.85         0
   141/499     4.18G     0.718     0.246         0     0.964       214       416     0.308     0.577     0.397     0.402       1.6      1.65         0
   142/499     4.18G     0.721     0.238         0     0.959       248       416     0.202     0.378     0.175     0.263      1.72      1.72         0
   143/499     4.18G     0.827     0.253         0      1.08       185       416     0.154     0.353     0.139     0.215      1.65      1.76         0
   144/499     4.18G     0.761     0.243         0         1       219       416     0.318     0.515     0.319     0.393       1.6       1.7         0
   145/499     4.18G     0.744     0.237         0      0.98       236       416     0.314      0.55      0.33       0.4      1.51       1.7         0
   146/499     4.18G     0.731     0.249         0      0.98       210       416      0.25     0.406     0.198     0.309      1.65      1.82         0
   147/499     4.18G     0.748     0.227         0     0.976       223       416     0.255     0.412     0.236     0.315      1.69      1.73         0
   148/499     4.18G     0.715     0.227         0     0.942       178       416     0.229     0.449     0.256     0.303      1.61      1.62         0
   149/499     4.18G      0.69     0.244         0     0.935       150       416     0.192     0.449     0.237     0.269      1.66      1.64         0
   150/499     4.18G     0.704     0.245         0     0.949       243       416     0.238     0.517     0.281     0.326      1.59      1.64         0
   151/499     4.18G     0.655     0.226         0     0.881       233       416     0.233     0.502     0.283     0.318      1.59      1.64         0
   152/499     4.18G     0.698     0.233         0     0.931       232       416     0.285     0.533     0.352     0.371       1.6      1.77         0
   153/499     4.18G     0.669     0.216         0     0.885       234       416     0.218     0.481     0.266       0.3      1.62      1.86         0
   154/499     4.18G     0.715     0.215         0      0.93       176       416     0.272     0.517     0.318     0.357       1.6      1.83         0
   155/499     4.18G     0.668     0.223         0     0.891       206       416     0.235      0.44     0.242     0.306      1.71      1.78         0
   156/499     4.18G     0.699     0.216         0     0.915       219       416     0.165     0.397      0.19     0.233      1.65      1.73         0
   157/499     4.18G     0.744     0.225         0     0.969       205       416     0.173     0.378     0.174     0.238      1.71      1.53         0
   158/499     4.18G     0.744     0.236         0      0.98       254       416     0.215     0.444     0.234     0.289      1.71      1.52         0
   159/499     4.18G      0.75     0.223         0     0.973       247       416     0.194     0.452      0.22     0.272      1.66       1.6         0
   160/499     4.18G     0.679     0.214         0     0.894       219       416     0.242     0.539     0.314     0.334      1.59      1.56         0
   161/499     4.18G     0.696     0.244         0     0.939       212       416      0.24     0.521     0.315     0.329       1.6      1.64         0
   162/499     4.18G     0.682     0.225         0     0.907       234       416      0.18      0.48     0.214     0.262      1.63      1.84         0
   163/499     4.18G     0.682      0.23         0     0.912       302       416     0.232     0.444     0.196     0.305      1.66      1.71         0
   164/499     4.18G     0.686     0.218         0     0.905       153       416     0.281     0.522     0.293     0.365      1.65      1.64         0
   165/499     4.18G     0.686     0.231         0     0.917       261       416     0.237     0.523     0.282     0.326      1.62      1.65         0
   166/499     4.18G     0.702     0.237         0     0.938       264       416     0.299     0.471     0.276     0.366      1.61      1.55         0
   167/499     4.18G     0.697     0.246         0     0.943       229       416     0.342     0.491     0.318     0.403      1.62      1.57         0
   168/499     4.18G     0.698     0.223         0     0.921       138       416     0.221     0.439     0.252     0.294      1.64       1.5         0
   169/499     4.18G     0.644      0.24         0     0.884       272       416     0.224     0.539     0.291     0.317      1.56      1.64         0
   170/499     4.18G     0.643     0.228         0     0.871       182       416     0.357     0.484     0.313     0.411      1.61      1.62         0
   171/499     4.18G     0.683     0.219         0     0.901       172       416      0.28     0.535     0.342     0.367      1.56      1.49         0
   172/499     4.18G      0.66     0.222         0     0.882       207       416     0.219     0.504     0.289     0.305      1.65      1.64         0
   173/499     4.18G     0.675     0.224         0     0.899       188       416     0.214     0.479     0.294     0.295      1.68      1.75         0
   174/499     4.18G      0.69     0.216         0     0.905       221       416     0.266     0.525     0.326     0.353      1.57      1.68         0
   175/499     4.18G     0.696     0.219         0     0.915       183       416     0.307     0.534     0.327      0.39      1.53      1.78         0
   176/499     4.18G     0.757      0.25         0      1.01       228       416     0.221      0.49     0.294     0.305      1.64      1.72         0
   177/499     4.18G     0.696     0.219         0     0.915       221       416     0.271     0.528     0.297     0.358      1.58      1.52         0
   178/499     4.18G     0.649     0.235         0     0.884       200       416      0.27     0.561     0.329     0.365       1.5      1.56         0
   179/499     4.18G     0.683     0.231         0     0.914       204       416     0.166     0.406      0.17     0.236      1.71      1.83         0
   180/499     4.18G     0.674     0.228         0     0.901       213       416     0.209     0.445     0.234     0.284      1.64      1.78         0
   181/499     4.18G     0.695     0.234         0      0.93       218       416     0.193     0.382     0.197     0.256       1.7      1.87         0
   182/499     4.18G     0.738     0.244         0     0.982       247       416     0.202     0.543     0.291     0.294      1.59      1.74         0
   183/499     4.18G      0.72     0.239         0     0.959       207       416     0.214     0.452     0.224      0.29      1.66      1.65         0
   184/499     4.18G     0.787     0.247         0      1.03       207       416     0.302     0.403     0.238     0.345      1.67       1.8         0
   185/499     4.18G     0.728     0.233         0     0.962       237       416     0.249     0.504     0.285     0.334      1.61      1.55         0
   186/499     4.18G     0.689     0.255         0     0.944       194       416     0.214     0.562     0.323     0.309      1.54      1.76         0
   187/499     4.18G      0.72     0.245         0     0.965       197       416     0.151     0.434     0.189     0.224      1.67      1.93         0
   188/499     4.18G     0.746     0.222         0     0.968       177       416     0.248     0.492     0.255     0.329      1.58      1.69         0
   189/499     4.18G     0.726     0.233         0     0.958       154       416     0.236     0.493     0.283      0.32      1.61      1.67         0
   190/499     4.18G     0.713     0.214         0     0.926       218       416     0.198     0.487     0.259     0.281      1.64      1.73         0
   191/499     4.18G     0.736     0.224         0      0.96       224       416     0.206     0.423      0.22     0.277      1.65      1.65         0
   192/499     4.18G     0.632     0.258         0      0.89       200       416     0.363     0.497     0.329      0.42      1.59      1.68         0
   193/499     4.18G     0.666     0.227         0     0.893       172       416     0.237     0.537     0.313     0.329      1.58      1.69         0
   194/499     4.18G     0.666     0.255         0     0.921       239       416     0.206     0.589     0.322     0.306      1.59      1.78         0
   195/499     4.18G     0.753     0.277         0      1.03       215       416     0.245      0.53     0.318     0.335      1.59      1.65         0
   196/499     4.18G     0.739     0.286         0      1.03       278       416     0.204      0.39     0.211     0.268      1.72       1.7         0
   197/499     4.18G     0.749     0.262         0      1.01       241       416     0.129     0.344     0.125     0.188       1.7      1.78         0
   198/499     4.18G      0.75     0.271         0      1.02       203       416     0.274     0.399      0.23     0.325       1.7      1.82         0
   199/499     4.18G      0.76     0.249         0      1.01       256       416     0.211     0.456     0.227     0.288      1.66      1.76         0
   200/499     4.18G     0.796     0.236         0      1.03       190       416     0.201     0.504     0.252     0.288      1.59      1.66         0
   201/499     4.18G     0.817     0.274         0      1.09       137       416    0.0822     0.323     0.114     0.131      1.79      4.76         0
   202/499     4.18G     0.839     0.293         0      1.13       254       416     0.252     0.504      0.31     0.336       1.6       1.6         0
   203/499     4.18G     0.754     0.254         0      1.01       214       416      0.14      0.49     0.345     0.218      1.79       6.3         0
   204/499     4.18G     0.805     0.263         0      1.07       234       416     0.192     0.415     0.224     0.262      1.82       5.1         0
   205/499     4.18G     0.724     0.258         0     0.982       263       416     0.228     0.519     0.328     0.317      1.62      1.83         0
   206/499     4.18G     0.721     0.255         0     0.976       201       416     0.144     0.378     0.159     0.208       1.7      1.85         0
   207/499     4.18G     0.673     0.253         0     0.926       250       416     0.178     0.332     0.127     0.231      1.73      1.78         0
   208/499     4.18G     0.767     0.257         0      1.02       253       416     0.255     0.458     0.218     0.327      1.62      1.82         0
   209/499     4.18G     0.777     0.254         0      1.03       258       416      0.21      0.44     0.212     0.284         2      13.8         0
   210/499     4.18G     0.799     0.257         0      1.06       185       416     0.265      0.49     0.288     0.344      1.63      1.63         0
   211/499     4.18G     0.785     0.261         0      1.05       201       416     0.249     0.476     0.268     0.327      1.58      1.68         0
   212/499     4.18G     0.757     0.242         0     0.999       191       416     0.309     0.538     0.344     0.393      1.58      1.61         0
   213/499     4.18G      0.76      0.24         0         1       207       416     0.245     0.491     0.297     0.327       1.6      1.66         0
   214/499     4.18G     0.607     0.241         0     0.848       229       416     0.349     0.497      0.34      0.41      1.63      1.72         0
   215/499     4.18G     0.657     0.223         0      0.88       230       416     0.304     0.495     0.335     0.377       1.6      1.67         0
   216/499     4.18G      0.67      0.23         0       0.9       237       416      0.33      0.48     0.336     0.391      1.61      1.65         0
   217/499     4.18G     0.654     0.208         0     0.861       198       416     0.253     0.485     0.303     0.332      1.61      1.59         0
   218/499     4.18G     0.656     0.223         0     0.879       238       416     0.224     0.424     0.249     0.293       1.7      1.69         0
   219/499     4.18G     0.701     0.215         0     0.916       297       416     0.281     0.446     0.265     0.345       1.7      1.58         0
   220/499     4.18G     0.661     0.209         0      0.87       267       416     0.282     0.501     0.327     0.361      1.61      1.54         0
   221/499     4.18G     0.719     0.238         0     0.957       260       416     0.296     0.564     0.379     0.389       1.6      1.78         0
   222/499     4.18G     0.752     0.231         0     0.984       245       416     0.277      0.53     0.334     0.364      1.59      1.76         0
   223/499     4.18G     0.677     0.225         0     0.902       230       416     0.261     0.504     0.306     0.344      1.56      1.56         0
   224/499     4.18G     0.683      0.21         0     0.893       242       416     0.234     0.473     0.274     0.313      1.66       1.6         0
   225/499     4.18G     0.691     0.218         0     0.909       243       416     0.286      0.49      0.29     0.361      1.61      1.69         0
   226/499     4.18G     0.686     0.233         0     0.919       274       416     0.177     0.446     0.183     0.254      1.62      1.75         0
   227/499     4.18G       0.7     0.241         0     0.941       214       416     0.191     0.394     0.176     0.257      1.71      1.71         0
   228/499     4.18G     0.674     0.251         0     0.925       157       416     0.206     0.455      0.23     0.283      1.61      1.61         0
   229/499     4.18G     0.691     0.232         0     0.923       144       416    0.0776     0.361    0.0317     0.128      1.78      5.73         0
   230/499     4.18G     0.727     0.242         0      0.97       286       416     0.151     0.355     0.166     0.212      1.74      1.72         0
   231/499     4.18G     0.711     0.222         0     0.933       184       416     0.266     0.452     0.285     0.334      1.63      1.64         0
   232/499     4.18G     0.702     0.231         0     0.934       148       416     0.196     0.428     0.209     0.269      1.68       1.7         0
   233/499     4.18G     0.694     0.226         0     0.919       189       416     0.233     0.452     0.235     0.308      1.61      1.74         0
   234/499     4.18G     0.659     0.222         0     0.881       257       416     0.212     0.414     0.234      0.28      1.72      2.02         0
   235/499     4.18G     0.664     0.223         0     0.887       191       416     0.281     0.442     0.284     0.344      1.67      1.75         0
   236/499     4.18G     0.646     0.227         0     0.874       286       416     0.247     0.446     0.267     0.318      1.68      1.76         0
   237/499     4.18G     0.685     0.225         0     0.909       197       416     0.268     0.482     0.287     0.344      1.65       1.6         0
   238/499     4.18G     0.675     0.217         0     0.891       193       416     0.283     0.551     0.346     0.374      1.55      1.48         0
   239/499     4.18G     0.714     0.225         0     0.939       238       416     0.255      0.52     0.306     0.343      1.61       1.5         0
   240/499     4.18G     0.657     0.217         0     0.874       188       416     0.232     0.492     0.275     0.316      1.59      1.63         0
   241/499     4.18G     0.708     0.209         0     0.917       168       416     0.257     0.507     0.304     0.341      1.63      1.58         0
   242/499     4.18G     0.731      0.23         0     0.961       252       416     0.191     0.456     0.227     0.269      1.62      1.57         0
   243/499     4.18G      0.66      0.21         0      0.87       255       416     0.216     0.459     0.235     0.294       1.6      1.52         0
   244/499     4.18G     0.671     0.212         0     0.883       157       416     0.291     0.514     0.305     0.372      1.65       1.6         0
   245/499     4.18G     0.718     0.231         0     0.948       249       416     0.245      0.51     0.257     0.331      1.56      1.58         0
   246/499     4.18G     0.669     0.226         0     0.895       148       416       0.2     0.462     0.248     0.279      1.68      2.06         0
   247/499     4.18G     0.665      0.22         0     0.885       187       416     0.218     0.488     0.274     0.302      1.67      1.76         0
   248/499     4.18G     0.631     0.218         0     0.849       193       416     0.368     0.546     0.357      0.44      1.51      1.72         0
   249/499     4.18G     0.662      0.23         0     0.891       256       416     0.204     0.449     0.247     0.281      1.64      1.75         0
   250/499     4.18G     0.729     0.214         0     0.944       222       416     0.403     0.491      0.35     0.442      1.57      1.57         0
   251/499     4.18G     0.736     0.233         0     0.968       205       416     0.218     0.505     0.272     0.304      1.61      1.62         0
   252/499     4.18G     0.635     0.214         0     0.849       186       416     0.247     0.521     0.294     0.335      1.57      1.61         0
   253/499     4.18G     0.675     0.241         0     0.916       266       416     0.214     0.414     0.213     0.282      1.71      1.85         0
   254/499     4.18G     0.709     0.233         0     0.942       271       416     0.281     0.338     0.201     0.307      1.75      1.81         0
   255/499     4.18G     0.677     0.223         0       0.9       200       416     0.193     0.426     0.235     0.265      1.65      1.67         0
   256/499     4.18G     0.699     0.223         0     0.921       185       416     0.237     0.504     0.301     0.322      1.61      1.56         0
   257/499     4.18G     0.701     0.214         0     0.914       171       416     0.258     0.506     0.313     0.341      1.64      1.59         0
   258/499     4.18G     0.692     0.206         0     0.898       244       416     0.284     0.536     0.363     0.371      1.57      1.55         0
   259/499     4.18G     0.679     0.214         0     0.892       241       416     0.283     0.574     0.373     0.379       1.6      1.56         0
   260/499     4.18G     0.732     0.213         0     0.945       333       416     0.442     0.441     0.308     0.441       1.6      1.61         0
   261/499     4.18G     0.644     0.211         0     0.855       210       416     0.262     0.435      0.26     0.327      1.65      1.65         0
   262/499     4.18G      0.68     0.197         0     0.877       302       416     0.236     0.462     0.261     0.313      1.65      1.51         0
   263/499     4.18G     0.632     0.244         0     0.877       265       416     0.188     0.498     0.261     0.273      1.63      1.63         0
   264/499     4.18G     0.664     0.211         0     0.875       237       416     0.345     0.491     0.325     0.405      1.59      1.62         0
   265/499     4.18G     0.632     0.218         0      0.85       162       416     0.325     0.397     0.248     0.357      1.73      1.96         0
   266/499     4.18G     0.668     0.214         0     0.882       249       416     0.146     0.442     0.223      0.22      2.33      35.9         0
   267/499     4.18G     0.658      0.21         0     0.868       277       416     0.244     0.437     0.254     0.313      1.77      5.53         0
   268/499     4.18G      0.65     0.213         0     0.863       170       416     0.243     0.455     0.261     0.317       1.7      1.66         0
   269/499     4.18G     0.609     0.215         0     0.824       232       416     0.223     0.429     0.217     0.293      1.66      1.65         0
   270/499     4.18G     0.668     0.211         0     0.879       262       416      0.29     0.463     0.281     0.357      2.66      21.8         0
   271/499     4.18G     0.689     0.193         0     0.882       176       416     0.278     0.508     0.316     0.359       1.6      1.53         0
   272/499     4.18G     0.733     0.207         0      0.94       268       416     0.249     0.544     0.337     0.341      1.61      1.76         0
   273/499     4.18G     0.719     0.247         0     0.966       255       416     0.119     0.192    0.0699     0.147      3.08      31.6         0
   274/499     4.18G     0.722     0.269         0      0.99       153       416    0.0424     0.144   0.00644    0.0655      2.27      66.5         0
   275/499     4.18G     0.742     0.263         0         1       247       416     0.116     0.306     0.104     0.168      1.82      3.21         0
   276/499     4.18G     0.758     0.258         0      1.02       173       416     0.227     0.416     0.227     0.294      1.98       5.7         0
   277/499     4.18G     0.744      0.27         0      1.01       212       416     0.254     0.402     0.214     0.311      1.69      1.82         0
   278/499     4.18G     0.686     0.257         0     0.943       195       416     0.177     0.391     0.179     0.243      1.73      1.94         0
   279/499     4.18G     0.733     0.252         0     0.985       233       416     0.193     0.391     0.157     0.258      1.72      1.88         0
   280/499     4.18G     0.672     0.246         0     0.918       244       416     0.272     0.472     0.264     0.345      1.61      1.77         0
   281/499     4.18G     0.691     0.246         0     0.937       250       416     0.231     0.437     0.211     0.302      1.64      1.83         0
   282/499     4.18G     0.684     0.238         0     0.922       175       416     0.251     0.486     0.251     0.331      1.56      1.67         0
   283/499     4.18G     0.726     0.232         0     0.958       201       416     0.229      0.49     0.241     0.312       1.7      1.72         0
   284/499     4.18G     0.761     0.235         0     0.996       215       416     0.215     0.481     0.241     0.297      1.62      1.57         0
   285/499     4.18G     0.708     0.226         0     0.933       183       416     0.283     0.495     0.319      0.36      1.61      1.61         0
   286/499     4.18G     0.712     0.235         0     0.947       341       416     0.327     0.478     0.298     0.388      1.62      1.85         0
   287/499     4.18G     0.693     0.225         0     0.918       240       416     0.271     0.501     0.303     0.352      1.69      2.21         0
   288/499     4.18G     0.739     0.223         0     0.962       178       416     0.286     0.566     0.385      0.38      1.61      1.58         0
   289/499     4.18G     0.699     0.231         0      0.93       290       416     0.258     0.522     0.289     0.345      1.58       1.6         0
   290/499     4.18G      0.65     0.221         0     0.871       216       416     0.284     0.482      0.29     0.357      1.65      1.65         0
   291/499     4.18G     0.726     0.224         0     0.951       169       416     0.287     0.523     0.315      0.37      1.62      1.59         0
   292/499     4.18G     0.722     0.217         0     0.939       257       416      0.25     0.503     0.295     0.334      1.61      1.67         0
   293/499     4.18G     0.678     0.224         0     0.901       203       416      0.28     0.492     0.309     0.357       1.6      1.69         0
   294/499     4.18G     0.717     0.214         0     0.932       275       416     0.232     0.392     0.209     0.291       1.7      1.81         0
   295/499     4.18G      0.69     0.227         0     0.917       200       416     0.288     0.457     0.275     0.353      1.64      1.75         0
   296/499     4.18G     0.644     0.206         0      0.85       238       416      0.26     0.549     0.316     0.353      1.58       1.6         0
   297/499     4.18G     0.612     0.208         0      0.82       175       416     0.276     0.547     0.302     0.367      1.55      1.57         0
   298/499     4.18G     0.622     0.215         0     0.837       202       416     0.307     0.492     0.291     0.378      1.57      1.71         0
   299/499     4.18G     0.629     0.222         0     0.851       354       416     0.283     0.527     0.354     0.368      1.58      1.62         0
   300/499     4.18G     0.661     0.208         0     0.868       113       416     0.225     0.515      0.27     0.313      1.57      1.65         0
   301/499     4.18G     0.591     0.201         0     0.792       185       416     0.246     0.495     0.289     0.329      1.61      1.57         0
   302/499     4.18G     0.636     0.212         0     0.848       196       416     0.271     0.494      0.31      0.35      1.63      1.61         0
   303/499     4.18G     0.656     0.219         0     0.875       167       416     0.295     0.529     0.322     0.379      1.59      1.61         0
   304/499     4.18G     0.645     0.205         0     0.851       274       416     0.307      0.54     0.334     0.392      1.56      1.68         0
   305/499     4.18G     0.638     0.235         0     0.872       247       416     0.345     0.427     0.275     0.382      1.62      1.82         0
   306/499     4.18G     0.632     0.219         0     0.852       247       416     0.334     0.542     0.392     0.413      1.59      1.49         0
   307/499     4.18G     0.647     0.205         0     0.852       197       416     0.231     0.525     0.307     0.321      1.57      1.66         0
   308/499     4.18G     0.612     0.217         0     0.828       250       416     0.299      0.52     0.306     0.379       1.6      3.48         0
   309/499     4.18G     0.649      0.22         0     0.869       201       416      0.34     0.558     0.354     0.423      1.61      2.16         0
   310/499     4.18G      0.63     0.218         0     0.848       222       416     0.198     0.455     0.285     0.276      1.65      1.78         0
   311/499     4.18G      0.65     0.213         0     0.863       208       416     0.198     0.365     0.211     0.257      1.71      1.89         0
   312/499     4.18G     0.651     0.202         0     0.853       306       416     0.223     0.422     0.244     0.291      1.68      1.87         0
   313/499     4.18G     0.691     0.212         0     0.903       209       416     0.286     0.527     0.298     0.371      1.58      1.73         0
   314/499     4.18G     0.655     0.223         0     0.878       241       416     0.351     0.462     0.291     0.399      1.57      1.65         0
   315/499     4.18G     0.691     0.226         0     0.917       169       416      0.31     0.507     0.312     0.385      1.57      1.58         0
   316/499     4.18G     0.623     0.224         0     0.847       227       416     0.248     0.525     0.291     0.337      1.59      1.56         0
   317/499     4.18G     0.666     0.212         0     0.878       251       416      0.32     0.516     0.337     0.395      1.57      1.56         0
   318/499     4.18G     0.651     0.215         0     0.866       236       416     0.339     0.516     0.342     0.409      1.62      1.57         0
   319/499     4.18G     0.632     0.206         0     0.838       204       416     0.265     0.534      0.32     0.354       1.6      1.52         0
   320/499     4.18G     0.592     0.204         0     0.796       233       416     0.269     0.528     0.341     0.357      1.59      1.56         0
   321/499     4.18G     0.632     0.201         0     0.833       229       416     0.413     0.526     0.383     0.463      1.61      1.59         0
   322/499     4.18G      0.65      0.21         0     0.861       170       416     0.222     0.476     0.259     0.303      1.59      1.65         0
   323/499     4.18G     0.614     0.214         0     0.829       192       416     0.251     0.513     0.315     0.338      1.62      1.66         0
   324/499     4.18G     0.653     0.195         0     0.848       226       416     0.407     0.577     0.424     0.477      1.53      1.61         0
   325/499     4.18G     0.642     0.195         0     0.837       256       416     0.397     0.504     0.355     0.444      1.58      1.79         0
   326/499     4.18G     0.646     0.199         0     0.844       205       416     0.289     0.477     0.303     0.359      1.66      1.61         0
   327/499     4.18G     0.688     0.195         0     0.883       254       416     0.269     0.505     0.298     0.351      1.69      1.66         0
   328/499     4.18G      0.69     0.219         0     0.908       215       416     0.235     0.512     0.281     0.322       1.6      1.51         0
   329/499     4.18G     0.673     0.202         0     0.875       203       416     0.215     0.499     0.265     0.301      1.63      1.59         0
   330/499     4.18G     0.682     0.208         0     0.891       228       416     0.245     0.504      0.31      0.33      1.64      1.84         0
   331/499     4.18G     0.691     0.224         0     0.915       233       416     0.246     0.504     0.311      0.33      1.61      1.93         0
   332/499     4.18G      0.66     0.213         0     0.873       251       416     0.243     0.514     0.256      0.33      1.58      1.93         0
   333/499     4.18G     0.695     0.228         0     0.924       152       416     0.315     0.571     0.361     0.406      1.57      1.85         0
   334/499     4.18G     0.658     0.203         0     0.861       163       416     0.282     0.539     0.339     0.371      1.61      2.28         0
   335/499     4.18G     0.623     0.213         0     0.836       177       416     0.251     0.432     0.251     0.318      1.67      1.73         0
   336/499     4.18G     0.627     0.215         0     0.842       186       416      0.34     0.479     0.315     0.398       1.6      1.69         0
   337/499     4.18G     0.676     0.202         0     0.878       275       416     0.282     0.537     0.329     0.369      1.58      1.78         0
   338/499     4.18G     0.675     0.209         0     0.884       211       416      0.31     0.558      0.35     0.398      1.53      1.73         0
   339/499     4.18G     0.588     0.183         0     0.772       188       416      0.31     0.551     0.361     0.396      1.55      1.67         0
   340/499     4.18G     0.595     0.189         0     0.784       212       416     0.325     0.595     0.404      0.42      1.56      1.67         0
   341/499     4.18G     0.696     0.194         0      0.89       171       416     0.309      0.57     0.363       0.4      1.57       1.6         0
   342/499     4.18G     0.597     0.196         0     0.793       235       416     0.262     0.497      0.27     0.343      1.64      1.56         0
   343/499     4.18G     0.604       0.2         0     0.804       368       416     0.252     0.458     0.269     0.325      1.65      1.62         0
   344/499     4.18G     0.637     0.205         0     0.842       227       416     0.183      0.38     0.187     0.247      1.68      1.73         0
   345/499     4.18G     0.658     0.213         0     0.871       278       416     0.272     0.487     0.288     0.349      1.69      1.75         0
   346/499     4.18G     0.658     0.195         0     0.853       271       416     0.304      0.55     0.347     0.392      1.53      1.55         0
   347/499     4.18G     0.593     0.191         0     0.784       185       416     0.247     0.528     0.318     0.337      1.58       1.5         0
   348/499     4.18G     0.658     0.195         0     0.853       249       416       0.3     0.527     0.344     0.383      1.62      1.57         0
   349/499     4.18G     0.632     0.196         0     0.828       230       416     0.316     0.552     0.356     0.402      1.58      1.58         0
   350/499     4.18G     0.653     0.199         0     0.852       204       416     0.187     0.422     0.221     0.259      1.67      1.84         0
   351/499     4.18G     0.692     0.208         0       0.9       210       416     0.281     0.519     0.333     0.365      1.61      1.69         0
   352/499     4.18G     0.642       0.2         0     0.843       219       416     0.311     0.523     0.349      0.39      1.66      1.51         0
   353/499     4.18G     0.627      0.21         0     0.837       233       416      0.32     0.511     0.347     0.393      1.58      1.54         0
   354/499     4.18G     0.634     0.199         0     0.834       216       416     0.324       0.5      0.32     0.393       1.6      1.64         0
   355/499     4.18G     0.619     0.192         0     0.811       216       416     0.211      0.44     0.254     0.285      1.67      1.58         0
   356/499     4.18G     0.608     0.199         0     0.807       266       416     0.219     0.465     0.284     0.298      1.67      1.58         0
   357/499     4.18G     0.611     0.199         0      0.81       213       416     0.229     0.529     0.307     0.319      1.57      1.63         0
   358/499     4.18G     0.644     0.208         0     0.852       168       416     0.289     0.554     0.323      0.38      1.53      1.63         0
   359/499     4.18G      0.65     0.198         0     0.848       163       416     0.335     0.541     0.324     0.414      1.58      1.64         0
   360/499     4.18G     0.633     0.198         0     0.832       193       416     0.228      0.46      0.24     0.305      1.67      1.67         0
   361/499     4.18G     0.649     0.199         0     0.848       181       416     0.207     0.554     0.162     0.301      1.57      2.11         0
   362/499     4.18G     0.645     0.224         0     0.869       207       416     0.235     0.468      0.31     0.313      1.77      4.44         0
   363/499     4.18G     0.637     0.213         0     0.851       196       416     0.195     0.504     0.263     0.281       1.6      1.89         0
   364/499     4.18G      0.62     0.224         0     0.844       191       416     0.244     0.526     0.316     0.333      1.58      1.67         0
   365/499     4.18G     0.648     0.197         0     0.845       213       416     0.214     0.462     0.248     0.292      1.67      1.67         0
   366/499     4.18G     0.711      0.21         0     0.921       208       416     0.236      0.48     0.277     0.316       1.6      1.63         0
   367/499     4.18G     0.654     0.229         0     0.883       223       416     0.221       0.5     0.262     0.307       1.6      1.65         0
   368/499     4.18G     0.613     0.211         0     0.824       221       416     0.198     0.497     0.276     0.283       1.6      1.57         0
   369/499     4.18G      0.66     0.218         0     0.878       282       416     0.276     0.578     0.389     0.374      1.56      1.61         0
   370/499     4.18G     0.705     0.237         0     0.942       271       416      0.03     0.149   0.00687    0.0499      2.12      12.1         0
   371/499     4.18G     0.743     0.331         0      1.07       217       416     0.326     0.486     0.314      0.39       1.6      1.72         0
   372/499     4.18G      0.74     0.282         0      1.02       202       416  0.000812   0.00713  4.06e-06   0.00146      2.23      13.4         0
   373/499     4.18G      0.74     0.286         0      1.03       177       416     0.221     0.477     0.255     0.302      1.62      1.73         0
   374/499     4.18G     0.715     0.276         0     0.992       203       416     0.153       0.4     0.169     0.221      1.65      1.88         0
   375/499     4.18G      0.72     0.237         0     0.958       162       416     0.241     0.455     0.262     0.315      1.64      1.77         0
   376/499     4.18G       0.7     0.243         0     0.943       194       416      0.27     0.479     0.282     0.345      1.65      1.69         0
   377/499     4.18G     0.658     0.249         0     0.907       213       416     0.208     0.421      0.21     0.279      1.68      1.67         0
   378/499     4.18G     0.664      0.25         0     0.914       264       416     0.209     0.445     0.249     0.285      1.69       1.7         0
   379/499     4.18G     0.652     0.233         0     0.885       185       416     0.201     0.445     0.241     0.277      1.64      1.58         0
   380/499     4.18G     0.664     0.213         0     0.877       228       416     0.228     0.392     0.208     0.288      1.69       1.7         0
   381/499     4.18G     0.626     0.211         0     0.836       235       416     0.248     0.497     0.283     0.331       1.6      1.63         0
   382/499     4.18G     0.643     0.215         0     0.858       184       416      0.25     0.513     0.302     0.336       1.6      1.59         0
   383/499     4.18G     0.643     0.211         0     0.855       231       416     0.304     0.549      0.34     0.392      1.58       1.5         0
   384/499     4.18G     0.659     0.217         0     0.876       196       416     0.246     0.522     0.277     0.334      1.56      1.49         0
   385/499     4.18G     0.658     0.226         0     0.884       253       416     0.308     0.516     0.313     0.386      1.61      1.44         0
   386/499     4.18G     0.683     0.221         0     0.904       269       416     0.242     0.495     0.288     0.325      1.61      1.65         0
   387/499     4.18G     0.723     0.196         0     0.919       183       416     0.214     0.425     0.213     0.285      1.61      1.54         0
   388/499     4.18G     0.747     0.231         0     0.978       186       416     0.262     0.466     0.256     0.336      1.64      1.62         0
   389/499     4.18G     0.685      0.22         0     0.904       237       416     0.335     0.514     0.341     0.406       1.6      1.58         0
   390/499     4.18G     0.672     0.197         0     0.869       244       416     0.275     0.548     0.364     0.366      1.56      1.47         0
   391/499     4.18G     0.673     0.212         0     0.885       233       416     0.238      0.49     0.303     0.321      1.62      1.56         0
   392/499     4.18G      0.64     0.201         0     0.841       192       416     0.285     0.503     0.332     0.364      1.59      1.55         0
   393/499     4.18G      0.62     0.215         0     0.835       215       416     0.276      0.53     0.344     0.363      1.59       1.5         0
   394/499     4.18G     0.597     0.203         0     0.799       156       416     0.289     0.529     0.339     0.374      1.58      1.51         0
   395/499     4.18G     0.589      0.19         0     0.779       196       416     0.304     0.539     0.353     0.389      1.59      1.55         0
   396/499     4.18G       0.6      0.21         0     0.809       224       416      0.28     0.527     0.332     0.365      1.58      1.67         0
   397/499     4.18G     0.573     0.197         0      0.77       267       416     0.297       0.5     0.296     0.372      1.63      1.65         0
   398/499     4.18G     0.589     0.212         0     0.801       256       416     0.201     0.442     0.179     0.276      1.67      1.95         0
   399/499     4.18G     0.566     0.187         0     0.753       203       416       0.3     0.554     0.291     0.389      1.51      1.63         0
   400/499     4.18G     0.576     0.198         0     0.774       195       416     0.247     0.522     0.295     0.336      1.62      1.56         0
   401/499     4.18G     0.592     0.201         0     0.793       253       416     0.265     0.561     0.336      0.36      1.54       1.5         0
   402/499     4.18G     0.605     0.198         0     0.802       221       416     0.281     0.522     0.339     0.365      1.59      1.71         0
   403/499     4.18G     0.648     0.208         0     0.856       234       416     0.336     0.567     0.402     0.422      1.58      1.63         0
   404/499     4.18G     0.617     0.196         0     0.813       200       416     0.378     0.621     0.441      0.47      1.53      1.51         0
   405/499     4.18G     0.665     0.199         0     0.864       253       416     0.324     0.466     0.304     0.382      1.62       1.5         0
   406/499     4.18G     0.613     0.211         0     0.824       271       416     0.266     0.418     0.237     0.325      1.76      1.87         0
   407/499     4.18G      0.59     0.206         0     0.797       209       416     0.186      0.46     0.257     0.265      1.68      1.77         0
   408/499     4.18G     0.612     0.189         0       0.8       194       416     0.215     0.475     0.265     0.296      1.65      1.71         0
   409/499     4.18G     0.639     0.202         0     0.841       244       416       0.3      0.46     0.271     0.363      1.65      1.52         0
   410/499     4.18G     0.625     0.194         0     0.819       186       416      0.26     0.496     0.299     0.341      1.57      1.62         0
   411/499     4.18G      0.62       0.2         0      0.82       274       416     0.243       0.5       0.3     0.327       1.6       1.7         0
   412/499     4.18G     0.646     0.208         0     0.855       193       416     0.271     0.541     0.338     0.361      1.61      1.75         0
   413/499     4.18G     0.605      0.19         0     0.795       199       416     0.326     0.594     0.412     0.421      1.52      1.58         0
   414/499     4.18G     0.609     0.201         0      0.81       214       416     0.414     0.593     0.448     0.488      1.52      1.42         0
   415/499     4.18G     0.608     0.191         0     0.799       248       416     0.287     0.547     0.352     0.376      1.61      1.51         0
   416/499     4.18G     0.624     0.202         0     0.826       214       416     0.267     0.547     0.354     0.359      1.55      1.62         0
   417/499     4.18G      0.58     0.204         0     0.784       188       416     0.256     0.496     0.309     0.338      1.63      1.59         0
   418/499     4.18G     0.627     0.196         0     0.823       202       416      0.22     0.428     0.206     0.291      1.87      5.36         0
   419/499     4.18G     0.631     0.208         0     0.839       265       416     0.218     0.492     0.258     0.302      1.66      1.67         0
   420/499     4.18G     0.632     0.186         0     0.818       230       416     0.224     0.473     0.264     0.304      1.66      1.54         0
   421/499     4.18G     0.614       0.2         0     0.814       207       416     0.325     0.527     0.361     0.402      1.68      2.69         0
   422/499     4.18G     0.634     0.193         0     0.827       244       416     0.267     0.537     0.322     0.357      1.59       1.7         0
   423/499     4.18G     0.626     0.207         0     0.833       170       416      0.28     0.566     0.354     0.375      1.54      1.52         0
   424/499     4.18G      0.64     0.204         0     0.843       150       416     0.264     0.569     0.342      0.36      1.54      1.57         0
   425/499     4.18G     0.649     0.202         0     0.851       242       416      0.26     0.545     0.318     0.352      1.59      1.58         0
   426/499     4.18G     0.635     0.214         0     0.849       200       416     0.295     0.514      0.33     0.375      1.59      1.61         0
   427/499     4.18G     0.637     0.208         0     0.845       216       416     0.316     0.514     0.345     0.392      1.58      1.62         0
   428/499     4.18G      0.62     0.208         0     0.828       240       416     0.318     0.515     0.321     0.393      1.59      1.62         0
   429/499     4.18G     0.617     0.205         0     0.822       212       416     0.304     0.559     0.371     0.394      1.53      1.54         0
   430/499     4.18G     0.616     0.198         0     0.814       223       416     0.439      0.48     0.346     0.459      1.59      1.54         0
   431/499     4.18G     0.636     0.207         0     0.843       216       416     0.244     0.532     0.325     0.335      1.58      1.45         0
   432/499     4.18G      0.57     0.192         0     0.762       174       416     0.251     0.552     0.313     0.346      1.57      1.43         0
   433/499     4.18G     0.577     0.198         0     0.775       201       416      0.24     0.521     0.282     0.329      1.59      1.55         0
   434/499     4.18G     0.614     0.198         0     0.812       216       416     0.284     0.555     0.329     0.375      1.54      1.53         0
   435/499     4.18G     0.615     0.194         0      0.81       173       416     0.248     0.465     0.277     0.323      1.63      1.62         0
   436/499     4.18G     0.576     0.183         0     0.758       235       416     0.294      0.51     0.332     0.373      1.61      1.66         0
   437/499     4.18G     0.599      0.19         0     0.789       214       416     0.292     0.515     0.325     0.372      1.56      1.76         0
   438/499     4.18G     0.574     0.192         0     0.766       189       416     0.278     0.524     0.329     0.363      1.56      1.62         0
   439/499     4.18G     0.583     0.186         0     0.769       219       416     0.287     0.497     0.298     0.364      1.62      1.61         0
   440/499     4.18G     0.588     0.179         0     0.767       233       416     0.308     0.556     0.351     0.396      1.58      1.66         0
   441/499     4.18G     0.604      0.18         0     0.784       198       416     0.269     0.476     0.266     0.344      1.65      1.68         0
   442/499     4.18G     0.622     0.191         0     0.813       209       416     0.292     0.513     0.315     0.372      1.62      1.53         0
   443/499     4.18G     0.615     0.194         0     0.809       230       416     0.274     0.519     0.314     0.359      1.64      1.57         0
   444/499     4.18G     0.594     0.192         0     0.787       211       416     0.264     0.527       0.3     0.352      1.57      1.46         0
   445/499     4.18G     0.586     0.183         0     0.769       297       416     0.333     0.573     0.361     0.421      1.59      1.46         0
   446/499     4.18G     0.618     0.197         0     0.815       201       416     0.339     0.536     0.356     0.416      1.56      1.43         0
   447/499     4.18G     0.604     0.201         0     0.805       213       416     0.277     0.502     0.304     0.357      1.55      1.53         0
   448/499     4.18G     0.637     0.197         0     0.833       192       416     0.266     0.502     0.315     0.348      1.64      1.38         0
   449/499     4.18G     0.634     0.194         0     0.829       259       416     0.286     0.495     0.298     0.363      1.61      1.36         0
   450/499     4.18G     0.617     0.186         0     0.802       189       416     0.349     0.557     0.367     0.429      1.61      2.83         0
   451/499     4.18G     0.636     0.195         0     0.831       145       416     0.284     0.587     0.367     0.383      1.53      1.55         0
   452/499     4.18G      0.65       0.2         0     0.849       207       416     0.275     0.547     0.341     0.366      1.57      1.64         0
   453/499     4.18G       0.6     0.195         0     0.795       179       416     0.246     0.491     0.262     0.328       1.6      1.53         0
   454/499     4.18G      0.57     0.187         0     0.758       221       416     0.211      0.46     0.251      0.29      1.62      1.57         0
   455/499     4.18G     0.602       0.2         0     0.802       215       416     0.291     0.571     0.375     0.386      1.53      1.52         0
   456/499     4.18G     0.595     0.203         0     0.798       241       416     0.433     0.527     0.393     0.475      1.54      1.44         0
   457/499     4.18G     0.589     0.198         0     0.786       224       416     0.365     0.556     0.403      0.44      1.54       1.5         0
   458/499     4.18G     0.596     0.196         0     0.792       204       416      0.38     0.483     0.345     0.425      1.61      1.54         0
   459/499     4.18G     0.588     0.195         0     0.783       279       416     0.347     0.555     0.375     0.427      1.54      1.44         0
   460/499     4.18G     0.563     0.183         0     0.745       184       416     0.308      0.56     0.349     0.397      1.53      1.45         0
   461/499     4.18G     0.574     0.187         0     0.761       273       416     0.387     0.487      0.33     0.431       1.6      1.59         0
   462/499     4.18G     0.565     0.183         0     0.748       192       416     0.326     0.483     0.298     0.389      1.63      1.54         0
   463/499     4.18G     0.577     0.203         0      0.78       273       416     0.289     0.516     0.305     0.371      1.58      1.65         0
   464/499     4.18G     0.631     0.187         0     0.818       202       416     0.282     0.523     0.303     0.366      1.61      1.67         0
   465/499     4.18G     0.629     0.187         0     0.816       207       416     0.328     0.554     0.347     0.412      1.54      1.57         0
   466/499     4.18G     0.633     0.198         0     0.831       252       416     0.268     0.543     0.283     0.359      1.52      1.47         0
   467/499     4.18G     0.577     0.195         0     0.772       216       416     0.302     0.522     0.297     0.383       1.6      1.47         0
   468/499     4.18G     0.595     0.197         0     0.791       195       416      0.23     0.474      0.26      0.31      1.69      1.57         0
   469/499     4.18G     0.568     0.176         0     0.744       195       416     0.321     0.497      0.32      0.39       1.6      1.41         0
   470/499     4.18G     0.593     0.186         0     0.779       216       416     0.298     0.509     0.311     0.375      1.62       1.4         0
   471/499     4.18G     0.584     0.199         0     0.782       194       416     0.192      0.45     0.223     0.269      1.65      1.55         0
   472/499     4.18G       0.6     0.187         0     0.787       187       416     0.302     0.527     0.324     0.384      1.59      1.46         0
   473/499     4.18G     0.581     0.194         0     0.775       294       416     0.297     0.516      0.31     0.377      1.61      1.67         0
   474/499     4.18G     0.558     0.182         0      0.74       214       416      0.34     0.396     0.241     0.366      1.67      1.81         0
   475/499     4.18G     0.538     0.185         0     0.723       208       416     0.253     0.467     0.274     0.328      1.64      1.69         0
   476/499     4.18G     0.575     0.195         0      0.77       186       416     0.326     0.523     0.336     0.401       1.6      1.53         0
   477/499     4.18G     0.588     0.191         0     0.779       269       416     0.458      0.53     0.369     0.491      1.58      1.62         0
   478/499     4.18G     0.652     0.187         0     0.839       216       416     0.241     0.511     0.282     0.328      1.67      1.99         0
   479/499     4.18G      0.61     0.193         0     0.803       168       416     0.331     0.534     0.372     0.409      1.59      1.61         0
   480/499     4.18G     0.594     0.196         0      0.79       231       416     0.262     0.437     0.285     0.328      1.66      1.71         0
   481/499     4.18G     0.606     0.204         0     0.809       235       416     0.256     0.539      0.32     0.347      1.58      1.67         0
   482/499     4.18G     0.618     0.198         0     0.816       281       416     0.411     0.538      0.37     0.466      1.52      1.62         0
   483/499     4.18G     0.655     0.201         0     0.856       198       416     0.274     0.452     0.282     0.341      1.68      1.69         0
   484/499     4.18G      0.62     0.202         0     0.822       190       416     0.241     0.477     0.263      0.32      1.66      1.59         0
   485/499     4.18G     0.615     0.212         0     0.827       208       416     0.256      0.51       0.3     0.341       1.6      1.49         0
   486/499     4.18G     0.587     0.193         0      0.78       227       416     0.452     0.473     0.338     0.462      1.61      1.54         0
   487/499     4.18G     0.595     0.187         0     0.781       183       416     0.353     0.564     0.383     0.434      1.54      1.56         0
   488/499     4.18G     0.614     0.207         0     0.822       233       416     0.229      0.51     0.303     0.316      1.62      1.58         0
   489/499     4.18G     0.631     0.209         0      0.84       243       416     0.257     0.535     0.289     0.347      1.61      1.71         0
   490/499     4.18G     0.603     0.201         0     0.804       294       416     0.325     0.556     0.362      0.41      1.58      1.55         0
   491/499     4.18G     0.648     0.184         0     0.831       165       416     0.314     0.459      0.29     0.373      1.64      1.51         0
   492/499     4.18G     0.617       0.2         0     0.817       202       416     0.309     0.487     0.332     0.378      1.64      1.53         0
   493/499     4.18G     0.604     0.199         0     0.803       193       416     0.273     0.541     0.321     0.363      1.62      1.63         0
   494/499     4.18G     0.611     0.196         0     0.807       271       416     0.297     0.554     0.355     0.387      1.58      1.82         0
   495/499     4.18G     0.602     0.189         0     0.791       206       416     0.281     0.564     0.344     0.375      1.56      1.57         0
   496/499     4.18G     0.598     0.189         0     0.786       190       416     0.286     0.565     0.333      0.38      1.57      1.36         0
   497/499     4.18G      0.61     0.191         0     0.801       245       416     0.343     0.628     0.422     0.444      1.52      1.42         0
   498/499     4.18G     0.586     0.184         0     0.769       162       416     0.264     0.552     0.317     0.357      1.55      1.58         0
   499/499     4.18G     0.567     0.184         0     0.751       263       416     0.224      0.53     0.326     0.315      1.59      1.58         0
