     0/499     4.18G      1.96      34.6         0      36.5       203       416         0         0         0         0      3.26       nan         0
     1/499     4.18G      1.79      26.3         0        28       286       416         0         0         0         0      3.26       nan         0
     2/499     4.18G       1.6        22         0      23.6       230       416   0.00427    0.0178  6.69e-05   0.00689      2.71       nan         0
     3/499     4.18G      1.68      17.1         0      18.8       185       416    0.0507     0.209    0.0135    0.0816      1.93      15.8         0
     4/499     4.18G       1.6      12.2         0      13.8       226       416    0.0451     0.151   0.00957    0.0695       1.9      10.7         0
     5/499     4.18G      1.64      8.18         0      9.82       196       416    0.0269     0.103    0.0081    0.0427      2.06      6.36         0
     6/499     4.18G       1.6       5.2         0      6.79       225       416    0.0198    0.0634   0.00174    0.0302      2.02      3.85         0
     7/499     4.18G       1.6      3.23         0      4.83       196       416    0.0275    0.0846   0.00315    0.0415      1.97      3.28         0
     8/499     4.18G      1.57      2.04         0      3.61       231       416     0.049     0.147    0.0124    0.0734      1.97      2.49         0
     9/499     4.18G       1.5      1.35         0      2.86       224       416    0.0518     0.124   0.00975    0.0731      1.98      2.13         0
    10/499     4.18G      1.56         1         0      2.56       265       416    0.0669     0.189    0.0348    0.0989      1.98      2.23         0
    11/499     4.18G      1.53     0.745         0      2.27       184       416    0.0885     0.223    0.0594     0.127      1.93      2.15         0
    12/499     4.18G      1.37     0.642         0      2.01       225       416    0.0746     0.171    0.0412     0.104      1.96      2.12         0
    13/499     4.18G      1.38     0.531         0      1.91       203       416     0.091     0.173     0.043     0.119      1.96      2.09         0
    14/499     4.18G      1.47     0.525         0      1.99       206       416     0.128      0.29     0.107     0.178      1.85      2.18         0
    15/499     4.18G      1.43     0.495         0      1.93       209       416     0.127     0.247    0.0838     0.168      1.91      2.25         0
    16/499     4.18G       1.3     0.464         0      1.76       194       416    0.0952     0.218    0.0485     0.133      1.87      2.15         0
    17/499     4.18G       1.4     0.409         0      1.81       274       416     0.132     0.288    0.0857     0.181      1.81      2.05         0
    18/499     4.18G      1.35     0.392         0      1.74       240       416     0.215     0.461     0.192     0.294       1.7      2.04         0
    19/499     4.18G      1.34     0.394         0      1.73       199       416     0.107     0.236    0.0575     0.148      1.86      2.08         0
    20/499     4.18G      1.28     0.375         0      1.66       227       416     0.169     0.367      0.12     0.231      1.79      1.93         0
    21/499     4.18G      1.33      0.37         0       1.7       149       416     0.149     0.319     0.092     0.203      1.77      1.88         0
    22/499     4.18G      1.19     0.364         0      1.56       218       416     0.177     0.442     0.173     0.253      1.72      1.89         0
    23/499     4.18G       1.2     0.365         0      1.56       226       416     0.149     0.338     0.116     0.207      1.75      1.79         0
    24/499     4.18G      1.17     0.349         0      1.52       230       416     0.129     0.265    0.0861     0.173      1.85      1.95         0
    25/499     4.18G      1.23     0.342         0      1.57       228       416     0.232     0.418     0.185     0.298      1.71      1.91         0
    26/499     4.18G      1.12     0.319         0      1.43       217       416     0.176     0.303     0.109     0.223      1.81      2.11         0
    27/499     4.18G      1.08     0.349         0      1.43       235       416      0.19     0.391      0.17     0.256      1.74      1.93         0
    28/499     4.18G      1.11     0.336         0      1.44       245       416     0.246     0.558     0.307     0.341      1.52      1.93         0
    29/499     4.18G      1.05     0.311         0      1.36       265       416     0.218     0.443     0.205     0.292      1.66      2.18         0
    30/499     4.18G      1.02      0.33         0      1.35       242       416     0.237     0.447      0.23      0.31      1.66      2.05         0
    31/499     4.18G      1.03     0.314         0      1.34       225       416     0.253     0.449     0.242     0.323       1.7      2.05         0
    32/499     4.18G     0.984     0.312         0       1.3       237       416     0.268     0.453     0.236     0.337      1.66      1.99         0
    33/499     4.18G     0.929      0.28         0      1.21       300       416     0.257     0.433     0.189     0.322      1.68      1.93         0
    34/499     4.18G     0.938     0.298         0      1.24       160       416     0.192      0.49     0.234     0.276      1.62      2.06         0
    35/499     4.18G     0.931     0.302         0      1.23       252       416     0.217     0.479     0.217     0.298      1.63      1.91         0
    36/499     4.18G     0.848      0.31         0      1.16       263       416     0.202     0.426     0.204     0.274      1.66      1.86         0
    37/499     4.18G      0.85     0.309         0      1.16       227       416     0.221     0.426     0.199     0.291       1.7      1.91         0
    38/499     4.18G     0.898     0.285         0      1.18       261       416     0.209     0.525     0.266     0.299      1.62         2         0
    39/499     4.18G     0.851      0.26         0      1.11       207       416     0.187     0.486     0.266      0.27      1.61      2.03         0
    40/499     4.18G     0.907     0.292         0       1.2       236       416     0.222       0.5     0.281     0.308      1.65      1.97         0
    41/499     4.18G     0.862     0.274         0      1.14       244       416     0.243     0.476     0.238     0.322      1.62      1.86         0
    42/499     4.18G     0.826     0.292         0      1.12       212       416     0.241     0.469     0.199     0.318      1.62      1.92         0
    43/499     4.18G     0.829     0.275         0       1.1       175       416     0.171     0.402     0.175      0.24      1.63      1.88         0
    44/499     4.18G      0.85     0.282         0      1.13       247       416     0.262     0.457     0.251     0.333      1.65      1.87         0
    45/499     4.18G     0.821     0.272         0      1.09       146       416     0.254     0.506     0.283     0.338      1.64      1.92         0
    46/499     4.18G     0.717     0.267         0     0.984       273       416     0.236     0.473     0.271     0.315      1.58      1.83         0
    47/499     4.18G     0.784     0.273         0      1.06       229       416     0.229     0.483     0.267     0.311      1.65       1.9         0
    48/499     4.18G     0.699     0.252         0     0.951       172       416      0.25       0.5     0.265     0.334      1.65       1.9         0
    49/499     4.18G     0.759     0.256         0      1.02       207       416     0.255     0.511     0.265      0.34      1.58      1.88         0
    50/499     4.18G     0.775     0.262         0      1.04       210       416     0.208     0.414     0.188     0.277      1.69      1.77         0
    51/499     4.18G     0.765     0.257         0      1.02       184       416     0.221     0.474      0.23     0.301       1.6      1.82         0
    52/499     4.18G     0.707     0.248         0     0.955       175       416     0.222     0.523     0.238     0.312      1.57      1.92         0
    53/499     4.18G     0.742     0.259         0         1       190       416     0.187     0.434     0.178     0.261      1.68      1.86         0
    54/499     4.18G     0.753     0.241         0     0.994       300       416     0.208     0.449      0.24     0.284      1.68      1.79         0
    55/499     4.18G     0.786     0.255         0      1.04       220       416     0.328      0.59     0.405     0.422      1.54      1.68         0
    56/499     4.18G     0.781     0.231         0      1.01       178       416     0.202     0.488     0.262     0.286      1.62      1.63         0
    57/499     4.18G     0.765     0.236         0         1       242       416     0.182     0.368     0.158     0.244      1.74       1.7         0
    58/499     4.18G     0.735     0.236         0     0.971       218       416     0.199     0.442     0.224     0.274      1.67      1.73         0
    59/499     4.18G     0.761     0.243         0         1       232       416     0.251     0.509     0.296     0.336      1.56      1.72         0
    60/499     4.18G     0.767      0.23         0     0.997       215       416     0.181     0.439     0.213     0.257      1.67      1.85         0
    61/499     4.18G      0.72     0.249         0     0.969       189       416     0.184     0.434      0.22     0.258       1.7      1.94         0
    62/499     4.18G     0.693      0.23         0     0.923       234       416     0.234     0.405     0.204     0.296      1.72      1.74         0
    63/499     4.18G     0.752     0.241         0     0.992       196       416     0.222     0.473     0.235     0.302      1.66      1.74         0
    64/499     4.18G     0.716     0.242         0     0.958       220       416     0.207     0.484      0.27      0.29      1.64      1.72         0
    65/499     4.18G     0.725     0.251         0     0.977       304       416     0.259     0.427     0.221     0.323      1.69      1.61         0
    66/499     4.18G     0.778     0.232         0      1.01       249       416      0.24      0.46     0.235     0.315      1.68      1.69         0
    67/499     4.18G     0.774     0.239         0      1.01       290       416     0.214     0.422     0.209     0.284       1.7      1.71         0
    68/499     4.18G     0.751     0.255         0      1.01       214       416     0.141     0.308     0.115     0.194      1.75      1.74         0
    69/499     4.18G     0.664     0.225         0     0.889       194       416     0.169     0.367     0.169     0.232      1.75      1.79         0
    70/499     4.18G      0.72     0.231         0     0.951       210       416     0.265     0.539     0.328     0.355      1.62      1.83         0
    71/499     4.18G     0.772     0.243         0      1.01       227       416     0.222     0.514     0.282      0.31      1.63      1.97         0
    72/499     4.18G     0.665     0.233         0     0.898       239       416     0.251     0.441     0.238      0.32      1.63      1.93         0
    73/499     4.18G      0.72     0.232         0     0.952       221       416     0.298     0.466     0.279     0.364      1.66       1.9         0
    74/499     4.18G     0.723     0.229         0     0.952       225       416     0.205     0.449     0.229     0.281      1.68      1.89         0
    75/499     4.18G     0.699     0.233         0     0.932       226       416     0.197      0.48     0.263     0.279       1.6      1.85         0
    76/499     4.18G     0.701      0.22         0     0.921       162       416     0.222     0.513     0.278     0.309      1.61      1.77         0
    77/499     4.18G     0.674     0.225         0     0.899       200       416     0.199     0.441     0.226     0.274      1.69       1.7         0
    78/499     4.18G     0.702      0.22         0     0.922       211       416     0.233     0.496     0.272     0.317      1.66      1.78         0
    79/499     4.18G     0.635     0.221         0     0.856       222       416     0.201     0.469     0.235     0.281      1.66      1.81         0
    80/499     4.18G     0.656     0.216         0     0.872       223       416     0.228     0.473     0.241     0.307      1.59      1.76         0
    81/499     4.18G     0.701     0.236         0     0.937       261       416     0.205     0.427     0.197     0.277      1.69      1.83         0
    82/499     4.18G     0.727     0.221         0     0.948       288       416     0.168      0.38     0.167     0.233      1.75      1.85         0
    83/499     4.18G     0.722     0.224         0     0.945       241       416     0.234      0.48     0.254     0.315      1.64      1.75         0
    84/499     4.18G     0.667     0.213         0      0.88       303       416     0.281     0.486      0.26     0.356       1.6      1.74         0
    85/499     4.18G     0.683     0.212         0     0.895       267       416     0.304     0.474     0.264      0.37      1.63      1.82         0
    86/499     4.18G     0.689     0.221         0      0.91       292       416     0.225     0.458     0.222     0.301      1.64      1.89         0
    87/499     4.18G      0.69     0.226         0     0.916       224       416      0.23     0.513     0.253     0.318      1.61      1.81         0
    88/499     4.18G     0.667     0.228         0     0.895       223       416     0.195     0.454     0.204     0.273      1.64      1.77         0
    89/499     4.18G      0.65     0.234         0     0.884       293       416     0.246     0.526     0.227     0.336      1.54      1.87         0
    90/499     4.18G     0.651     0.214         0     0.865       294       416     0.187     0.466     0.192     0.267      1.61      1.95         0
    91/499     4.18G     0.686      0.23         0     0.916       290       416     0.226     0.502     0.262     0.312      1.61      1.85         0
    92/499     4.18G     0.673     0.224         0     0.897       226       416     0.285     0.565     0.346     0.379      1.55      1.69         0
    93/499     4.18G      0.63     0.225         0     0.855       200       416     0.293     0.568     0.357     0.386      1.53      1.55         0
    94/499     4.18G     0.657     0.219         0     0.876       157       416     0.246     0.526     0.328     0.335      1.63      1.63         0
    95/499     4.18G     0.654      0.23         0     0.884       232       416     0.166       0.4      0.18     0.235      1.73       1.7         0
    96/499     4.18G     0.697     0.215         0     0.912       232       416     0.278     0.544     0.339     0.368      1.56      1.62         0
    97/499     4.18G     0.671     0.217         0     0.888       201       416     0.331     0.506     0.309       0.4      1.59      1.74         0
    98/499     4.18G     0.704     0.221         0     0.925       236       416     0.258     0.537     0.267     0.349      1.57      1.77         0
    99/499     4.18G     0.709     0.212         0     0.921       192       416     0.218      0.49      0.22     0.302      1.56      1.85         0
   100/499     4.18G     0.706     0.233         0     0.939       215       416     0.256     0.556     0.299     0.351      1.57      1.82         0
   101/499     4.18G     0.667     0.212         0     0.879       232       416     0.306     0.499     0.309      0.38      1.65       1.7         0
   102/499     4.18G     0.649     0.197         0     0.847       166       416     0.281     0.468     0.264     0.351      1.62      1.71         0
   103/499     4.18G     0.648     0.212         0     0.861       286       416     0.271     0.507     0.287     0.353      1.63      1.74         0
   104/499     4.18G     0.651     0.212         0     0.863       222       416     0.298     0.609      0.38     0.401      1.58       1.7         0
   105/499     4.18G     0.685     0.207         0     0.892       223       416     0.379       0.6     0.405     0.464      1.52       1.6         0
   106/499     4.18G     0.687     0.217         0     0.905       179       416     0.193     0.412      0.19     0.263       1.7      1.78         0
   107/499     4.18G     0.673      0.23         0     0.903       179       416     0.263     0.523     0.276      0.35      1.61      1.78         0
   108/499     4.18G     0.669     0.245         0     0.913       263       416     0.276     0.511     0.267     0.358      1.58      1.77         0
   109/499     4.18G     0.677     0.221         0     0.898       170       416     0.295     0.501     0.279     0.371      1.59      1.78         0
   110/499     4.18G     0.637     0.221         0     0.858       203       416     0.234      0.51     0.275     0.321      1.59      1.81         0
   111/499     4.18G      0.61     0.209         0     0.819       225       416     0.282     0.515     0.295     0.365      1.58      1.71         0
   112/499     4.18G     0.669     0.219         0     0.888       195       416     0.199     0.452     0.209     0.276      1.62      1.77         0
   113/499     4.18G     0.713     0.204         0     0.917       247       416     0.313     0.545     0.342     0.398       1.6      1.69         0
   114/499     4.18G     0.646     0.216         0     0.862       226       416     0.208     0.472     0.269     0.289      1.66       1.7         0
   115/499     4.18G     0.696     0.212         0     0.908       233       416      0.27     0.532     0.333     0.359      1.57      1.67         0
   116/499     4.18G     0.635     0.199         0     0.834       177       416     0.285     0.568     0.354     0.379      1.53       1.7         0
   117/499     4.18G     0.659     0.215         0     0.874       179       416     0.275     0.525     0.333     0.361      1.61      1.63         0
   118/499     4.18G     0.656     0.224         0     0.879       266       416     0.312       0.5     0.308     0.384      1.59      1.61         0
   119/499     4.18G     0.619     0.212         0     0.831       205       416     0.319      0.58     0.374     0.412      1.51      1.58         0
   120/499     4.18G     0.615     0.197         0     0.812       204       416     0.212     0.438     0.212     0.286      1.67      1.62         0
   121/499     4.18G     0.612     0.195         0     0.807       227       416     0.208     0.461     0.222     0.287      1.63      1.67         0
   122/499     4.18G     0.587     0.211         0     0.798       221       416     0.242      0.52     0.278      0.33      1.62      1.63         0
   123/499     4.18G     0.603     0.194         0     0.798       244       416     0.269     0.531     0.309     0.357      1.59      1.63         0
   124/499     4.18G     0.606     0.196         0     0.802       209       416     0.286     0.551     0.323     0.377      1.57      1.63         0
   125/499     4.18G     0.557     0.195         0     0.752       180       416      0.33     0.556     0.364     0.414      1.59      1.59         0
   126/499     4.18G     0.569     0.194         0     0.764       216       416     0.299       0.5     0.313     0.374      1.59      1.57         0
   127/499     4.18G     0.633     0.206         0     0.839       220       416     0.274     0.542     0.324     0.364      1.63      1.64         0
   128/499     4.18G     0.656     0.212         0     0.868       232       416     0.266     0.539     0.332     0.356      1.58      1.61         0
   129/499     4.18G     0.673     0.208         0     0.881       160       416     0.192     0.461     0.235     0.271      1.63      1.73         0
   130/499     4.18G     0.601     0.201         0     0.802       225       416      0.46     0.504     0.354     0.481      1.56      1.74         0
   131/499     4.18G     0.584     0.204         0     0.787       211       416     0.242     0.407     0.228     0.303      1.69      1.78         0
   132/499     4.18G     0.623      0.21         0     0.833       299       416     0.276     0.506     0.308     0.357      1.63      1.78         0
   133/499     4.18G     0.591     0.196         0     0.786       231       416     0.366     0.585      0.39     0.451      1.54      1.66         0
   134/499     4.18G     0.643     0.192         0     0.835       261       416     0.328     0.542     0.335     0.409      1.61      1.63         0
   135/499     4.18G     0.621     0.199         0     0.821       217       416      0.24     0.506     0.268     0.325      1.62       1.7         0
   136/499     4.18G     0.645     0.196         0     0.841       216       416     0.235     0.493     0.245     0.318      1.61      1.67         0
   137/499     4.18G     0.646     0.205         0     0.851       233       416     0.195     0.453     0.231     0.273       1.7      1.72         0
   138/499     4.18G     0.686      0.21         0     0.896       233       416  0.000158   0.00119  1.55e-05   0.00028      2.44      3.77         0
   139/499     4.18G     0.722     0.272         0     0.994       233       416     0.173     0.292     0.118     0.217      1.75      1.96         0
   140/499     4.18G     0.736     0.276         0      1.01       252       416     0.197     0.581     0.334     0.295      1.51         2         0
   141/499     4.18G     0.671     0.256         0     0.926       214       416     0.204     0.487      0.26     0.288      1.63      1.72         0
   142/499     4.18G      0.71     0.259         0     0.969       248       416     0.157     0.402     0.189     0.225      1.68      1.93         0
   143/499     4.18G     0.781     0.253         0      1.03       185       416     0.188     0.402     0.209     0.256      1.68      1.88         0
   144/499     4.18G     0.721     0.246         0     0.967       219       416     0.255     0.476     0.287     0.332      1.64      1.82         0
   145/499     4.18G     0.684     0.236         0      0.92       236       416     0.253     0.493     0.277     0.335      1.58      1.67         0
   146/499     4.18G     0.683     0.237         0      0.92       210       416     0.194     0.445     0.217     0.271      1.64      1.75         0
   147/499     4.18G     0.672      0.22         0     0.892       223       416      0.32     0.473     0.288     0.381      1.58      1.66         0
   148/499     4.18G     0.682      0.23         0     0.911       178       416     0.237     0.451     0.265     0.311      1.67      1.74         0
   149/499     4.18G     0.761     0.234         0     0.995       150       416     0.238     0.525     0.323     0.328       1.6      1.69         0
   150/499     4.18G     0.745     0.232         0     0.977       243       416     0.204     0.455     0.253     0.281      1.65       1.8         0
   151/499     4.18G     0.673      0.22         0     0.893       233       416     0.236     0.505     0.279     0.322      1.62      1.85         0
   152/499     4.18G     0.658     0.225         0     0.883       232       416     0.277     0.521     0.306     0.362       1.6      1.77         0
   153/499     4.18G     0.643     0.214         0     0.856       234       416     0.184     0.435     0.196     0.259      1.65      1.81         0
   154/499     4.18G     0.636     0.201         0     0.837       176       416     0.228      0.49      0.23     0.311      1.62       1.8         0
   155/499     4.18G     0.609     0.211         0      0.82       206       416     0.266     0.521      0.28     0.352      1.58      1.77         0
   156/499     4.18G      0.62     0.205         0     0.825       219       416     0.201     0.436     0.195     0.275      1.66      1.83         0
   157/499     4.18G     0.666     0.209         0     0.875       205       416      0.26      0.47     0.269     0.335      1.65      1.79         0
   158/499     4.18G     0.648     0.213         0     0.861       254       416     0.214     0.484     0.261     0.297      1.64      1.68         0
   159/499     4.18G     0.646     0.205         0     0.852       247       416     0.263     0.551     0.307     0.356      1.57      1.69         0
   160/499     4.18G      0.63     0.198         0     0.828       219       416     0.246     0.543     0.309     0.339      1.57      1.73         0
   161/499     4.18G     0.635     0.217         0     0.852       212       416     0.237     0.501     0.283     0.322      1.62      1.66         0
   162/499     4.18G     0.607     0.197         0     0.804       234       416     0.224     0.534     0.283     0.315      1.55      1.73         0
   163/499     4.18G     0.595     0.207         0     0.802       302       416     0.229     0.531     0.288      0.32      1.59      1.74         0
   164/499     4.18G     0.563     0.196         0     0.759       153       416     0.233     0.531     0.293     0.324       1.6       1.7         0
   165/499     4.18G     0.615     0.201         0     0.816       261       416     0.409     0.526     0.378      0.46      1.57      1.63         0
   166/499     4.18G     0.613     0.211         0     0.824       264       416     0.225     0.437     0.234     0.297      1.72      1.63         0
   167/499     4.18G     0.617     0.223         0     0.839       229       416     0.329     0.537     0.333     0.408      1.63       1.6         0
   168/499     4.18G     0.591     0.195         0     0.786       138       416     0.287      0.61     0.356      0.39      1.46      1.52         0
   169/499     4.18G     0.593     0.203         0     0.797       272       416     0.235     0.481     0.257     0.315      1.63      1.51         0
   170/499     4.18G     0.583     0.195         0     0.778       182       416     0.225     0.458     0.248     0.302      1.65       1.5         0
   171/499     4.18G     0.605     0.195         0       0.8       172       416     0.254     0.476     0.283     0.331      1.63      1.53         0
   172/499     4.18G     0.601     0.193         0     0.794       207       416      0.21     0.474     0.249     0.291      1.62      1.66         0
   173/499     4.18G     0.566     0.191         0     0.757       188       416     0.216     0.496     0.254     0.301      1.63      1.73         0
   174/499     4.18G      0.59     0.186         0     0.775       221       416     0.312     0.529     0.314     0.393      1.56      1.68         0
   175/499     4.18G     0.576     0.196         0     0.771       183       416     0.234     0.511     0.253     0.321      1.57      1.69         0
   176/499     4.18G     0.631     0.206         0     0.837       228       416     0.264     0.579     0.321     0.363      1.52      1.69         0
   177/499     4.18G     0.615     0.188         0     0.803       221       416     0.283     0.532     0.286      0.37      1.59      1.78         0
   178/499     4.18G     0.585     0.201         0     0.786       200       416     0.224     0.495     0.274     0.309      1.59      1.81         0
   179/499     4.18G     0.624     0.187         0     0.811       204       416     0.191     0.501     0.248     0.277       1.6       1.8         0
   180/499     4.18G     0.632     0.191         0     0.823       213       416     0.222     0.509     0.272     0.309      1.61      1.69         0
   181/499     4.18G     0.614     0.187         0     0.801       218       416     0.256     0.481     0.291     0.334      1.62      1.66         0
   182/499     4.18G     0.634      0.19         0     0.824       247       416     0.185      0.49     0.223     0.268      1.64      1.74         0
   183/499     4.18G     0.588     0.196         0     0.783       207       416     0.196     0.507     0.253     0.283      1.64      1.68         0
   184/499     4.18G      0.65     0.199         0     0.849       207       416      0.36     0.493     0.326     0.416      1.62      1.64         0
   185/499     4.18G     0.603     0.181         0     0.784       237       416      0.33     0.555     0.374     0.414      1.56      1.52         0
   186/499     4.18G     0.587     0.196         0     0.783       194       416     0.271     0.588     0.368     0.371      1.59      1.54         0
   187/499     4.18G     0.606     0.192         0     0.798       197       416      0.31     0.562     0.323     0.399       1.6      1.57         0
   188/499     4.18G     0.586     0.177         0     0.763       177       416     0.244     0.517     0.226     0.332      1.58       1.7         0
   189/499     4.18G     0.598     0.188         0     0.786       154       416     0.298     0.558     0.327     0.388      1.56      1.67         0
   190/499     4.18G     0.576     0.178         0     0.754       218       416     0.244     0.533     0.282     0.334       1.6      1.74         0
   191/499     4.18G     0.601     0.174         0     0.775       224       416     0.291     0.597     0.349     0.392      1.55      1.75         0
   192/499     4.18G     0.515     0.194         0     0.709       200       416      0.31     0.626     0.409     0.415      1.52      1.63         0
   193/499     4.18G     0.546      0.18         0     0.726       172       416     0.357     0.635     0.453     0.457      1.52      1.53         0
   194/499     4.18G     0.565     0.191         0     0.756       239       416     0.322     0.583     0.364     0.415      1.55      1.53         0
   195/499     4.18G     0.595     0.187         0     0.782       215       416     0.275     0.532     0.297     0.363      1.59      1.59         0
   196/499     4.18G     0.572     0.189         0     0.761       278       416     0.293     0.538     0.323     0.379      1.59      1.51         0
   197/499     4.18G     0.563     0.179         0     0.742       241       416     0.326     0.532     0.332     0.404      1.57      1.47         0
   198/499     4.18G     0.573     0.189         0     0.762       203       416     0.292     0.496     0.295     0.368       1.6      1.53         0
   199/499     4.18G     0.621     0.188         0     0.809       256       416     0.281     0.524     0.299     0.366      1.59      1.57         0
   200/499     4.18G     0.552     0.176         0     0.728       190       416     0.275     0.502     0.274     0.355      1.62      1.56         0
   201/499     4.18G      0.55     0.178         0     0.728       137       416     0.237     0.475      0.25     0.316      1.64      1.66         0
   202/499     4.18G     0.608     0.178         0     0.786       254       416     0.338     0.608     0.382     0.435      1.53      1.58         0
   203/499     4.18G      0.55      0.17         0     0.721       214       416     0.234     0.534     0.293     0.326      1.61      1.57         0
   204/499     4.18G     0.572     0.176         0     0.748       234       416     0.302     0.508     0.292     0.379      1.61      1.54         0
   205/499     4.18G     0.551     0.181         0     0.732       263       416     0.285     0.585     0.345     0.384      1.53      1.52         0
   206/499     4.18G     0.553      0.18         0     0.732       201       416     0.252      0.56     0.322     0.348       1.6      1.58         0
   207/499     4.18G     0.521     0.182         0     0.703       250       416     0.339     0.607     0.419     0.435       1.5      1.45         0
   208/499     4.18G     0.558     0.188         0     0.745       253       416     0.254     0.573     0.353     0.352      1.55      1.52         0
   209/499     4.18G     0.575     0.183         0     0.758       258       416     0.286     0.555     0.335     0.378       1.6      1.53         0
   210/499     4.18G     0.589     0.184         0     0.772       185       416     0.278     0.587     0.364     0.377      1.53      1.57         0
   211/499     4.18G      0.57     0.191         0      0.76       201       416     0.324     0.571     0.364     0.413      1.56      1.59         0
   212/499     4.18G     0.541     0.178         0      0.72       191       416     0.282     0.576     0.324     0.379      1.53      1.63         0
   213/499     4.18G     0.578     0.187         0     0.765       207       416     0.342     0.534      0.36     0.417      1.57      1.59         0
   214/499     4.18G      0.51      0.19         0     0.699       229       416     0.278     0.526     0.299     0.364      1.61      1.58         0
   215/499     4.18G     0.524     0.181         0     0.706       230       416     0.356      0.58     0.382     0.442      1.52      1.42         0
   216/499     4.18G     0.536      0.18         0     0.716       237       416     0.276     0.537     0.306     0.364       1.6      1.42         0
   217/499     4.18G     0.536     0.168         0     0.704       198       416     0.249     0.504     0.271     0.333      1.58      1.49         0
   218/499     4.18G     0.577     0.185         0     0.761       238       416     0.249     0.546     0.298     0.342      1.57      1.56         0
   219/499     4.18G     0.603     0.175         0     0.778       297       416     0.235     0.507     0.278     0.321      1.65      1.61         0
   220/499     4.18G     0.549     0.166         0     0.715       267       416     0.325     0.626     0.439     0.428      1.48      1.35         0
   221/499     4.18G     0.606     0.188         0     0.794       260       416     0.341     0.647      0.42     0.446      1.44      1.46         0
   222/499     4.18G     0.544     0.188         0     0.731       245       416     0.336     0.524     0.311     0.409      1.57      1.65         0
   223/499     4.18G     0.575     0.285         0      0.86       230       416     0.286     0.548     0.333     0.376      1.59      1.66         0
   224/499     4.18G     0.603     0.198         0     0.801       242       416     0.258      0.55     0.316     0.351      1.53      1.53         0
   225/499     4.18G     0.611      0.19         0     0.801       243       416     0.281     0.497     0.302     0.359      1.61      1.56         0
   226/499     4.18G     0.642     0.196         0     0.838       274       416     0.302     0.507     0.322     0.378      1.64      1.58         0
   227/499     4.18G     0.579      0.19         0      0.77       214       416     0.306     0.564     0.352     0.397      1.54      1.59         0
   228/499     4.18G     0.582     0.193         0     0.776       157       416     0.336      0.59     0.401     0.428       1.5      1.59         0
   229/499     4.18G     0.564     0.173         0     0.737       144       416     0.319      0.53     0.327     0.399      1.61      1.58         0
   230/499     4.18G     0.597     0.183         0     0.779       286       416     0.224     0.553     0.328     0.319      1.56      1.56         0
   231/499     4.18G     0.574     0.181         0     0.754       184       416       0.2     0.567     0.297     0.296      1.53      1.57         0
   232/499     4.18G     0.559      0.18         0     0.739       148       416     0.255     0.593     0.346     0.357      1.57      1.51         0
   233/499     4.18G     0.554     0.176         0     0.729       189       416     0.339       0.6     0.392     0.433      1.54      1.41         0
   234/499     4.18G      0.52     0.173         0     0.694       257       416     0.398     0.596     0.403     0.477      1.51      1.37         0
   235/499     4.18G     0.565     0.178         0     0.743       191       416     0.343     0.572     0.383     0.428      1.55      1.41         0
   236/499     4.18G     0.566     0.187         0     0.754       286       416     0.272     0.523     0.308     0.358      1.58      1.53         0
   237/499     4.18G     0.568     0.185         0     0.753       197       416     0.322     0.579     0.376     0.414      1.54      1.51         0
   238/499     4.18G     0.565     0.175         0      0.74       193       416     0.247     0.594     0.358     0.349      1.56      1.55         0
   239/499     4.18G     0.574     0.181         0     0.755       238       416     0.395     0.586     0.428     0.472      1.56      1.52         0
   240/499     4.18G     0.549     0.168         0     0.717       188       416     0.318     0.609     0.405     0.418      1.51      1.43         0
   241/499     4.18G     0.563     0.163         0     0.726       168       416     0.333     0.642     0.448     0.439      1.48       1.4         0
   242/499     4.18G     0.552     0.186         0     0.738       252       416     0.324     0.608     0.405     0.423      1.54      1.61         0
   243/499     4.18G     0.583     0.166         0     0.748       255       416     0.325     0.603     0.412     0.422      1.51      1.54         0
   244/499     4.18G     0.533     0.165         0     0.698       157       416     0.363     0.548     0.354     0.437      1.54      1.47         0
   245/499     4.18G     0.563     0.183         0     0.746       249       416     0.368     0.505     0.342     0.426      1.58       1.6         0
   246/499     4.18G     0.532     0.182         0     0.713       148       416     0.282     0.589     0.356     0.382      1.56      1.56         0
   247/499     4.18G     0.548     0.176         0     0.723       187       416     0.298     0.608     0.387       0.4      1.55      1.45         0
   248/499     4.18G     0.519     0.174         0     0.693       193       416     0.396     0.583     0.411     0.472      1.53      1.41         0
   249/499     4.18G     0.543     0.184         0     0.728       256       416     0.296     0.504     0.295     0.373      1.64      1.64         0
   250/499     4.18G     0.589     0.172         0     0.762       222       416     0.335     0.555     0.353     0.418      1.56      1.44         0
   251/499     4.18G     0.537     0.183         0      0.72       205       416     0.316     0.576     0.372     0.408      1.55      1.51         0
   252/499     4.18G     0.522      0.16         0     0.682       186       416      0.31     0.564     0.347       0.4      1.57      1.53         0
   253/499     4.18G     0.553     0.178         0     0.731       266       416     0.357     0.588     0.375     0.444      1.52      1.52         0
   254/499     4.18G     0.597     0.172         0     0.768       271       416     0.233      0.51     0.292      0.32      1.62      1.53         0
   255/499     4.18G     0.586     0.177         0     0.763       200       416     0.216     0.531     0.266     0.307      1.56      1.52         0
   256/499     4.18G     0.527     0.178         0     0.705       185       416     0.309     0.619     0.355     0.412      1.52      1.47         0
   257/499     4.18G     0.574     0.175         0     0.749       171       416     0.274     0.582     0.335     0.373      1.55      1.72         0
   258/499     4.18G     0.605     0.175         0     0.779       244       416      0.27     0.557     0.328     0.364      1.55      1.67         0
   259/499     4.18G     0.595     0.176         0      0.77       241       416     0.225     0.483     0.241     0.307      1.66      1.67         0
   260/499     4.18G     0.619     0.179         0     0.798       333       416     0.324     0.553     0.341     0.409      1.59      1.56         0
   261/499     4.18G     0.595     0.181         0     0.775       210       416     0.294     0.486     0.297     0.367      1.66      1.55         0
   262/499     4.18G     0.565      0.17         0     0.735       302       416     0.311     0.557     0.339     0.399      1.58      1.49         0
   263/499     4.18G      0.55     0.205         0     0.755       265       416     0.248     0.613     0.363     0.353      1.51      1.51         0
   264/499     4.18G     0.552     0.177         0     0.728       237       416     0.322     0.566     0.345     0.411      1.56      1.44         0
   265/499     4.18G     0.542     0.181         0     0.722       162       416     0.337     0.548     0.336     0.417      1.55      1.53         0
   266/499     4.18G     0.524      0.17         0     0.693       249       416     0.278     0.524     0.296     0.363      1.61      1.62         0
   267/499     4.18G     0.519     0.168         0     0.687       277       416     0.251      0.52     0.277     0.338      1.63      1.65         0
   268/499     4.18G     0.546     0.172         0     0.718       170       416     0.343     0.591       0.4     0.434      1.58      1.53         0
   269/499     4.18G     0.536     0.179         0     0.715       232       416      0.25     0.503     0.255     0.334      1.65      1.64         0
   270/499     4.18G     0.526     0.176         0     0.702       262       416     0.318     0.545      0.32     0.402      1.66      1.57         0
   271/499     4.18G     0.547     0.169         0     0.717       176       416     0.307     0.547     0.309     0.394      1.61      1.53         0
   272/499     4.18G     0.562     0.171         0     0.734       268       416     0.334     0.573     0.369     0.422      1.57      1.54         0
   273/499     4.18G     0.534     0.181         0     0.715       255       416     0.333     0.591     0.404     0.426      1.58      1.56         0
   274/499     4.18G     0.509      0.18         0     0.689       153       416     0.345     0.574     0.384     0.431      1.63      1.53         0
   275/499     4.18G     0.568     0.178         0     0.747       247       416     0.373     0.621      0.45     0.466      1.55      1.45         0
   276/499     4.18G      0.55     0.167         0     0.717       173       416     0.275     0.601      0.36     0.377      1.57      1.62         0
   277/499     4.18G     0.598     0.179         0     0.777       212       416     0.362     0.584     0.419     0.447      1.56      1.55         0
   278/499     4.18G     0.557     0.177         0     0.734       195       416     0.392     0.603     0.421     0.475      1.54      1.58         0
   279/499     4.18G     0.531     0.173         0     0.704       233       416     0.386     0.555     0.347     0.456      1.56      1.54         0
   280/499     4.18G     0.555     0.178         0     0.733       244       416      0.36     0.608     0.396     0.452      1.53       1.5         0
   281/499     4.18G     0.568     0.177         0     0.745       250       416     0.335     0.569     0.338     0.421      1.55      1.56         0
   282/499     4.18G     0.561     0.179         0      0.74       175       416     0.402     0.478     0.302     0.437      1.62       1.7         0
   283/499     4.18G     0.546     0.186         0     0.732       201       416     0.364     0.567     0.398     0.444       1.6      1.66         0
   284/499     4.18G     0.528     0.184         0     0.712       215       416      0.26     0.514     0.277     0.345      1.62      1.69         0
   285/499     4.18G      0.51     0.178         0     0.688       183       416     0.268     0.526     0.291     0.355      1.59      1.71         0
   286/499     4.18G     0.546     0.178         0     0.725       341       416     0.416     0.567     0.372      0.48      1.51      1.56         0
   287/499     4.18G     0.545     0.175         0      0.72       240       416     0.337      0.54     0.326     0.415      1.56      1.57         0
   288/499     4.18G     0.545      0.17         0     0.715       178       416     0.321       0.6     0.352     0.418      1.52      1.54         0
   289/499     4.18G     0.532     0.173         0     0.705       290       416     0.272      0.51     0.276     0.355       1.6      1.59         0
   290/499     4.18G     0.521     0.163         0     0.685       216       416     0.345      0.51     0.282     0.412       1.6       1.6         0
   291/499     4.18G      0.52     0.172         0     0.692       169       416     0.277      0.57     0.305     0.373      1.59      1.69         0
   292/499     4.18G     0.548     0.164         0     0.711       257       416     0.335     0.533     0.313     0.411      1.58      1.71         0
   293/499     4.18G     0.559     0.165         0     0.724       203       416     0.386       0.6     0.391      0.47      1.51      1.55         0
   294/499     4.18G     0.547     0.165         0     0.712       275       416     0.295     0.526     0.312     0.378      1.63      1.67         0
   295/499     4.18G      0.52     0.181         0     0.701       200       416      0.34     0.492     0.316     0.402      1.64      1.66         0
   296/499     4.18G     0.538     0.165         0     0.703       238       416     0.279     0.529     0.291     0.365       1.6      1.69         0
   297/499     4.18G     0.522     0.163         0     0.685       175       416     0.311     0.551     0.327     0.398       1.6      1.65         0
   298/499     4.18G      0.53     0.171         0       0.7       202       416     0.395     0.522     0.358      0.45      1.57      1.57         0
   299/499     4.18G     0.514     0.173         0     0.687       354       416     0.314     0.573     0.335     0.405      1.55      1.49         0
   300/499     4.18G      0.55     0.166         0     0.716       113       416     0.304     0.599     0.323     0.403      1.54       1.5         0
   301/499     4.18G     0.522     0.156         0     0.678       185       416     0.237     0.567     0.285     0.334      1.54      1.57         0
   302/499     4.18G     0.565     0.166         0     0.731       196       416     0.258     0.561     0.275     0.354      1.57       1.6         0
   303/499     4.18G     0.529     0.177         0     0.706       167       416     0.289     0.598     0.322      0.39      1.54      1.54         0
   304/499     4.18G     0.524     0.164         0     0.688       274       416     0.326     0.587     0.352     0.419      1.55      1.57         0
   305/499     4.18G     0.527     0.185         0     0.712       247       416     0.263     0.519     0.262     0.349      1.61      1.61         0
   306/499     4.18G     0.502     0.175         0     0.677       247       416       0.3     0.568     0.324     0.392      1.57      1.56         0
   307/499     4.18G      0.51     0.161         0     0.671       197       416     0.293     0.605      0.38     0.395      1.54      1.52         0
   308/499     4.18G     0.533      0.17         0     0.704       250       416     0.289     0.529     0.277     0.374      1.59      1.53         0
   309/499     4.18G     0.522     0.165         0     0.687       201       416     0.252     0.499      0.24     0.334      1.61      1.57         0
   310/499     4.18G     0.515     0.172         0     0.687       222       416      0.23     0.507     0.253     0.317      1.63      1.62         0
   311/499     4.18G     0.551     0.168         0     0.719       208       416     0.288      0.53      0.31     0.373       1.6      1.57         0
   312/499     4.18G     0.511     0.157         0     0.668       306       416     0.278     0.506     0.299     0.359      1.63      1.68         0
   313/499     4.18G     0.534     0.165         0     0.699       209       416     0.307     0.536     0.335     0.391      1.61      1.65         0
   314/499     4.18G     0.529     0.168         0     0.698       241       416     0.294     0.543     0.322     0.382      1.63      1.59         0
   315/499     4.18G     0.572     0.168         0     0.741       169       416     0.252     0.575     0.326     0.351      1.53      1.53         0
   316/499     4.18G     0.556      0.17         0     0.726       227       416     0.348     0.595     0.386     0.439      1.56      1.34         0
   317/499     4.18G     0.554     0.174         0     0.727       251       416     0.337     0.535     0.337     0.414      1.61      1.34         0
   318/499     4.18G     0.508     0.173         0     0.681       236       416     0.319     0.544     0.331     0.402      1.62      1.51         0
   319/499     4.18G     0.532     0.166         0     0.698       204       416     0.338     0.557     0.351      0.42      1.61      1.55         0
   320/499     4.18G     0.525     0.168         0     0.693       233       416     0.285      0.57     0.313      0.38      1.56       1.7         0
   321/499     4.18G     0.546     0.166         0     0.712       229       416     0.351     0.615     0.348     0.447       1.5      1.54         0
   322/499     4.18G     0.534      0.17         0     0.704       170       416      0.26     0.568     0.296     0.357      1.54      1.48         0
   323/499     4.18G     0.526     0.172         0     0.697       192       416      0.32     0.553     0.345     0.406      1.57      1.58         0
   324/499     4.18G     0.588     0.166         0     0.755       226       416      0.29     0.555     0.336     0.381       1.6       1.6         0
   325/499     4.18G     0.533     0.163         0     0.696       256       416     0.377     0.529     0.348     0.441      1.59      1.56         0
   326/499     4.18G     0.566     0.161         0     0.726       205       416     0.265     0.523     0.295     0.352      1.58      1.51         0
   327/499     4.18G     0.555     0.155         0      0.71       254       416     0.232     0.524     0.259     0.322       1.6      1.51         0
   328/499     4.18G     0.516      0.17         0     0.686       215       416     0.284     0.552     0.293     0.375      1.57      1.52         0
   329/499     4.18G     0.542     0.158         0       0.7       203       416     0.355     0.577     0.373     0.439      1.53      1.53         0
   330/499     4.18G      0.54      0.17         0      0.71       228       416     0.378     0.587     0.382      0.46      1.53      1.63         0
   331/499     4.18G     0.559       0.2         0     0.759       233       416     0.442     0.592     0.407     0.506      1.51      1.53         0
   332/499     4.18G     0.516     0.161         0     0.677       251       416     0.249     0.513     0.253     0.335      1.63      1.64         0
   333/499     4.18G     0.554     0.174         0     0.728       152       416     0.373      0.51     0.318     0.431      1.61      1.61         0
   334/499     4.18G     0.527      0.16         0     0.687       163       416     0.372     0.514     0.322     0.432       1.6       1.5         0
   335/499     4.18G     0.513      0.17         0     0.683       177       416     0.332     0.527     0.334     0.407      1.61      1.57         0
   336/499     4.18G     0.532     0.172         0     0.704       186       416     0.286     0.519     0.297     0.369      1.61      1.62         0
   337/499     4.18G     0.531      0.16         0     0.691       275       416     0.402     0.517     0.341     0.452      1.59      1.67         0
   338/499     4.18G     0.534     0.167         0     0.702       211       416     0.343     0.515     0.302     0.411      1.59      1.55         0
   339/499     4.18G     0.516     0.149         0     0.665       188       416     0.352     0.562     0.328     0.433      1.57      1.53         0
   340/499     4.18G     0.467     0.159         0     0.626       212       416     0.376     0.544      0.35     0.445       1.6      1.52         0
   341/499     4.18G     0.519     0.163         0     0.683       171       416     0.335     0.467     0.268      0.39      1.69      1.53         0
   342/499     4.18G     0.483     0.161         0     0.644       235       416     0.278     0.484     0.243     0.353      1.61      1.51         0
   343/499     4.18G     0.492     0.165         0     0.658       368       416     0.276     0.428     0.218     0.336      1.67      1.64         0
   344/499     4.18G     0.524     0.166         0      0.69       227       416     0.284     0.496      0.26     0.361      1.65      1.66         0
   345/499     4.18G     0.517     0.169         0     0.686       278       416     0.381     0.524     0.343     0.441      1.58      1.61         0
   346/499     4.18G     0.525      0.16         0     0.685       271       416     0.394     0.554     0.363     0.461      1.58      1.59         0
   347/499     4.18G     0.499     0.157         0     0.656       185       416     0.294     0.595     0.346     0.393      1.58      1.62         0
   348/499     4.18G     0.539     0.162         0     0.701       249       416     0.397     0.606     0.378      0.48      1.51      1.53         0
   349/499     4.18G     0.555     0.156         0     0.711       230       416     0.347     0.589     0.324     0.437      1.46      1.46         0
   350/499     4.18G     0.525     0.161         0     0.686       204       416     0.282     0.522     0.273     0.366      1.61      1.57         0
   351/499     4.18G     0.502     0.165         0     0.667       210       416     0.304     0.561     0.326     0.394      1.56      1.58         0
   352/499     4.18G     0.491     0.164         0     0.655       219       416     0.282     0.571     0.316     0.378      1.56      1.61         0
   353/499     4.18G     0.537     0.172         0     0.708       233       416      0.31       0.5      0.28     0.383      1.58      1.73         0
   354/499     4.18G     0.544     0.165         0     0.708       216       416     0.355     0.507     0.294     0.418       1.6      1.79         0
   355/499     4.18G     0.553     0.159         0     0.712       216       416     0.283     0.541     0.289     0.371      1.61      1.62         0
   356/499     4.18G     0.538     0.166         0     0.704       266       416      0.29     0.594     0.346      0.39      1.58      1.56         0
   357/499     4.18G      0.56     0.166         0     0.727       213       416     0.307     0.602     0.362     0.406      1.54      1.54         0
   358/499     4.18G     0.548     0.176         0     0.724       168       416     0.105     0.323    0.0505     0.158      1.85      2.97         0
   359/499     4.18G     0.623     0.181         0     0.804       163       416     0.257     0.573      0.32     0.355      1.63      1.91         0
   360/499     4.18G     0.578     0.177         0     0.755       193       416     0.325     0.546     0.308     0.408      1.59      1.73         0
   361/499     4.18G     0.564     0.184         0     0.749       181       416     0.208     0.486     0.213     0.291      1.65      1.96         0
   362/499     4.18G     0.573     0.205         0     0.779       207       416     0.258     0.533     0.265     0.348      1.59      1.59         0
   363/499     4.18G     0.567     0.186         0     0.753       196       416     0.365     0.588     0.369      0.45      1.51      1.64         0
   364/499     4.18G     0.583     0.195         0     0.777       191       416      0.31     0.488     0.296     0.379      1.65      1.78         0
   365/499     4.18G     0.593     0.176         0     0.769       213       416     0.354     0.535     0.336     0.426      1.58      1.64         0
   366/499     4.18G     0.595     0.176         0      0.77       208       416     0.421     0.577     0.405     0.487      1.56      1.55         0
   367/499     4.18G     0.541     0.182         0     0.723       223       416     0.341     0.621     0.406     0.441      1.51      1.46         0
   368/499     4.18G     0.521     0.173         0     0.694       221       416     0.288     0.573     0.314     0.383      1.57      1.57         0
   369/499     4.18G     0.529     0.178         0     0.707       282       416     0.336     0.549     0.336     0.417      1.56      1.58         0
   370/499     4.18G     0.574     0.192         0     0.766       271       416     0.347     0.562     0.326     0.429      1.57      1.72         0
   371/499     4.18G     0.569     0.173         0     0.741       217       416      0.27     0.528      0.26     0.357      1.57      1.73         0
   372/499     4.18G     0.538     0.165         0     0.703       202       416      0.26     0.551     0.257     0.353       1.6      1.68         0
   373/499     4.18G     0.526     0.179         0     0.705       177       416     0.328     0.576     0.349     0.418      1.53      1.45         0
   374/499     4.18G     0.544     0.186         0      0.73       203       416     0.312     0.561      0.34     0.401      1.57      1.52         0
   375/499     4.18G     0.511     0.163         0     0.674       162       416     0.272      0.59     0.352     0.373      1.57      1.56         0
   376/499     4.18G     0.555     0.167         0     0.721       194       416     0.279     0.598     0.351      0.38      1.57       1.5         0
   377/499     4.18G     0.529     0.171         0     0.699       213       416     0.329     0.589     0.361     0.422      1.53      1.48         0
   378/499     4.18G     0.553     0.183         0     0.735       264       416     0.333     0.542     0.318     0.412      1.59      1.54         0
   379/499     4.18G     0.512     0.173         0     0.685       185       416     0.271     0.501      0.25     0.352       1.6      1.57         0
   380/499     4.18G     0.518     0.158         0     0.676       228       416     0.292     0.539     0.283     0.379       1.6       1.5         0
   381/499     4.18G     0.484     0.157         0      0.64       235       416     0.326     0.576     0.325     0.417      1.54      1.49         0
   382/499     4.18G      0.49     0.164         0     0.654       184       416     0.332     0.594     0.329     0.426      1.54      1.49         0
   383/499     4.18G      0.51     0.162         0     0.672       231       416     0.277      0.58     0.305     0.375      1.53      1.54         0
   384/499     4.18G      0.51     0.165         0     0.676       196       416     0.304     0.566     0.305     0.395      1.56      1.46         0
   385/499     4.18G     0.514      0.17         0     0.683       253       416     0.345     0.541     0.307     0.421      1.59      1.62         0
   386/499     4.18G      0.53     0.171         0     0.701       269       416     0.358     0.575     0.339     0.441      1.53      1.56         0
   387/499     4.18G     0.522      0.15         0     0.671       183       416     0.264     0.564     0.293      0.36      1.58      1.61         0
   388/499     4.18G     0.571      0.17         0     0.741       186       416     0.277     0.563     0.333     0.371      1.62      1.63         0
   389/499     4.18G     0.538      0.17         0     0.708       237       416     0.403     0.562      0.39     0.469      1.56      1.58         0
   390/499     4.18G     0.519     0.151         0      0.67       244       416     0.397     0.605     0.416     0.479      1.51      1.45         0
   391/499     4.18G     0.541     0.167         0     0.708       233       416     0.393     0.614     0.388      0.48      1.49       1.5         0
   392/499     4.18G     0.561     0.164         0     0.725       192       416     0.358     0.562     0.372     0.437      1.54      1.49         0
   393/499     4.18G     0.526     0.171         0     0.697       215       416     0.338      0.59     0.384      0.43      1.55      1.41         0
   394/499     4.18G     0.535     0.161         0     0.696       156       416     0.358     0.648     0.438     0.461      1.52      1.38         0
   395/499     4.18G     0.496     0.161         0     0.657       196       416     0.371     0.593     0.411     0.456      1.53       1.4         0
   396/499     4.18G     0.529     0.171         0       0.7       224       416      0.36     0.522     0.349     0.427      1.63      1.56         0
   397/499     4.18G     0.512     0.157         0     0.669       267       416     0.357     0.599     0.362     0.447      1.56      1.44         0
   398/499     4.18G     0.518     0.177         0     0.696       256       416     0.338     0.572     0.316     0.425      1.56      1.35         0
   399/499     4.18G     0.532     0.153         0     0.685       203       416     0.385     0.574     0.356     0.461      1.52      1.35         0
   400/499     4.18G     0.483     0.163         0     0.646       195       416     0.353      0.52     0.309      0.42      1.61       1.5         0
   401/499     4.18G     0.563     0.161         0     0.724       253       416     0.311     0.555     0.332     0.398      1.58      1.54         0
   402/499     4.18G     0.493      0.16         0     0.653       221       416     0.288     0.548     0.305     0.378      1.55      1.63         0
   403/499     4.18G     0.504     0.167         0     0.671       234       416     0.402     0.563     0.375     0.469      1.59      1.64         0
   404/499     4.18G     0.486     0.154         0      0.64       200       416     0.361      0.59     0.374     0.448      1.57      1.63         0
   405/499     4.18G      0.53     0.152         0     0.681       253       416     0.358     0.616     0.412     0.453      1.52      1.47         0
   406/499     4.18G     0.529     0.159         0     0.688       271       416     0.307     0.601     0.333     0.406      1.54      1.48         0
   407/499     4.18G     0.522     0.168         0     0.689       209       416     0.287     0.505      0.26     0.366      1.64       1.6         0
   408/499     4.18G     0.521     0.155         0     0.676       194       416     0.231     0.533      0.27     0.322      1.57      1.56         0
   409/499     4.18G     0.513     0.165         0     0.678       244       416     0.332     0.545     0.322     0.412      1.59      1.41         0
   410/499     4.18G       0.5     0.159         0     0.659       186       416     0.386     0.584     0.395     0.465      1.57      1.46         0
   411/499     4.18G     0.542     0.165         0     0.707       274       416     0.329     0.572     0.322     0.418      1.55      1.58         0
   412/499     4.18G     0.506     0.167         0     0.673       193       416     0.316     0.566      0.31     0.406       1.6      1.65         0
   413/499     4.18G     0.514      0.16         0     0.674       199       416      0.35     0.598     0.391     0.441      1.55      1.62         0
   414/499     4.18G     0.527     0.162         0     0.689       214       416     0.372     0.559     0.362     0.447      1.56      1.61         0
   415/499     4.18G     0.504     0.153         0     0.657       248       416     0.419     0.563     0.342      0.48      1.55       1.6         0
   416/499     4.18G     0.558     0.165         0     0.722       214       416     0.327      0.56     0.311     0.413      1.57      1.54         0
   417/499     4.18G      0.52     0.166         0     0.686       188       416      0.34     0.502     0.301     0.405      1.61      1.55         0
   418/499     4.18G     0.515     0.157         0     0.672       202       416     0.293     0.592     0.346     0.392      1.55      1.51         0
   419/499     4.18G      0.53     0.162         0     0.692       265       416     0.357     0.587     0.366     0.444      1.55      1.53         0
   420/499     4.18G     0.513     0.148         0     0.661       230       416     0.435     0.529     0.362     0.477      1.58      1.55         0
   421/499     4.18G     0.484     0.159         0     0.643       207       416     0.319     0.547     0.322     0.403      1.61      1.62         0
   422/499     4.18G     0.508     0.151         0     0.659       244       416     0.301     0.624     0.357     0.406      1.52      1.56         0
   423/499     4.18G     0.485     0.159         0     0.644       170       416      0.34     0.629      0.39     0.442      1.48      1.54         0
   424/499     4.18G     0.506     0.158         0     0.664       150       416     0.351     0.573     0.353     0.435      1.59      1.62         0
   425/499     4.18G     0.489     0.159         0     0.648       242       416     0.269     0.556     0.301     0.363       1.6      1.74         0
   426/499     4.18G     0.525     0.166         0     0.691       200       416     0.323     0.594     0.345     0.419      1.52      1.55         0
   427/499     4.18G     0.513     0.163         0     0.676       216       416     0.343     0.561     0.321     0.426      1.57      1.49         0
   428/499     4.18G     0.502     0.162         0     0.665       240       416     0.428     0.542     0.348     0.478      1.56      1.53         0
   429/499     4.18G     0.507     0.157         0     0.664       212       416     0.349     0.612     0.366     0.444      1.53       1.5         0
   430/499     4.18G     0.503     0.155         0     0.658       223       416     0.373     0.594     0.406     0.458      1.57      1.38         0
   431/499     4.18G     0.483      0.16         0     0.642       216       416     0.361     0.563     0.372      0.44      1.59      1.51         0
   432/499     4.18G     0.454     0.151         0     0.604       174       416     0.336     0.594     0.371     0.429      1.55      1.64         0
   433/499     4.18G     0.471     0.155         0     0.626       201       416     0.298     0.571     0.341     0.392      1.56      1.74         0
   434/499     4.18G     0.514     0.158         0     0.673       216       416     0.351     0.579     0.364     0.437      1.56      1.55         0
   435/499     4.18G      0.54     0.156         0     0.696       173       416     0.352      0.56      0.35     0.433      1.58      1.58         0
   436/499     4.18G     0.495     0.145         0      0.64       235       416     0.316     0.522     0.314     0.394      1.61      1.62         0
   437/499     4.18G     0.484     0.151         0     0.634       214       416     0.346     0.563     0.345     0.428      1.56      1.57         0
   438/499     4.18G     0.481      0.15         0     0.631       189       416     0.294     0.569     0.321     0.388      1.59      1.55         0
   439/499     4.18G     0.474     0.148         0     0.621       219       416     0.323      0.57     0.303     0.412      1.57      1.52         0
   440/499     4.18G     0.466     0.138         0     0.604       233       416     0.338     0.602     0.347     0.433      1.54      1.44         0
   441/499     4.18G     0.518     0.142         0     0.659       198       416     0.367     0.631     0.385     0.464      1.53      1.52         0
   442/499     4.18G     0.507     0.149         0     0.656       209       416     0.428     0.587     0.387     0.495      1.51      1.51         0
   443/499     4.18G     0.517     0.161         0     0.678       230       416     0.295     0.516     0.259     0.375      1.59      1.72         0
   444/499     4.18G     0.487     0.155         0     0.643       211       416     0.311     0.574     0.331     0.403      1.57      1.74         0
   445/499     4.18G     0.489      0.15         0     0.639       297       416     0.286     0.518     0.265     0.369      1.57       1.6         0
   446/499     4.18G     0.488     0.163         0      0.65       201       416     0.234     0.482     0.219     0.316      1.63      1.68         0
   447/499     4.18G     0.463     0.167         0      0.63       213       416     0.268     0.566     0.257     0.363      1.54      1.62         0
   448/499     4.18G     0.478     0.155         0     0.634       192       416     0.317     0.544     0.294       0.4      1.58      1.54         0
   449/499     4.18G     0.491     0.157         0     0.649       259       416     0.309     0.518     0.237     0.387       1.6      1.56         0
   450/499     4.18G     0.492     0.152         0     0.645       189       416      0.31     0.551     0.268     0.397      1.56      1.58         0
   451/499     4.18G     0.502     0.152         0     0.655       145       416     0.281     0.527     0.225     0.366       1.6      1.57         0
   452/499     4.18G     0.528      0.16         0     0.688       207       416     0.278     0.547     0.267     0.369      1.63      1.53         0
   453/499     4.18G      0.52     0.154         0     0.673       179       416     0.293     0.551     0.285     0.383      1.59      1.44         0
   454/499     4.18G     0.491     0.146         0     0.637       221       416     0.327     0.518     0.298     0.401      1.61      1.61         0
   455/499     4.18G      0.53     0.167         0     0.697       215       416     0.272     0.585     0.325     0.371      1.57      1.63         0
   456/499     4.18G     0.495     0.165         0      0.66       241       416     0.326     0.524     0.304     0.402      1.63       1.6         0
   457/499     4.18G     0.512     0.164         0     0.676       224       416      0.44     0.509      0.36     0.472       1.6      1.76         0
   458/499     4.18G     0.528     0.166         0     0.694       204       416     0.324     0.486     0.271     0.389      1.67      1.56         0
   459/499     4.18G     0.495     0.168         0     0.663       279       416     0.377      0.59     0.374      0.46      1.54      1.48         0
   460/499     4.18G     0.496      0.15         0     0.646       184       416      0.37     0.587     0.389     0.454      1.56      1.51         0
   461/499     4.18G     0.505     0.155         0     0.659       273       416     0.373     0.581     0.398     0.454      1.56      1.59         0
   462/499     4.18G     0.506     0.154         0      0.66       192       416     0.378     0.529     0.327     0.441       1.6      1.56         0
   463/499     4.18G     0.503     0.172         0     0.675       273       416     0.295     0.547     0.307     0.383      1.61      1.58         0
   464/499     4.18G     0.484     0.154         0     0.638       202       416     0.327     0.535     0.296     0.406      1.56      1.57         0
   465/499     4.18G     0.527      0.15         0     0.676       207       416     0.343     0.583     0.369     0.432      1.54      1.58         0
   466/499     4.18G     0.526      0.15         0     0.676       252       416     0.392     0.623     0.411     0.481      1.52      1.39         0
   467/499     4.18G     0.499     0.153         0     0.652       216       416     0.358     0.605     0.374      0.45      1.55      1.41         0
   468/499     4.18G     0.519     0.152         0      0.67       195       416     0.305     0.548     0.302     0.392      1.59       1.4         0
   469/499     4.18G     0.479     0.149         0     0.628       195       416     0.361     0.571     0.364     0.442      1.56      1.36         0
   470/499     4.18G     0.499     0.156         0     0.655       216       416     0.314     0.615     0.397     0.415      1.57      1.43         0
   471/499     4.18G     0.493     0.162         0     0.654       194       416     0.317      0.62     0.402     0.419      1.53      1.45         0
   472/499     4.18G     0.475      0.15         0     0.625       187       416     0.286     0.592     0.355     0.386      1.59      1.46         0
   473/499     4.18G     0.499     0.155         0     0.654       294       416     0.358     0.559     0.323     0.436      1.61      1.53         0
   474/499     4.18G     0.458     0.144         0     0.602       214       416     0.429     0.541     0.358     0.478      1.58      1.52         0
   475/499     4.18G     0.486     0.148         0     0.635       208       416     0.345     0.572     0.365      0.43      1.59      1.55         0
   476/499     4.18G     0.498     0.155         0     0.653       186       416     0.315     0.554      0.34     0.402      1.61      1.54         0
   477/499     4.18G     0.546     0.159         0     0.705       269       416     0.304     0.536     0.289     0.388       1.6      1.57         0
   478/499     4.18G     0.579     0.158         0     0.737       216       416     0.366     0.569     0.374     0.446      1.61      1.46         0
   479/499     4.18G     0.533     0.159         0     0.693       168       416     0.272     0.516     0.285     0.357      1.64      1.56         0
   480/499     4.18G      0.51     0.157         0     0.667       231       416     0.333      0.52     0.325     0.406      1.65      1.71         0
   481/499     4.18G     0.491     0.163         0     0.655       235       416     0.275     0.506     0.221     0.357      1.63       1.8         0
   482/499     4.18G     0.514     0.161         0     0.674       281       416     0.287     0.588      0.31     0.386      1.56       1.7         0
   483/499     4.18G     0.542     0.164         0     0.705       198       416     0.265     0.561     0.297      0.36      1.57      1.54         0
   484/499     4.18G     0.511     0.215         0     0.726       190       416     0.287      0.51     0.279     0.368      1.59      1.55         0
   485/499     4.18G     0.562     0.192         0     0.754       208       416     0.385     0.623     0.399     0.476       1.5      1.47         0
   486/499     4.18G     0.495     0.165         0      0.66       227       416     0.355     0.562     0.347     0.435      1.56      1.65         0
   487/499     4.18G     0.532     0.167         0     0.699       183       416     0.328     0.535     0.314     0.407      1.59      1.76         0
   488/499     4.18G     0.519     0.174         0     0.694       233       416      0.42     0.599     0.414     0.494      1.53      1.73         0
   489/499     4.18G     0.532     0.182         0     0.714       243       416     0.357     0.622     0.413     0.454      1.49      1.61         0
   490/499     4.18G      0.55     0.178         0     0.727       294       416     0.392     0.613     0.426     0.478      1.54      1.56         0
   491/499     4.18G     0.562     0.156         0     0.718       165       416     0.318     0.571     0.348     0.409      1.56      1.54         0
   492/499     4.18G     0.555     0.164         0     0.719       202       416     0.298     0.562      0.34      0.39       1.6      1.68         0
   493/499     4.18G       0.6     0.166         0     0.765       193       416      0.28     0.599     0.338     0.381      1.55      1.77         0
   494/499     4.18G     0.555     0.164         0     0.719       271       416     0.333     0.645     0.436      0.44      1.55      1.67         0
   495/499     4.18G     0.564     0.159         0     0.722       206       416     0.346     0.621     0.415     0.445      1.57      1.53         0
   496/499     4.18G     0.506     0.159         0     0.664       190       416     0.335     0.656     0.401     0.443      1.51      1.43         0
   497/499     4.18G     0.549     0.162         0     0.711       245       416     0.278     0.561       0.3     0.372      1.57      1.45         0
   498/499     4.18G     0.506     0.155         0     0.661       162       416     0.345     0.537     0.309      0.42      1.61      1.57         0
   499/499     4.18G     0.488     0.154         0     0.642       263       416     0.256     0.596     0.376     0.358      1.58      1.54         0
