       0/9     2.38G      2.15       1.2         0      3.36         4       416     0.452     0.448     0.283      0.45      1.37     0.828         0
       1/9     2.38G      1.53     0.922         0      2.45         3       416     0.528     0.602     0.444     0.562      1.15     0.679         0
       2/9     2.38G      1.38     0.823         0      2.21        12       416     0.549     0.694     0.518     0.613      1.06     0.608         0
       3/9     2.38G      1.29     0.776         0      2.07         6       416     0.556     0.735     0.573     0.633      1.02     0.573         0
       4/9     2.38G      1.21     0.726         0      1.94         8       416     0.575     0.761     0.616     0.655     0.969     0.537         0
       5/9     2.38G      1.16     0.699         0      1.86         5       416      0.59     0.763     0.625     0.666      0.95     0.527         0
       6/9     2.38G      1.13     0.673         0      1.81         7       416     0.569     0.801     0.657     0.665     0.902     0.506         0
       7/9     2.38G       1.1     0.659         0      1.76         5       416      0.57     0.809     0.645     0.669     0.887     0.503         0
       8/9     2.38G      1.08     0.642         0      1.72         7       416     0.612     0.798     0.658     0.693     0.866     0.482         0
       9/9     2.38G      1.04     0.627         0      1.66         3       416    0.0908      0.91     0.706     0.165      0.84     0.473         0
