     0/299     4.18G      2.02      31.1         0      33.1       203       416   0.00406   0.00297   2.1e-05   0.00343      3.26       nan         0
     1/299     4.18G      1.85      29.1         0        31       286       416         0         0         0         0      3.26       nan         0
     2/299     4.18G      1.68      28.6         0      30.3       230       416         0         0         0         0      3.26       nan         0
     3/299     4.18G       1.7      28.1         0      29.8       185       416  0.000108  0.000594   2.5e-05  0.000183      1.82      27.9         0
     4/299     4.18G       1.6      27.6         0      29.2       226       416    0.0112     0.064   0.00788    0.0191      1.82      27.2         0
     5/299     4.18G      1.61        27         0      28.6       196       416    0.0723     0.423     0.149     0.123      1.77      26.5         0
     6/299     4.18G      1.56      26.2         0      27.8       225       416    0.0921      0.51     0.221     0.156      1.76      25.7         0
     7/299     4.18G      1.51      25.4         0      26.9       196       416    0.0948     0.507     0.221      0.16      1.76      25.1         0
     8/299     4.18G      1.53      24.5         0        26       231       416     0.112     0.529      0.27     0.184      1.72        24         0
     9/299     4.18G      1.47      23.5         0      24.9       224       416     0.132     0.596     0.314     0.216       1.7      22.8         0
    10/299     4.18G      1.45      22.4         0      23.9       265       416     0.124     0.598     0.299     0.206      1.73      21.4         0
    11/299     4.18G      1.45      21.2         0      22.7       184       416     0.124     0.576     0.275     0.204      1.69      20.6         0
    12/299     4.18G      1.33        20         0      21.3       225       416     0.164     0.583     0.356     0.256      1.67      19.1         0
    13/299     4.18G      1.31      18.7         0      20.1       203       416     0.158     0.539     0.327     0.245      1.69        18         0
    14/299     4.18G      1.35      17.5         0      18.8       206       416     0.152     0.549     0.297     0.238      1.68      16.5         0
    15/299     4.18G      1.33      16.2         0      17.5       209       416     0.147     0.526     0.275      0.23      1.69      15.6         0
    16/299     4.18G      1.22      14.9         0      16.1       194       416     0.165     0.555      0.34     0.254       1.7      14.2         0
    17/299     4.18G      1.26      13.6         0      14.9       274       416     0.154     0.508     0.302     0.237       1.7      13.1         0
    18/299     4.18G      1.22      12.5         0      13.7       240       416     0.153     0.493     0.281     0.233      1.73      11.7         0
    19/299     4.18G      1.19      11.4         0      12.5       199       416     0.195     0.629     0.405     0.297       1.6      11.1         0
    20/299     4.18G      1.15      10.3         0      11.5       227       416     0.195     0.566     0.362      0.29      1.65      9.95         0
    21/299     4.18G      1.17      9.36         0      10.5       149       416     0.179     0.506      0.29     0.264      1.68      8.94         0
    22/299     4.18G     0.943      8.48         0      9.42       218       416     0.216     0.609     0.396     0.319      1.57      8.18         0
    23/299     4.18G     0.867      7.67         0      8.53       226       416     0.211     0.566     0.334     0.308      1.62      7.73         0
    24/299     4.18G      0.95       6.9         0      7.85       230       416     0.224     0.577     0.367     0.323      1.61      6.98         0
    25/299     4.18G     0.882      6.24         0      7.13       228       416     0.202     0.531     0.318     0.293      1.62      6.39         0
    26/299     4.18G     0.849      5.63         0      6.48       217       416     0.199      0.54      0.33      0.29      1.63      5.92         0
    27/299     4.18G      0.78      5.09         0      5.87       235       416     0.231     0.585     0.372     0.331      1.58      5.55         0
    28/299     4.18G     0.817      4.61         0      5.42       245       416     0.229     0.567     0.347     0.326      1.59      5.02         0
    29/299     4.18G     0.787      4.16         0      4.95       265       416     0.243     0.601     0.375     0.346      1.56      4.68         0
    30/299     4.18G      0.75      3.78         0      4.53       242       416     0.204     0.501     0.317      0.29      1.67      4.32         0
    31/299     4.18G     0.724      3.44         0      4.16       225       416     0.253     0.604     0.432     0.357      1.59      4.01         0
    32/299     4.18G      0.75      3.13         0      3.88       237       416     0.212     0.527     0.345     0.303      1.63      3.81         0
    33/299     4.18G     0.684      2.86         0      3.54       300       416     0.223     0.539     0.365     0.316      1.64      3.64         0
    34/299     4.18G     0.771      2.62         0      3.39       160       416     0.273     0.612     0.443     0.378      1.56       3.4         0
    35/299     4.18G     0.728      2.42         0      3.14       252       416     0.264     0.569     0.397      0.36      1.61      3.14         0
    36/299     4.18G     0.698      2.23         0      2.93       263       416     0.239     0.567     0.365     0.337      1.56       3.1         0
    37/299     4.18G     0.672      2.07         0      2.75       227       416     0.274     0.646     0.439     0.385      1.54      2.93         0
    38/299     4.18G     0.693      1.92         0      2.61       261       416     0.256     0.565     0.368     0.352       1.6      2.78         0
    39/299     4.18G     0.714      1.78         0       2.5       207       416       0.3     0.638     0.447     0.408       1.5      2.67         0
    40/299     4.18G     0.687      1.67         0      2.36       236       416     0.318     0.607     0.435     0.418      1.59      2.53         0
    41/299     4.18G      0.64      1.56         0       2.2       244       416     0.284     0.619     0.433      0.39      1.57      2.51         0
    42/299     4.18G     0.641      1.48         0      2.12       212       416     0.247     0.543     0.353      0.34      1.63      2.41         0
    43/299     4.18G     0.652      1.39         0      2.04       175       416     0.256     0.588     0.384     0.357      1.55       2.4         0
    44/299     4.18G     0.652      1.31         0      1.96       247       416     0.284     0.572     0.386      0.38      1.62      2.27         0
    45/299     4.18G     0.681      1.24         0      1.92       146       416     0.279     0.609     0.414     0.383      1.56      2.33         0
    46/299     4.18G     0.612      1.18         0      1.79       273       416     0.298     0.605     0.395     0.399      1.57      2.24         0
    47/299     4.18G     0.675      1.12         0       1.8       229       416      0.27     0.564     0.335     0.365      1.58       2.2         0
    48/299     4.18G     0.594      1.07         0      1.66       172       416     0.285     0.654      0.41     0.397       1.5      2.19         0
    49/299     4.18G     0.633      1.03         0      1.66       207       416     0.312     0.607     0.391     0.412       1.6      2.08         0
    50/299     4.18G     0.629      0.98         0      1.61       210       416     0.325     0.599     0.402     0.421      1.59      2.03         0
    51/299     4.18G     0.562     0.942         0       1.5       184       416       0.3     0.607     0.401     0.401      1.55      2.02         0
    52/299     4.18G     0.586       0.9         0      1.49       175       416     0.322     0.615     0.414     0.423      1.55      1.97         0
    53/299     4.18G     0.587      0.87         0      1.46       190       416     0.296     0.583     0.396     0.393       1.6      1.97         0
    54/299     4.18G     0.589     0.823         0      1.41       300       416     0.336     0.652     0.469     0.444      1.53      1.95         0
    55/299     4.18G     0.592     0.811         0       1.4       220       416     0.323     0.614     0.432     0.423      1.58      1.93         0
    56/299     4.18G      0.62     0.763         0      1.38       178       416     0.295     0.632     0.408     0.402      1.57      1.99         0
    57/299     4.18G     0.574     0.741         0      1.32       242       416     0.336     0.643      0.43     0.442      1.54      1.87         0
    58/299     4.18G      0.54     0.722         0      1.26       218       416     0.341     0.662     0.442      0.45      1.53      1.87         0
    59/299     4.18G     0.589     0.703         0      1.29       232       416     0.304     0.619     0.398     0.408      1.57      1.89         0
    60/299     4.18G      0.57     0.675         0      1.25       215       416     0.344     0.615     0.414     0.441      1.56      1.82         0
    61/299     4.18G     0.561     0.668         0      1.23       189       416     0.313      0.59     0.399     0.409      1.59       1.8         0
    62/299     4.18G     0.536      0.63         0      1.17       234       416     0.276     0.577     0.368     0.374      1.63      1.87         0
    63/299     4.18G     0.524     0.624         0      1.15       196       416     0.288     0.626     0.406     0.395      1.58      1.87         0
    64/299     4.18G     0.544     0.608         0      1.15       220       416     0.296     0.601     0.402     0.397      1.57       1.8         0
    65/299     4.18G     0.566     0.603         0      1.17       304       416     0.305     0.594     0.384     0.403      1.58      1.79         0
    66/299     4.18G     0.542      0.57         0      1.11       249       416     0.347     0.664     0.441     0.456      1.54      1.81         0
    67/299     4.18G     0.541     0.567         0      1.11       290       416     0.343     0.582     0.366     0.432      1.61      1.79         0
    68/299     4.18G     0.522     0.557         0      1.08       214       416     0.309     0.599     0.379     0.408      1.59       1.8         0
    69/299     4.18G     0.483     0.523         0      1.01       194       416     0.304      0.63     0.396      0.41      1.56      1.81         0
    70/299     4.18G     0.542     0.522         0      1.06       210       416      0.32     0.616     0.377     0.422      1.56      1.76         0
    71/299     4.18G     0.553     0.514         0      1.07       227       416     0.311     0.595     0.379     0.409      1.58      1.75         0
    72/299     4.18G     0.526     0.499         0      1.03       239       416     0.403     0.672     0.491     0.504      1.52      1.73         0
    73/299     4.18G     0.533     0.484         0      1.02       221       416     0.386     0.666     0.472     0.489      1.51      1.72         0
    74/299     4.18G     0.521     0.476         0     0.998       225       416      0.36     0.649     0.449     0.463      1.52       1.7         0
    75/299     4.18G     0.525     0.473         0     0.998       226       416     0.345     0.633     0.431     0.447      1.55      1.69         0
    76/299     4.18G     0.531     0.454         0     0.985       162       416     0.372     0.636     0.442      0.47      1.54      1.68         0
    77/299     4.18G     0.501     0.452         0     0.953       200       416     0.386     0.643     0.444     0.482      1.54      1.69         0
    78/299     4.18G     0.529     0.438         0     0.967       211       416     0.351     0.617     0.394     0.447      1.58      1.74         0
    79/299     4.18G     0.484      0.43         0     0.914       222       416     0.354     0.597     0.392     0.445      1.58      1.72         0
    80/299     4.18G     0.492     0.413         0     0.905       223       416     0.382     0.643     0.446      0.48      1.52      1.67         0
    81/299     4.18G     0.498     0.427         0     0.925       261       416      0.38     0.615     0.417      0.47      1.58      1.71         0
    82/299     4.18G     0.502      0.41         0     0.912       288       416     0.403     0.665     0.462     0.502      1.55      1.71         0
    83/299     4.18G     0.512     0.397         0     0.909       241       416     0.318     0.612     0.373     0.418      1.56      1.73         0
    84/299     4.18G     0.491     0.388         0     0.879       303       416     0.348     0.611      0.39     0.444      1.57       1.7         0
    85/299     4.18G     0.508     0.381         0     0.889       267       416     0.392      0.67     0.491     0.494      1.51      1.68         0
    86/299     4.18G     0.495      0.38         0     0.875       292       416     0.349     0.612     0.423     0.444      1.59      1.71         0
    87/299     4.18G     0.508     0.375         0     0.883       224       416     0.376     0.662     0.472      0.48      1.55      1.72         0
    88/299     4.18G     0.505     0.372         0     0.877       223       416     0.391     0.673     0.471     0.495      1.52      1.68         0
    89/299     4.18G     0.514     0.372         0     0.886       293       416     0.415     0.633     0.439     0.501      1.56      1.66         0
    90/299     4.18G     0.495     0.352         0     0.847       294       416     0.295     0.585      0.36     0.392      1.61      1.78         0
    91/299     4.18G     0.477      0.36         0     0.837       290       416     0.361     0.633     0.421      0.46      1.54       1.7         0
    92/299     4.18G     0.475     0.349         0     0.824       226       416     0.359     0.599     0.387     0.449      1.59      1.71         0
    93/299     4.18G     0.469     0.347         0     0.816       200       416     0.351     0.608     0.399     0.445      1.58      1.72         0
    94/299     4.18G      0.47     0.337         0     0.807       157       416      0.32     0.631     0.383     0.424      1.55      1.77         0
    95/299     4.18G     0.481     0.341         0     0.822       232       416     0.329     0.624      0.38     0.431      1.56      1.74         0
    96/299     4.18G     0.522      0.33         0     0.852       232       416     0.297     0.591     0.366     0.396      1.58      1.76         0
    97/299     4.18G     0.459     0.326         0     0.786       201       416     0.342     0.609     0.385     0.438      1.57      1.71         0
    98/299     4.18G      0.52     0.323         0     0.843       236       416     0.338     0.585     0.387     0.429      1.61      1.71         0
    99/299     4.18G     0.485     0.315         0       0.8       192       416     0.335     0.625     0.411     0.437      1.58      1.73         0
   100/299     4.18G      0.51     0.326         0     0.836       215       416     0.366      0.63     0.449     0.463      1.57      1.66         0
   101/299     4.18G     0.487     0.309         0     0.796       232       416     0.392     0.631     0.464     0.484      1.55      1.58         0
   102/299     4.18G     0.452     0.292         0     0.744       166       416      0.34     0.666     0.467      0.45      1.51      1.67         0
   103/299     4.18G     0.473     0.299         0     0.772       286       416     0.408     0.684     0.512     0.511      1.49      1.64         0
   104/299     4.18G     0.482     0.294         0     0.777       222       416     0.387     0.615     0.421     0.475      1.58      1.65         0
   105/299     4.18G     0.464     0.279         0     0.744       223       416     0.383     0.631     0.438     0.477      1.55      1.66         0
   106/299     4.18G     0.483     0.289         0     0.772       179       416      0.39      0.62     0.427     0.479      1.59       1.7         0
   107/299     4.18G     0.474     0.289         0     0.763       179       416     0.373     0.632     0.423     0.469      1.57      1.69         0
   108/299     4.18G     0.483     0.295         0     0.778       263       416     0.293     0.575     0.358     0.389      1.61      1.68         0
   109/299     4.18G     0.466      0.28         0     0.746       170       416     0.344     0.611     0.403      0.44      1.59      1.72         0
   110/299     4.18G     0.463     0.276         0      0.74       203       416     0.359     0.632     0.435     0.458      1.57      1.74         0
   111/299     4.18G     0.441     0.271         0     0.711       225       416     0.389      0.64     0.453     0.484      1.53      1.66         0
   112/299     4.18G      0.46     0.276         0     0.736       195       416     0.332     0.618     0.403     0.432      1.57      1.72         0
   113/299     4.18G     0.467     0.266         0     0.732       247       416     0.362     0.677     0.448     0.472      1.52      1.72         0
   114/299     4.18G     0.463     0.271         0     0.735       226       416     0.354     0.633     0.399     0.454      1.54      1.69         0
   115/299     4.18G      0.44     0.266         0     0.706       233       416     0.308     0.594     0.361     0.405      1.57       1.7         0
   116/299     4.18G      0.44     0.253         0     0.693       177       416     0.373     0.641     0.433     0.472      1.54      1.67         0
   117/299     4.18G     0.465     0.268         0     0.733       179       416     0.333     0.654     0.418     0.441      1.51      1.66         0
   118/299     4.18G     0.523     0.267         0      0.79       266       416     0.306     0.596     0.359     0.405      1.56      1.66         0
   119/299     4.18G      0.48     0.258         0     0.738       205       416     0.339     0.625     0.387     0.439      1.56      1.68         0
   120/299     4.18G     0.485     0.247         0     0.732       204       416     0.353     0.621     0.406      0.45      1.58       1.7         0
   121/299     4.18G     0.464     0.247         0     0.711       227       416     0.402     0.639     0.434     0.493      1.56      1.68         0
   122/299     4.18G     0.448     0.251         0     0.699       221       416     0.395     0.621     0.427     0.483      1.58      1.67         0
   123/299     4.18G     0.428     0.242         0      0.67       244       416     0.363     0.646     0.431     0.464      1.55      1.68         0
   124/299     4.18G     0.439     0.241         0      0.68       209       416     0.371     0.643     0.425      0.47      1.54      1.66         0
   125/299     4.18G     0.437     0.241         0     0.677       180       416     0.372     0.653     0.457     0.474      1.54      1.64         0
   126/299     4.18G     0.414     0.232         0     0.646       216       416     0.432     0.638     0.461     0.515      1.54      1.61         0
   127/299     4.18G     0.432     0.236         0     0.668       220       416     0.382     0.625     0.426     0.474      1.56      1.64         0
   128/299     4.18G      0.42     0.242         0     0.662       232       416     0.298     0.631     0.397     0.405      1.57      1.68         0
   129/299     4.18G     0.416     0.234         0      0.65       160       416     0.309     0.616     0.371     0.412      1.56      1.64         0
   130/299     4.18G     0.401     0.223         0     0.624       225       416     0.373     0.635     0.437      0.47      1.56      1.61         0
   131/299     4.18G     0.416     0.224         0      0.64       211       416       0.4     0.654     0.457     0.497      1.55      1.63         0
   132/299     4.18G      0.46      0.23         0      0.69       299       416     0.364     0.653     0.449     0.468      1.55      1.63         0
   133/299     4.18G     0.421     0.212         0     0.633       231       416     0.368     0.622     0.426     0.463      1.61      1.68         0
   134/299     4.18G     0.451     0.209         0     0.661       261       416     0.379     0.611     0.402     0.468       1.6      1.69         0
   135/299     4.18G     0.454     0.214         0     0.668       217       416     0.338     0.632     0.391     0.441      1.54      1.65         0
   136/299     4.18G     0.438     0.216         0     0.654       216       416     0.344     0.658     0.399     0.452      1.51      1.66         0
   137/299     4.18G     0.421     0.212         0     0.634       233       416     0.359     0.597     0.361     0.448      1.56      1.66         0
   138/299     4.18G     0.424      0.22         0     0.644       233       416     0.313      0.65     0.396     0.423      1.49      1.69         0
   139/299     4.18G      0.42     0.207         0     0.627       233       416     0.326     0.655     0.423     0.435      1.51      1.68         0
   140/299     4.18G     0.421     0.222         0     0.644       252       416     0.363     0.663     0.443     0.469       1.5      1.65         0
   141/299     4.18G     0.413      0.21         0     0.623       214       416     0.331     0.638     0.412     0.436      1.55       1.7         0
   142/299     4.18G     0.419     0.196         0     0.615       248       416     0.399     0.617     0.417     0.485      1.55      1.62         0
   143/299     4.18G     0.436     0.206         0     0.642       185       416     0.344     0.615     0.397     0.441      1.54      1.61         0
   144/299     4.18G     0.421     0.207         0     0.628       219       416     0.398     0.637     0.448      0.49      1.55      1.59         0
   145/299     4.18G     0.435     0.206         0     0.641       236       416     0.395     0.631     0.428     0.486      1.55      1.63         0
   146/299     4.18G     0.437     0.209         0     0.645       210       416     0.368      0.63     0.412     0.465      1.56      1.66         0
   147/299     4.18G     0.416     0.186         0     0.602       223       416     0.375     0.607     0.402     0.463      1.58      1.63         0
   148/299     4.18G      0.42     0.195         0     0.615       178       416     0.347     0.617      0.39     0.444      1.56      1.66         0
   149/299     4.18G     0.417     0.197         0     0.615       150       416     0.337     0.616     0.393     0.435      1.56      1.69         0
   150/299     4.18G     0.432       0.2         0     0.631       243       416     0.406     0.615      0.42     0.489      1.59      1.59         0
   151/299     4.18G     0.432     0.186         0     0.618       233       416     0.402     0.663      0.45     0.501      1.52      1.61         0
   152/299     4.18G      0.49     0.192         0     0.682       232       416     0.418      0.63     0.411     0.502      1.54      1.63         0
   153/299     4.18G     0.479     0.191         0     0.669       234       416     0.373     0.611     0.411     0.463      1.59      1.64         0
   154/299     4.18G     0.485     0.188         0     0.673       176       416     0.373     0.595     0.373     0.459      1.58      1.66         0
   155/299     4.18G     0.455     0.189         0     0.644       206       416     0.349     0.563     0.362     0.431      1.63      1.67         0
   156/299     4.18G      0.47     0.187         0     0.657       219       416     0.363     0.613     0.402     0.456      1.59       1.7         0
   157/299     4.18G     0.466     0.186         0     0.652       205       416     0.351     0.635     0.411     0.452      1.55       1.7         0
   158/299     4.18G     0.442     0.188         0      0.63       254       416     0.372     0.585     0.363     0.455      1.59      1.68         0
   159/299     4.18G     0.428     0.186         0     0.614       247       416      0.37     0.625       0.4     0.465      1.56       1.7         0
   160/299     4.18G     0.416     0.186         0     0.602       219       416     0.369     0.627     0.428     0.465      1.56      1.67         0
   161/299     4.18G     0.441     0.198         0     0.639       212       416     0.362     0.607     0.429     0.453      1.59      1.65         0
   162/299     4.18G      0.43     0.182         0     0.612       234       416     0.378      0.65     0.441     0.478      1.55      1.64         0
   163/299     4.18G      0.42     0.185         0     0.605       302       416     0.313     0.572     0.354     0.405      1.63      1.69         0
   164/299     4.18G     0.391     0.174         0     0.565       153       416     0.399     0.652     0.428     0.495      1.54      1.63         0
   165/299     4.18G     0.395     0.182         0     0.577       261       416     0.384     0.634     0.425     0.478      1.54       1.6         0
   166/299     4.18G     0.403     0.181         0     0.584       264       416     0.328     0.619     0.389     0.429      1.56      1.62         0
   167/299     4.18G      0.41     0.181         0     0.591       229       416     0.383      0.62      0.41     0.473      1.56      1.62         0
   168/299     4.18G     0.411     0.167         0     0.577       138       416      0.33      0.66     0.436      0.44      1.53      1.65         0
   169/299     4.18G     0.449     0.174         0     0.623       272       416     0.396      0.64     0.442      0.49      1.55       1.6         0
   170/299     4.18G     0.419     0.169         0     0.587       182       416     0.349     0.623     0.401     0.447      1.57      1.69         0
   171/299     4.18G     0.421     0.173         0     0.594       172       416     0.387     0.645     0.436     0.484      1.56      1.67         0
   172/299     4.18G     0.403      0.17         0     0.573       207       416     0.298     0.637     0.412     0.407      1.55       1.7         0
   173/299     4.18G     0.422     0.171         0     0.593       188       416     0.286      0.58     0.328     0.383       1.6      1.73         0
   174/299     4.18G     0.404     0.169         0     0.573       221       416     0.334     0.589     0.385     0.427       1.6      1.75         0
   175/299     4.18G     0.408     0.173         0     0.581       183       416     0.293     0.592     0.363     0.392      1.58      1.75         0
   176/299     4.18G     0.402     0.179         0     0.581       228       416     0.256     0.548     0.323     0.349      1.63      1.79         0
   177/299     4.18G     0.425     0.166         0      0.59       221       416     0.339     0.639     0.417     0.443      1.55      1.74         0
   178/299     4.18G     0.371     0.165         0     0.535       200       416     0.308     0.591     0.375     0.405      1.59      1.75         0
   179/299     4.18G      0.37     0.156         0     0.526       204       416     0.287     0.604     0.366     0.389      1.57      1.74         0
   180/299     4.18G     0.411     0.159         0      0.57       213       416     0.297     0.627     0.368     0.403      1.53      1.68         0
   181/299     4.18G     0.431     0.161         0     0.592       218       416     0.305     0.624     0.353      0.41      1.56      1.64         0
   182/299     4.18G     0.405     0.161         0     0.566       247       416     0.354     0.616     0.388      0.45      1.58      1.63         0
   183/299     4.18G     0.416      0.16         0     0.576       207       416     0.354     0.628     0.425     0.453      1.55      1.63         0
   184/299     4.18G     0.395     0.159         0     0.554       207       416     0.413     0.672     0.466     0.512      1.51       1.6         0
   185/299     4.18G     0.385      0.15         0     0.536       237       416       0.3     0.584     0.352     0.396      1.61       1.7         0
   186/299     4.18G     0.364     0.156         0     0.521       194       416     0.317     0.617     0.367     0.419      1.56      1.68         0
   187/299     4.18G     0.394     0.163         0     0.557       197       416     0.362     0.605     0.381     0.453      1.57      1.68         0
   188/299     4.18G     0.369     0.139         0     0.507       177       416     0.295     0.588     0.352     0.393       1.6      1.75         0
   189/299     4.18G     0.366      0.15         0     0.516       154       416      0.34     0.618     0.394     0.439      1.55      1.67         0
   190/299     4.18G     0.383     0.148         0     0.531       218       416     0.316     0.597     0.364     0.414      1.59      1.73         0
   191/299     4.18G     0.405     0.147         0     0.552       224       416     0.371     0.599     0.395     0.458       1.6       1.7         0
   192/299     4.18G     0.356     0.155         0     0.512       200       416     0.317     0.632     0.397     0.422      1.52      1.71         0
   193/299     4.18G      0.38     0.144         0     0.524       172       416     0.311     0.653     0.398     0.422       1.5      1.72         0
   194/299     4.18G     0.403     0.154         0     0.557       239       416     0.349     0.607     0.369     0.443      1.58      1.71         0
   195/299     4.18G     0.405      0.15         0     0.556       215       416     0.335      0.62     0.361     0.435      1.56      1.71         0
   196/299     4.18G      0.37      0.15         0      0.52       278       416     0.399     0.636     0.421      0.49      1.55      1.64         0
   197/299     4.18G     0.387     0.143         0      0.53       241       416     0.382     0.659     0.419     0.483      1.52      1.65         0
   198/299     4.18G     0.372     0.149         0     0.522       203       416     0.368     0.649     0.404      0.47      1.52      1.61         0
   199/299     4.18G     0.421     0.149         0      0.57       256       416     0.344     0.615      0.38     0.441      1.57      1.64         0
   200/299     4.18G     0.364     0.138         0     0.502       190       416     0.314      0.65     0.383     0.423      1.51      1.65         0
   201/299     4.18G     0.354     0.137         0     0.492       137       416     0.291     0.633     0.337     0.399      1.53       1.7         0
   202/299     4.18G     0.391     0.143         0     0.534       254       416     0.341     0.628     0.394     0.442      1.56      1.68         0
   203/299     4.18G      0.39     0.143         0     0.533       214       416     0.321     0.652     0.407      0.43      1.55      1.74         0
   204/299     4.18G     0.424     0.148         0     0.572       234       416     0.245     0.604     0.313     0.349      1.58      1.82         0
   205/299     4.18G     0.405      0.15         0     0.555       263       416     0.283     0.607     0.354     0.386      1.59      1.77         0
   206/299     4.18G     0.397     0.147         0     0.544       201       416     0.237     0.565     0.321     0.333      1.63      1.84         0
   207/299     4.18G     0.415     0.151         0     0.566       250       416     0.288     0.603     0.364      0.39      1.57      1.74         0
   208/299     4.18G      0.41     0.146         0     0.556       253       416      0.28     0.578     0.332     0.377      1.61      1.79         0
   209/299     4.18G     0.373     0.146         0     0.519       258       416     0.271     0.623     0.334     0.378      1.56      1.83         0
   210/299     4.18G     0.372     0.147         0     0.519       185       416     0.315      0.65     0.389     0.424      1.55      1.71         0
   211/299     4.18G     0.394     0.145         0     0.539       201       416       0.3     0.637     0.378     0.408      1.56      1.68         0
   212/299     4.18G     0.398     0.137         0     0.536       191       416     0.342     0.678     0.439     0.455      1.51      1.67         0
   213/299     4.18G     0.391     0.142         0     0.533       207       416     0.407     0.646      0.44       0.5      1.54       1.6         0
   214/299     4.18G     0.354     0.141         0     0.495       229       416     0.301      0.65     0.405     0.411      1.55      1.71         0
   215/299     4.18G     0.355     0.139         0     0.494       230       416     0.292     0.675     0.401     0.408      1.52      1.75         0
   216/299     4.18G     0.398     0.137         0     0.536       237       416     0.295      0.57     0.323     0.389      1.63      1.73         0
   217/299     4.18G     0.361      0.13         0     0.491       198       416     0.367     0.638     0.398     0.466      1.56      1.68         0
   218/299     4.18G     0.351     0.128         0     0.479       238       416     0.328     0.638     0.383     0.433      1.55      1.68         0
   219/299     4.18G     0.369     0.131         0       0.5       297       416     0.282     0.594     0.349     0.383       1.6      1.74         0
   220/299     4.18G      0.37     0.127         0     0.497       267       416     0.307     0.621     0.366     0.411      1.57      1.74         0
   221/299     4.18G     0.375     0.136         0     0.511       260       416     0.349     0.594      0.37     0.439      1.57      1.66         0
   222/299     4.18G     0.395     0.132         0     0.527       245       416     0.339     0.651     0.438     0.446      1.54       1.7         0
   223/299     4.18G     0.354     0.133         0     0.487       230       416     0.325     0.654     0.419     0.434      1.54      1.73         0
   224/299     4.18G     0.368     0.126         0     0.494       242       416     0.293     0.616     0.384     0.397      1.57      1.73         0
   225/299     4.18G     0.356     0.125         0      0.48       243       416     0.284     0.609     0.352     0.387      1.57      1.78         0
   226/299     4.18G     0.377     0.132         0     0.508       274       416     0.284       0.6     0.331     0.386      1.58       1.8         0
   227/299     4.18G     0.399     0.134         0     0.533       214       416     0.323     0.624     0.364     0.425      1.56       1.7         0
   228/299     4.18G     0.422     0.132         0     0.554       157       416     0.349     0.628     0.397     0.448      1.56      1.67         0
   229/299     4.18G     0.381     0.124         0     0.505       144       416     0.388      0.67     0.456     0.491      1.54      1.63         0
   230/299     4.18G       0.4     0.124         0     0.524       286       416     0.353     0.655     0.425     0.459      1.53      1.59         0
   231/299     4.18G     0.367     0.119         0     0.486       184       416     0.284     0.623     0.379      0.39      1.58      1.72         0
   232/299     4.18G     0.368     0.121         0     0.489       148       416     0.311     0.607     0.366     0.411      1.59      1.76         0
   233/299     4.18G     0.356     0.128         0     0.484       189       416      0.27     0.635     0.354     0.379      1.55       1.8         0
   234/299     4.18G     0.358      0.12         0     0.478       257       416     0.318     0.669      0.42     0.431      1.54      1.72         0
   235/299     4.18G     0.348     0.125         0     0.473       191       416     0.342     0.651     0.421     0.449      1.56      1.69         0
   236/299     4.18G     0.386     0.129         0     0.515       286       416     0.364     0.631     0.402     0.462      1.58      1.71         0
   237/299     4.18G     0.378     0.131         0     0.509       197       416     0.382     0.646     0.415      0.48      1.56      1.63         0
   238/299     4.18G     0.383     0.125         0     0.507       193       416     0.283     0.632     0.357     0.391      1.58      1.76         0
   239/299     4.18G     0.381     0.134         0     0.515       238       416     0.317     0.677     0.393     0.432      1.52      1.73         0
   240/299     4.18G     0.378     0.128         0     0.506       188       416     0.342     0.625     0.381     0.442      1.56      1.64         0
   241/299     4.18G     0.391     0.115         0     0.506       168       416     0.342     0.627     0.391     0.443      1.58       1.7         0
   242/299     4.18G     0.391     0.127         0     0.518       252       416      0.36     0.663     0.422     0.466      1.56      1.78         0
   243/299     4.18G     0.367     0.116         0     0.483       255       416     0.345     0.623     0.382     0.444      1.56      1.69         0
   244/299     4.18G     0.391     0.114         0     0.504       157       416      0.39     0.711     0.454     0.503      1.48      1.62         0
   245/299     4.18G     0.371     0.127         0     0.498       249       416     0.344      0.65     0.389      0.45      1.53      1.66         0
   246/299     4.18G     0.368     0.126         0     0.494       148       416     0.357     0.618     0.387     0.452      1.56       1.6         0
   247/299     4.18G     0.356     0.122         0     0.478       187       416     0.395     0.693     0.454     0.503      1.48      1.57         0
   248/299     4.18G     0.337     0.121         0     0.458       193       416     0.321     0.655     0.397     0.431      1.53       1.7         0
   249/299     4.18G     0.367     0.121         0     0.489       256       416     0.418     0.655     0.434      0.51      1.54      1.63         0
   250/299     4.18G     0.374      0.11         0     0.484       222       416     0.365     0.665     0.429     0.471      1.51      1.59         0
   251/299     4.18G     0.392     0.118         0      0.51       205       416     0.345     0.678     0.425     0.458      1.51      1.65         0
   252/299     4.18G     0.337      0.11         0     0.447       186       416     0.338      0.68     0.417     0.452      1.52      1.69         0
   253/299     4.18G     0.379     0.118         0     0.497       266       416     0.356     0.691     0.457      0.47      1.48      1.64         0
   254/299     4.18G     0.365     0.109         0     0.474       271       416     0.368     0.651     0.452      0.47      1.52      1.57         0
   255/299     4.18G     0.377     0.113         0      0.49       200       416     0.328     0.658     0.424     0.438      1.51      1.64         0
   256/299     4.18G     0.385     0.112         0     0.496       185       416     0.305      0.64     0.401     0.414      1.53      1.71         0
   257/299     4.18G     0.375     0.115         0      0.49       171       416     0.292     0.639     0.377     0.401      1.56      1.78         0
   258/299     4.18G     0.382      0.11         0     0.491       244       416     0.342     0.653     0.411     0.449      1.54      1.68         0
   259/299     4.18G      0.39     0.115         0     0.505       241       416     0.326     0.633     0.387      0.43      1.56      1.67         0
   260/299     4.18G     0.423     0.116         0      0.54       333       416      0.39     0.624     0.412      0.48      1.56      1.68         0
   261/299     4.18G     0.388     0.116         0     0.504       210       416     0.325     0.612     0.387     0.424      1.57      1.76         0
   262/299     4.18G     0.386     0.111         0     0.497       302       416     0.348     0.626     0.411     0.447      1.56      1.61         0
   263/299     4.18G     0.384     0.134         0     0.518       265       416     0.309     0.649     0.398     0.418      1.54      1.67         0
   264/299     4.18G     0.386     0.113         0     0.498       237       416     0.267     0.629     0.355     0.375      1.55      1.69         0
   265/299     4.18G     0.383     0.117         0       0.5       162       416     0.366     0.654     0.427      0.47      1.54      1.61         0
   266/299     4.18G      0.37     0.112         0     0.482       249       416     0.318     0.625      0.39     0.421      1.56      1.63         0
   267/299     4.18G     0.337      0.11         0     0.446       277       416     0.337      0.64      0.43     0.441      1.55      1.63         0
   268/299     4.18G     0.373     0.114         0     0.488       170       416     0.311     0.633     0.407     0.417      1.56      1.72         0
   269/299     4.18G     0.345     0.117         0     0.462       232       416     0.307     0.638     0.382     0.414      1.54      1.71         0
   270/299     4.18G     0.362     0.111         0     0.473       262       416     0.354     0.635     0.406     0.454      1.56      1.57         0
   271/299     4.18G      0.37     0.101         0     0.472       176       416     0.321     0.606      0.36      0.42       1.6      1.63         0
   272/299     4.18G     0.369     0.109         0     0.478       268       416     0.319     0.602     0.359     0.417      1.59      1.66         0
   273/299     4.18G     0.347     0.114         0     0.461       255       416     0.273     0.626     0.369      0.38      1.54      1.67         0
   274/299     4.18G      0.33     0.112         0     0.442       153       416      0.31     0.672     0.449     0.425      1.51      1.61         0
   275/299     4.18G     0.374     0.116         0     0.491       247       416     0.325     0.647     0.411     0.433      1.53      1.61         0
   276/299     4.18G     0.357     0.104         0     0.461       173       416     0.289     0.614     0.369     0.393      1.58       1.7         0
   277/299     4.18G     0.345     0.109         0     0.454       212       416     0.337     0.617     0.392     0.436      1.57      1.64         0
   278/299     4.18G     0.307     0.109         0     0.416       195       416     0.286      0.61     0.371      0.39      1.59      1.72         0
   279/299     4.18G     0.334     0.104         0     0.438       233       416     0.286     0.618     0.368     0.392      1.58      1.74         0
   280/299     4.18G     0.329     0.107         0     0.436       244       416     0.336     0.647     0.423     0.442      1.56      1.65         0
   281/299     4.18G     0.339     0.108         0     0.447       250       416     0.301      0.64     0.403     0.409      1.56      1.69         0
   282/299     4.18G     0.335     0.107         0     0.442       175       416     0.339     0.664     0.425     0.448      1.54      1.72         0
   283/299     4.18G     0.341     0.101         0     0.442       201       416     0.328     0.649     0.414     0.436      1.56       1.7         0
   284/299     4.18G     0.365     0.108         0     0.473       215       416     0.311     0.636     0.378     0.418      1.58      1.75         0
   285/299     4.18G     0.351       0.1         0     0.451       183       416     0.366     0.687     0.449     0.478      1.51      1.61         0
   286/299     4.18G     0.373     0.105         0     0.478       341       416     0.367     0.667     0.413     0.474      1.53      1.66         0
   287/299     4.18G     0.372     0.105         0     0.477       240       416     0.343     0.587     0.346     0.433      1.63      1.75         0
   288/299     4.18G     0.376     0.106         0     0.483       178       416     0.374     0.676      0.44     0.482      1.53       1.7         0
   289/299     4.18G     0.338     0.104         0     0.443       290       416     0.342     0.652     0.416     0.449      1.54      1.63         0
   290/299     4.18G     0.351     0.097         0     0.448       216       416     0.297     0.644      0.36     0.407      1.56      1.71         0
   291/299     4.18G     0.341     0.106         0     0.447       169       416     0.284     0.658     0.367     0.397      1.56      1.77         0
   292/299     4.18G      0.35    0.0977         0     0.447       257       416     0.322     0.642     0.386     0.429      1.55      1.66         0
   293/299     4.18G     0.372     0.101         0     0.473       203       416     0.387     0.688     0.418     0.495      1.48      1.65         0
   294/299     4.18G     0.362    0.0949         0     0.457       275       416     0.343     0.638     0.372     0.446      1.56      1.74         0
   295/299     4.18G      0.35     0.108         0     0.458       200       416     0.361     0.675     0.412     0.471      1.52      1.75         0
   296/299     4.18G     0.348    0.0992         0     0.448       238       416       0.3     0.637     0.376     0.408      1.54      1.85         0
   297/299     4.18G     0.341    0.0953         0     0.436       175       416      0.28      0.65     0.374     0.391      1.56      1.88         0
   298/299     4.18G     0.341     0.104         0     0.445       202       416     0.378     0.681     0.493     0.486      1.51      1.67         0
   299/299     4.18G      0.34    0.0985         0     0.438       354       416     0.259     0.649     0.442      0.37      1.56      1.68         0
   300/499     4.18G     0.756     0.751         0      1.51       203       416     0.334     0.709      0.41     0.454       1.5      1.73         0
   301/499     4.18G     0.609     0.217         0     0.827       286       416     0.315     0.574     0.404     0.407      1.64      1.71         0
   302/499     4.18G     0.495     0.178         0     0.673       230       416     0.299     0.584     0.404     0.396      1.65      1.69         0
   303/499     4.18G     0.473     0.158         0     0.631       185       416      0.27     0.559      0.36     0.364      1.63      1.63         0
   304/499     4.18G     0.478     0.155         0     0.633       226       416     0.349     0.623     0.448     0.448      1.55      1.58         0
   305/499     4.18G     0.424     0.152         0     0.576       196       416     0.385     0.661     0.462     0.487      1.52      1.71         0
   306/499     4.18G     0.403     0.132         0     0.535       225       416      0.31     0.657     0.418     0.421      1.51       1.7         0
   307/499     4.18G      0.41     0.122         0     0.532       196       416     0.342      0.65     0.424     0.448      1.52      1.64         0
   308/499     4.18G      0.39     0.127         0     0.517       231       416     0.379     0.658     0.423     0.481      1.53      1.69         0
   309/499     4.18G     0.378     0.111         0     0.489       224       416     0.398     0.643     0.403     0.492      1.54       1.6         0
   310/499     4.18G     0.399     0.114         0     0.513       265       416     0.353     0.645     0.383     0.456      1.55      1.67         0
   311/499     4.18G     0.402    0.0947         0     0.497       184       416     0.235     0.616     0.316      0.34      1.58      1.84         0
   312/499     4.18G     0.353    0.0982         0     0.451       225       416     0.242     0.618       0.3     0.348      1.57      1.82         0
   313/499     4.18G     0.372    0.0887         0     0.461       203       416     0.291     0.612     0.327     0.394      1.56       1.7         0
   314/499     4.18G     0.372      0.09         0     0.462       206       416     0.295      0.63     0.358     0.402      1.57      1.83         0
   315/499     4.18G     0.365    0.0895         0     0.454       209       416     0.306     0.607     0.347     0.407       1.6      1.83         0
   316/499     4.18G     0.353    0.0909         0     0.444       194       416     0.328     0.616     0.359     0.428      1.58      1.75         0
   317/499     4.18G     0.338    0.0798         0     0.418       274       416     0.331     0.635     0.375     0.435      1.55      1.71         0
   318/499     4.18G     0.365    0.0812         0     0.446       240       416     0.292     0.602     0.343     0.394      1.59      1.78         0
   319/499     4.18G     0.345    0.0842         0     0.429       199       416     0.306     0.602      0.35     0.406      1.59      1.76         0
   320/499     4.18G     0.327    0.0812         0     0.408       227       416     0.336     0.629      0.41     0.438      1.56      1.67         0
   321/499     4.18G     0.348    0.0844         0     0.433       149       416     0.339     0.645     0.398     0.445      1.55      1.69         0
   322/499     4.18G     0.332    0.0821         0     0.414       218       416     0.357      0.67     0.425     0.466      1.52      1.61         0
   323/499     4.18G     0.332    0.0841         0     0.417       226       416     0.366     0.635      0.41     0.464      1.56      1.62         0
   324/499     4.18G     0.344     0.082         0     0.426       230       416     0.356     0.626     0.373     0.454      1.57      1.74         0
   325/499     4.18G     0.338    0.0832         0     0.421       228       416     0.312     0.623     0.373     0.416      1.57      1.77         0
   326/499     4.18G      0.33    0.0742         0     0.405       217       416     0.371     0.642      0.44      0.47      1.56      1.71         0
   327/499     4.18G     0.315     0.076         0     0.391       235       416      0.38     0.647     0.437     0.479      1.55      1.69         0
   328/499     4.18G     0.348     0.078         0     0.426       245       416     0.352     0.641     0.398     0.455      1.55      1.64         0
   329/499     4.18G     0.349     0.067         0     0.415       265       416     0.298     0.635     0.356     0.405      1.56       1.7         0
   330/499     4.18G     0.318    0.0749         0     0.393       242       416     0.372     0.654     0.404     0.474      1.55      1.71         0
   331/499     4.18G      0.33    0.0686         0     0.399       225       416     0.376     0.671     0.435     0.482      1.52       1.7         0
   332/499     4.18G     0.325     0.072         0     0.397       237       416     0.345     0.652     0.386     0.451      1.54      1.79         0
   333/499     4.18G      0.33    0.0645         0     0.395       300       416     0.336     0.673     0.419     0.448      1.53      1.83         0
   334/499     4.18G     0.339    0.0681         0     0.408       160       416     0.366     0.678      0.43     0.475      1.53      1.82         0
   335/499     4.18G     0.326    0.0695         0     0.395       252       416     0.303     0.634     0.374      0.41      1.58      1.85         0
   336/499     4.18G     0.326    0.0702         0     0.396       263       416     0.328     0.633     0.391     0.432      1.58       1.8         0
   337/499     4.18G     0.314    0.0735         0     0.387       227       416     0.364     0.634     0.392     0.462      1.54       1.8         0
   338/499     4.18G      0.32    0.0734         0     0.393       261       416     0.371     0.644     0.419      0.47      1.56      1.82         0
   339/499     4.18G     0.353     0.066         0     0.419       207       416     0.312     0.625     0.365     0.416      1.59      1.79         0
   340/499     4.18G     0.326    0.0695         0     0.396       236       416     0.365     0.604     0.352     0.455      1.59      1.81         0
   341/499     4.18G     0.374    0.0666         0     0.441       244       416     0.331     0.632     0.373     0.434      1.56       1.9         0
   342/499     4.18G     0.342    0.0709         0     0.412       212       416     0.375     0.634     0.388     0.471      1.56      1.87         0
   343/499     4.18G     0.333    0.0723         0     0.405       175       416      0.35     0.656     0.397     0.456      1.55      1.95         0
   344/499     4.18G     0.344    0.0647         0     0.408       247       416     0.388     0.669     0.435     0.491      1.53      1.83         0
   345/499     4.18G     0.321    0.0664         0     0.387       146       416     0.373     0.663     0.428     0.478      1.54      1.85         0
   346/499     4.18G     0.315     0.069         0     0.384       273       416     0.396     0.647     0.428     0.492      1.56      1.85         0
   347/499     4.18G     0.337    0.0678         0     0.404       229       416     0.373     0.659      0.42     0.477      1.54      1.76         0
   348/499     4.18G     0.324    0.0654         0     0.389       172       416      0.36     0.658     0.407     0.465      1.54      1.72         0
   349/499     4.18G     0.318    0.0691         0     0.387       207       416     0.282     0.645      0.37     0.392      1.55      1.78         0
   350/499     4.18G     0.316    0.0663         0     0.382       210       416     0.264     0.605     0.342     0.368      1.61       1.9         0
   351/499     4.18G     0.316    0.0673         0     0.383       184       416     0.298     0.629     0.375     0.405      1.58      1.91         0
   352/499     4.18G     0.324    0.0647         0     0.388       175       416     0.342     0.679     0.428     0.455      1.52      1.85         0
   353/499     4.18G     0.324      0.07         0     0.394       190       416     0.316     0.624     0.401     0.419       1.6      1.98         0
   354/499     4.18G     0.308    0.0628         0     0.371       300       416     0.297     0.655     0.418     0.409      1.57         2         0
   355/499     4.18G     0.314    0.0692         0     0.383       220       416     0.297     0.642     0.397     0.406      1.57      1.86         0
   356/499     4.18G     0.335     0.062         0     0.397       178       416     0.265      0.65      0.39     0.377      1.57      1.98         0
   357/499     4.18G     0.331    0.0639         0     0.395       242       416     0.305     0.659     0.446     0.417      1.56      1.95         0
   358/499     4.18G     0.339    0.0666         0     0.405       218       416     0.295     0.613      0.39     0.399      1.59      1.98         0
   359/499     4.18G     0.353    0.0649         0     0.417       232       416      0.29      0.64     0.367     0.399      1.56      1.99         0
   360/499     4.18G      0.33    0.0607         0      0.39       215       416     0.312     0.672     0.428     0.426      1.54      1.77         0
   361/499     4.18G     0.314    0.0677         0     0.382       189       416     0.277     0.627     0.387     0.384      1.58       1.7         0
   362/499     4.18G     0.324    0.0647         0     0.389       234       416     0.266     0.648     0.376     0.377      1.56      1.78         0
   363/499     4.18G     0.332    0.0657         0     0.397       196       416     0.283     0.677     0.407     0.399      1.53      1.88         0
   364/499     4.18G     0.336    0.0644         0     0.401       220       416     0.274     0.643     0.383     0.385      1.56      2.01         0
   365/499     4.18G     0.313    0.0676         0     0.381       304       416     0.374     0.655     0.451     0.476      1.57      1.93         0
   366/499     4.18G     0.299    0.0618         0     0.361       249       416     0.392     0.655     0.432     0.491      1.58      1.94         0
   367/499     4.18G     0.327    0.0693         0     0.397       290       416     0.342     0.605     0.382     0.437      1.63      1.99         0
   368/499     4.18G     0.316    0.0731         0     0.389       214       416     0.315     0.647     0.403     0.423      1.58      1.93         0
   369/499     4.18G     0.306    0.0595         0     0.365       194       416     0.313     0.643     0.405     0.421      1.58      1.87         0
   370/499     4.18G      0.34    0.0626         0     0.403       210       416      0.35     0.645      0.41     0.454      1.57      1.82         0
   371/499     4.18G     0.321    0.0671         0     0.388       227       416     0.374     0.663     0.434     0.479      1.55       1.8         0
   372/499     4.18G      0.33    0.0642         0     0.394       239       416     0.359     0.647     0.411     0.462      1.57      1.87         0
   373/499     4.18G     0.312    0.0613         0     0.373       221       416     0.286     0.639     0.382     0.395      1.57      1.91         0
   374/499     4.18G     0.328    0.0636         0     0.391       225       416     0.293     0.634     0.409     0.401      1.58      1.99         0
   375/499     4.18G     0.295    0.0593         0     0.355       226       416     0.317      0.62     0.407      0.42      1.59         2         0
   376/499     4.18G     0.327    0.0641         0     0.391       162       416     0.345     0.616     0.408     0.442      1.61      1.95         0
   377/499     4.18G     0.312     0.062         0     0.374       200       416     0.303      0.63     0.389     0.409      1.59      1.91         0
   378/499     4.18G     0.324    0.0593         0     0.383       211       416     0.331     0.657     0.426      0.44      1.56      1.93         0
   379/499     4.18G     0.326    0.0598         0     0.386       222       416     0.325     0.612     0.391     0.424      1.62      2.04         0
   380/499     4.18G     0.318    0.0578         0     0.376       223       416     0.291      0.65     0.371     0.402      1.55      1.97         0
   381/499     4.18G     0.315    0.0621         0     0.377       261       416     0.348     0.682     0.427     0.461      1.52      1.77         0
   382/499     4.18G     0.317    0.0635         0      0.38       288       416     0.344     0.671     0.459     0.455      1.56      1.84         0
   383/499     4.18G     0.322    0.0592         0     0.381       241       416     0.368     0.673      0.46     0.476      1.55      1.87         0
   384/499     4.18G     0.304    0.0587         0     0.363       303       416     0.369     0.656     0.437     0.472      1.55      1.86         0
   385/499     4.18G     0.313     0.058         0     0.371       267       416      0.33     0.662     0.437      0.44      1.55      1.97         0
   386/499     4.18G     0.294     0.056         0      0.35       292       416     0.344     0.626      0.41     0.444      1.59      1.97         0
   387/499     4.18G     0.319    0.0621         0     0.381       224       416     0.324     0.648     0.421     0.432      1.55      1.96         0
   388/499     4.18G     0.312    0.0597         0     0.371       223       416     0.342     0.665     0.446     0.452      1.53      1.86         0
   389/499     4.18G     0.314    0.0596         0     0.374       293       416     0.322     0.678     0.454     0.437      1.53      1.98         0
   390/499     4.18G     0.315    0.0549         0      0.37       294       416     0.253     0.635     0.392     0.362      1.58      2.04         0
   391/499     4.18G     0.343    0.0599         0     0.403       290       416     0.255     0.656       0.4     0.367      1.56      2.01         0
   392/499     4.18G     0.318    0.0579         0     0.376       226       416     0.272     0.674     0.414     0.387      1.53      2.08         0
   393/499     4.18G     0.317    0.0582         0     0.376       200       416     0.256      0.61     0.358     0.361      1.61      2.16         0
   394/499     4.18G     0.321    0.0563         0     0.378       157       416     0.266     0.607     0.364      0.37      1.62      2.05         0
   395/499     4.18G     0.319    0.0618         0      0.38       232       416     0.314     0.657     0.438     0.425      1.55      1.95         0
   396/499     4.18G     0.321    0.0533         0     0.374       232       416     0.348     0.635     0.414      0.45      1.57      1.91         0
   397/499     4.18G     0.313    0.0615         0     0.374       201       416     0.286     0.564     0.309      0.38      1.64      2.07         0
   398/499     4.18G     0.315    0.0597         0     0.375       236       416     0.366      0.62     0.352      0.46      1.56      1.95         0
   399/499     4.18G     0.332    0.0571         0     0.389       192       416     0.284     0.611     0.345     0.388      1.59      2.13         0
   400/499     4.18G     0.308    0.0656         0     0.373       215       416     0.335     0.635     0.411     0.439      1.57      2.03         0
   401/499     4.18G     0.302    0.0536         0     0.356       232       416     0.363     0.614     0.399     0.456      1.58      1.89         0
   402/499     4.18G     0.299    0.0491         0     0.348       166       416     0.304     0.625     0.397      0.41      1.58      2.07         0
   403/499     4.18G     0.318    0.0581         0     0.376       286       416     0.332     0.629      0.43     0.434      1.57      2.14         0
   404/499     4.18G     0.328     0.055         0     0.383       222       416     0.348     0.615     0.407     0.445      1.58      2.15         0
   405/499     4.18G     0.334    0.0598         0     0.393       223       416     0.324     0.655     0.437     0.433      1.56      1.97         0
   406/499     4.18G     0.346    0.0611         0     0.407       179       416     0.299     0.642      0.44     0.408      1.57      1.88         0
   407/499     4.18G     0.334    0.0643         0     0.399       179       416     0.415     0.671     0.487     0.513      1.53      1.76         0
   408/499     4.18G     0.335     0.066         0     0.401       263       416      0.36     0.587     0.387     0.446      1.63      1.92         0
   409/499     4.18G     0.332    0.0579         0      0.39       170       416      0.36     0.603     0.383     0.451      1.61      1.93         0
   410/499     4.18G     0.318    0.0579         0     0.376       203       416     0.359     0.636     0.423     0.459      1.58      1.92         0
   411/499     4.18G     0.314    0.0583         0     0.373       225       416     0.336     0.614     0.411     0.434      1.61      2.06         0
   412/499     4.18G     0.333    0.0615         0     0.395       195       416     0.344     0.649     0.426      0.45      1.57       2.1         0
   413/499     4.18G     0.325    0.0543         0     0.379       247       416     0.395     0.668     0.449     0.497      1.55      1.99         0
   414/499     4.18G     0.296    0.0555         0     0.352       226       416     0.362     0.658      0.44     0.467      1.57      2.03         0
   415/499     4.18G     0.321    0.0567         0     0.378       233       416     0.351     0.632     0.404     0.451      1.59      2.01         0
   416/499     4.18G       0.3    0.0515         0     0.351       177       416     0.417     0.652     0.433     0.509      1.55      1.89         0
   417/499     4.18G     0.342    0.0577         0     0.399       179       416     0.363     0.618     0.383     0.457      1.59      2.12         0
   418/499     4.18G     0.331     0.061         0     0.392       266       416     0.344     0.627     0.412     0.445      1.58       2.1         0
   419/499     4.18G     0.319    0.0545         0     0.374       205       416     0.331     0.641     0.413     0.437      1.58      2.01         0
   420/499     4.18G     0.316    0.0515         0     0.368       204       416     0.372     0.659     0.442     0.475      1.56      1.88         0
   421/499     4.18G     0.329    0.0558         0     0.385       227       416      0.36     0.666     0.458     0.467      1.56      1.94         0
   422/499     4.18G     0.326    0.0566         0     0.382       221       416      0.34     0.676     0.468     0.453      1.55      2.07         0
   423/499     4.18G       0.3    0.0589         0     0.359       244       416     0.313     0.674     0.439     0.428      1.54      1.93         0
   424/499     4.18G     0.303    0.0525         0     0.356       209       416     0.325     0.651     0.412     0.434      1.56      1.89         0
   425/499     4.18G     0.308    0.0549         0     0.363       180       416     0.333      0.64     0.409     0.438      1.57      1.97         0
   426/499     4.18G     0.299    0.0514         0      0.35       216       416     0.332     0.656      0.44     0.441      1.55      1.94         0
   427/499     4.18G     0.313    0.0536         0     0.367       220       416     0.347     0.636     0.401     0.449      1.56      2.03         0
   428/499     4.18G     0.288    0.0596         0     0.347       232       416     0.344     0.618     0.383     0.442       1.6      2.17         0
   429/499     4.18G     0.296    0.0592         0     0.355       160       416     0.349     0.636     0.423     0.451      1.58      2.07         0
   430/499     4.18G     0.281    0.0569         0     0.338       225       416     0.422     0.654     0.474     0.513      1.56      1.94         0
   431/499     4.18G      0.28    0.0575         0     0.338       211       416     0.403     0.653     0.476     0.499      1.59      2.06         0
   432/499     4.18G     0.298    0.0597         0     0.358       299       416     0.361     0.654     0.468     0.465      1.58      2.18         0
   433/499     4.18G     0.279    0.0538         0     0.333       231       416     0.354      0.67     0.456     0.463      1.55      2.16         0
   434/499     4.18G     0.287    0.0515         0     0.339       261       416     0.382     0.632     0.428     0.477      1.59      2.23         0
   435/499     4.18G     0.286    0.0532         0     0.339       217       416     0.366     0.643     0.429     0.466      1.58      2.14         0
   436/499     4.18G     0.314    0.0535         0     0.367       216       416     0.354     0.679     0.437     0.465      1.53      1.99         0
   437/499     4.18G     0.298    0.0515         0      0.35       233       416     0.385     0.624     0.402     0.476      1.57      2.03         0
   438/499     4.18G     0.314    0.0561         0     0.371       233       416     0.365     0.609     0.396     0.456      1.59      2.17         0
   439/499     4.18G     0.306    0.0531         0     0.359       233       416      0.36     0.662     0.464     0.466      1.55      2.05         0
   440/499     4.18G     0.325      0.06         0     0.385       252       416     0.343     0.663     0.457     0.452      1.55      1.91         0
   441/499     4.18G     0.304    0.0587         0     0.362       214       416     0.295     0.644     0.401     0.405      1.58      1.97         0
   442/499     4.18G     0.291    0.0527         0     0.344       248       416     0.341     0.673     0.446     0.453      1.53      2.03         0
   443/499     4.18G     0.299    0.0557         0     0.354       185       416     0.316     0.648     0.398     0.424      1.56      2.06         0
   444/499     4.18G      0.31    0.0553         0     0.365       219       416     0.343     0.635     0.388     0.446      1.56      1.97         0
   445/499     4.18G     0.301    0.0541         0     0.356       236       416     0.327     0.649     0.414     0.435      1.55      1.95         0
   446/499     4.18G     0.302     0.056         0     0.358       210       416     0.326     0.624      0.39     0.428      1.58       1.9         0
   447/499     4.18G     0.306    0.0486         0     0.355       223       416     0.326     0.596     0.383     0.422       1.6      1.86         0
   448/499     4.18G     0.298    0.0533         0     0.351       178       416     0.341     0.652     0.423     0.448      1.55      1.94         0
   449/499     4.18G     0.305    0.0505         0     0.356       150       416     0.325     0.629     0.387     0.429      1.58      2.03         0
   450/499     4.18G     0.303     0.057         0      0.36       243       416     0.419     0.677     0.467     0.518      1.53      1.97         0
   451/499     4.18G     0.297    0.0527         0     0.349       233       416     0.407     0.695     0.481     0.513      1.48       1.9         0
   452/499     4.18G     0.338     0.054         0     0.392       232       416     0.341     0.634     0.379     0.443      1.57      2.01         0
   453/499     4.18G     0.309    0.0555         0     0.365       234       416     0.335     0.621     0.391     0.435      1.59      2.08         0
   454/499     4.18G      0.33    0.0541         0     0.384       176       416     0.335     0.666     0.432     0.445      1.55      2.08         0
   455/499     4.18G      0.32    0.0528         0     0.373       206       416     0.327     0.635     0.406     0.432      1.57      2.03         0
   456/499     4.18G      0.34    0.0522         0     0.392       219       416     0.331     0.677     0.426     0.445      1.52         2         0
   457/499     4.18G      0.31    0.0522         0     0.362       205       416     0.324     0.628      0.42     0.427      1.57      1.98         0
   458/499     4.18G     0.314    0.0529         0     0.367       254       416     0.385     0.647     0.445     0.483      1.58      2.02         0
   459/499     4.18G      0.32    0.0587         0     0.378       247       416     0.377     0.647      0.44     0.476      1.55      1.92         0
   460/499     4.18G     0.318    0.0508         0     0.369       219       416     0.335     0.638     0.415      0.44      1.57      1.85         0
   461/499     4.18G     0.314    0.0562         0      0.37       212       416     0.356     0.618     0.412     0.452      1.59      2.03         0
   462/499     4.18G     0.311    0.0511         0     0.362       234       416     0.319     0.638     0.416     0.425      1.59      2.14         0
   463/499     4.18G     0.301    0.0534         0     0.355       302       416     0.296      0.63       0.4     0.403      1.58      2.09         0
   464/499     4.18G     0.292    0.0486         0      0.34       153       416     0.308     0.629     0.385     0.413      1.58      2.19         0
   465/499     4.18G     0.286     0.048         0     0.334       261       416     0.387     0.648     0.437     0.485      1.55      2.14         0
   466/499     4.18G     0.294    0.0532         0     0.348       264       416     0.392      0.64     0.444     0.486      1.55      1.87         0
   467/499     4.18G     0.315    0.0553         0      0.37       229       416     0.353     0.601      0.39     0.444       1.6      2.01         0
   468/499     4.18G       0.3    0.0476         0     0.348       138       416     0.316     0.655      0.41     0.426      1.54      2.16         0
   469/499     4.18G      0.31    0.0531         0     0.363       272       416     0.347     0.649     0.421     0.452      1.53      1.87         0
   470/499     4.18G     0.304    0.0509         0     0.355       182       416     0.333     0.652     0.438     0.441      1.55      1.72         0
   471/499     4.18G      0.31     0.053         0     0.363       172       416     0.345     0.661     0.466     0.453      1.56      1.86         0
   472/499     4.18G     0.296    0.0521         0     0.348       207       416     0.323     0.629     0.431     0.427      1.57      2.06         0
   473/499     4.18G     0.292    0.0503         0     0.342       188       416     0.302     0.618     0.392     0.406      1.61       2.2         0
   474/499     4.18G     0.309    0.0507         0     0.359       221       416     0.306     0.584     0.378     0.402      1.66      2.28         0
   475/499     4.18G     0.314    0.0507         0     0.364       183       416     0.313     0.614     0.399     0.415      1.61      2.09         0
   476/499     4.18G     0.304    0.0534         0     0.357       228       416     0.344     0.614     0.395     0.441      1.59      2.07         0
   477/499     4.18G     0.338    0.0515         0     0.389       221       416      0.32      0.66     0.414     0.431      1.54      2.01         0
   478/499     4.18G     0.298    0.0513         0     0.349       200       416     0.363     0.658     0.437     0.468      1.53      1.93         0
   479/499     4.18G     0.286    0.0516         0     0.338       204       416     0.321     0.662     0.444     0.433      1.54       1.9         0
   480/499     4.18G     0.307    0.0526         0      0.36       213       416     0.346     0.651     0.453     0.451      1.56      1.97         0
   481/499     4.18G     0.299    0.0664         0     0.366       218       416     0.308     0.643     0.427     0.416      1.54      2.05         0
   482/499     4.18G     0.311    0.0964         0     0.407       247       416       0.3     0.634     0.409     0.407      1.57      2.05         0
   483/499     4.18G     0.303    0.0574         0      0.36       207       416      0.26     0.618     0.386     0.366      1.61       2.1         0
   484/499     4.18G       0.3    0.0605         0     0.361       207       416     0.293     0.634     0.388     0.401      1.59      1.97         0
   485/499     4.18G     0.293    0.0536         0     0.347       237       416     0.353     0.656     0.401     0.459      1.56      1.88         0
   486/499     4.18G     0.292    0.0567         0     0.349       194       416     0.345     0.637     0.409     0.448      1.58      1.84         0
   487/499     4.18G     0.314    0.0582         0     0.373       197       416     0.346     0.614     0.405     0.442       1.6      1.93         0
   488/499     4.18G     0.298    0.0446         0     0.343       177       416     0.308     0.625     0.423     0.413       1.6      1.94         0
   489/499     4.18G     0.293    0.0511         0     0.344       154       416       0.4     0.668     0.487     0.501      1.55      1.85         0
   490/499     4.18G      0.29    0.0477         0     0.338       218       416     0.343     0.642     0.443     0.447      1.58      1.94         0
   491/499     4.18G     0.313    0.0502         0     0.363       224       416     0.369     0.636     0.455     0.467      1.59      1.93         0
   492/499     4.18G     0.282    0.0548         0     0.337       200       416     0.327     0.628     0.412      0.43       1.6      2.16         0
   493/499     4.18G     0.287    0.0453         0     0.332       172       416     0.336     0.615     0.392     0.434      1.59      1.91         0
   494/499     4.18G     0.298    0.0505         0     0.348       239       416     0.344     0.641     0.424     0.448      1.57      1.99         0
   495/499     4.18G     0.299    0.0452         0     0.344       215       416     0.342      0.65     0.443     0.448      1.58      1.98         0
   496/499     4.18G     0.288    0.0484         0     0.337       278       416     0.284     0.611     0.404     0.388       1.6       2.1         0
   497/499     4.18G     0.303    0.0446         0     0.348       241       416     0.313     0.612     0.392     0.414      1.58      2.06         0
   498/499     4.18G     0.291    0.0465         0     0.337       203       416     0.371      0.64     0.457      0.47      1.57      2.04         0
   499/499     4.18G     0.313    0.0469         0      0.36       256       416     0.252     0.629     0.428     0.359      1.58      2.06         0
