     0/499     4.18G      2.04        30         0        32       203       416         0         0         0         0      3.26       nan         0
     1/499     4.18G      1.95      29.4         0      31.3       286       416         0         0         0         0      3.26       nan         0
     2/499     4.18G       1.8      29.1         0      30.9       230       416         0         0         0         0      3.26       nan         0
     3/499     4.18G      1.78      28.9         0      30.7       185       416    0.0461      0.23    0.0396    0.0769       1.9      28.8         0
     4/499     4.18G      1.68      28.7         0      30.4       226       416    0.0638     0.361    0.0847     0.108      1.88      28.5         0
     5/499     4.18G      1.68      28.5         0      30.2       196       416    0.0733      0.42    0.0947     0.125      1.84      28.3         0
     6/499     4.18G      1.62      28.2         0      29.8       225       416    0.0755     0.445    0.0971     0.129       1.8      27.9         0
     7/499     4.18G      1.59      27.9         0      29.5       196       416    0.0715     0.412     0.107     0.122      1.79      27.8         0
     8/499     4.18G      1.59      27.6         0      29.2       231       416    0.0762     0.445     0.213      0.13      1.77      27.5         0
     9/499     4.18G       1.5      27.3         0      28.8       224       416    0.0852     0.497     0.233     0.146      1.75      27.1         0
    10/499     4.18G      1.52      26.9         0      28.5       265       416    0.0943     0.557     0.263     0.161      1.75      26.7         0
    11/499     4.18G      1.52      26.6         0      28.1       184       416    0.0975     0.578     0.282     0.167      1.73      26.4         0
    12/499     4.18G      1.42      26.1         0      27.5       225       416     0.102     0.595     0.273     0.175       1.7      25.9         0
    13/499     4.18G      1.42      25.7         0      27.1       203       416     0.105      0.61       0.3     0.179      1.71      25.4         0
    14/499     4.18G      1.46      25.2         0      26.7       206       416     0.105      0.62      0.29     0.179       1.7      24.8         0
    15/499     4.18G      1.44      24.7         0      26.1       209       416     0.112     0.595     0.287     0.188      1.69      24.4         0
    16/499     4.18G      1.33      24.1         0      25.5       194       416     0.123     0.597     0.301     0.204      1.68      23.8         0
    17/499     4.18G       1.4      23.6         0        25       274       416      0.12      0.58      0.29     0.199      1.69      23.1         0
    18/499     4.18G      1.35        23         0      24.3       240       416     0.126     0.577     0.301     0.207      1.67      22.4         0
    19/499     4.18G      1.34      22.4         0      23.7       199       416     0.146     0.613     0.348     0.236      1.63      21.9         0
    20/499     4.18G       1.3      21.7         0        23       227       416     0.128     0.554     0.282     0.208      1.67      21.2         0
    21/499     4.18G      1.32      21.1         0      22.4       149       416     0.151     0.567     0.303     0.238      1.63      20.4         0
    22/499     4.18G      1.15      20.4         0      21.5       218       416     0.166     0.623     0.369     0.262      1.58      19.7         0
    23/499     4.18G      1.14      19.7         0      20.8       226       416     0.142     0.583       0.3     0.228      1.64      19.2         0
    24/499     4.18G      1.16        19         0      20.1       230       416     0.164     0.582     0.326     0.256      1.59      18.5         0
    25/499     4.18G      1.18      18.3         0      19.4       228       416     0.158     0.564     0.292     0.247      1.62      17.7         0
    26/499     4.18G      1.06      17.6         0      18.6       217       416     0.177     0.601     0.351     0.274      1.59      16.9         0
    27/499     4.18G     0.939      16.9         0      17.8       235       416     0.163     0.585      0.34     0.256      1.59      16.5         0
    28/499     4.18G         1      16.2         0      17.2       245       416     0.182     0.612     0.365      0.28      1.59      15.8         0
    29/499     4.18G     0.951      15.5         0      16.4       265       416     0.186     0.602     0.355     0.284      1.57        15         0
    30/499     4.18G      0.91      14.8         0      15.7       242       416     0.169     0.571     0.349     0.261      1.59      14.3         0
    31/499     4.18G     0.891      14.1         0        15       225       416     0.177      0.58     0.371     0.271      1.59      13.8         0
    32/499     4.18G      0.85      13.5         0      14.3       237       416     0.183     0.569      0.37     0.277      1.61      13.1         0
    33/499     4.18G      0.81      12.9         0      13.7       300       416     0.198     0.587     0.386     0.296      1.55      12.5         0
    34/499     4.18G     0.848      12.3         0      13.1       160       416     0.198      0.62     0.422       0.3      1.55      11.8         0
    35/499     4.18G       0.8      11.7         0      12.5       252       416     0.174     0.541     0.346     0.264      1.61      11.5         0
    36/499     4.18G     0.765      11.1         0      11.9       263       416     0.209     0.619     0.414     0.313      1.56        11         0
    37/499     4.18G     0.744      10.6         0      11.3       227       416     0.203     0.608     0.397     0.304      1.56      10.4         0
    38/499     4.18G     0.773      10.1         0      10.8       261       416     0.211     0.589     0.391     0.311      1.59      9.74         0
    39/499     4.18G     0.733      9.57         0      10.3       207       416     0.204     0.585     0.375     0.302      1.57      9.55         0
    40/499     4.18G     0.694      9.09         0      9.79       236       416     0.229     0.631     0.447     0.337      1.54      9.11         0
    41/499     4.18G     0.693      8.64         0      9.33       244       416     0.204     0.602     0.408     0.305      1.57      8.73         0
    42/499     4.18G     0.671      8.23         0       8.9       212       416     0.205     0.577     0.395     0.302      1.58      8.22         0
    43/499     4.18G     0.674      7.81         0      8.49       175       416      0.22     0.617      0.42     0.325      1.55      7.94         0
    44/499     4.18G     0.677      7.42         0       8.1       247       416     0.211     0.588     0.378     0.311      1.58      7.62         0
    45/499     4.18G     0.667      7.07         0      7.73       146       416     0.213     0.592     0.377     0.313      1.58      7.29         0
    46/499     4.18G     0.624      6.72         0      7.35       273       416     0.203     0.563     0.357     0.299       1.6      6.99         0
    47/499     4.18G     0.637       6.4         0      7.04       229       416     0.225       0.6     0.408     0.328      1.55      6.75         0
    48/499     4.18G      0.61      6.09         0       6.7       172       416     0.215     0.599     0.409     0.317      1.56      6.41         0
    49/499     4.18G      0.64       5.8         0      6.44       207       416     0.234     0.621     0.441      0.34      1.56      6.13         0
    50/499     4.18G     0.623      5.53         0      6.15       210       416     0.226     0.593     0.398     0.327      1.56      5.86         0
    51/499     4.18G     0.624      5.26         0      5.89       184       416     0.234     0.622     0.428      0.34      1.54      5.67         0
    52/499     4.18G     0.634      5.02         0      5.66       175       416     0.229     0.602     0.393     0.332      1.55      5.51         0
    53/499     4.18G     0.601       4.8         0       5.4       190       416     0.212     0.581     0.385     0.311      1.61      5.27         0
    54/499     4.18G     0.583      4.56         0      5.15       300       416     0.229     0.615     0.401     0.333      1.58      5.04         0
    55/499     4.18G     0.642      4.36         0      5.01       220       416     0.225     0.595     0.391     0.327       1.6      4.88         0
    56/499     4.18G     0.622      4.17         0      4.79       178       416     0.242     0.633     0.412      0.35      1.54      4.74         0
    57/499     4.18G       0.6      3.98         0      4.58       242       416     0.246     0.635     0.431     0.355      1.56       4.6         0
    58/499     4.18G     0.584      3.81         0      4.39       218       416     0.222     0.587     0.381     0.322       1.6      4.36         0
    59/499     4.18G     0.587      3.64         0      4.23       232       416     0.256     0.643     0.456     0.366      1.54      4.25         0
    60/499     4.18G     0.587      3.49         0      4.08       215       416     0.254      0.63     0.453     0.362      1.55      4.06         0
    61/499     4.18G     0.574      3.36         0      3.93       189       416     0.234     0.595     0.422     0.336      1.57      4.01         0
    62/499     4.18G     0.566      3.21         0      3.77       234       416     0.223     0.568     0.392      0.32      1.63      3.86         0
    63/499     4.18G     0.545      3.08         0      3.62       196       416     0.248     0.625     0.431     0.355      1.57      3.77         0
    64/499     4.18G     0.558      2.96         0      3.51       220       416     0.225     0.582      0.39     0.325      1.58      3.65         0
    65/499     4.18G     0.557      2.85         0       3.4       304       416     0.239     0.611     0.422     0.344      1.56      3.55         0
    66/499     4.18G      0.53      2.73         0      3.26       249       416     0.262     0.643     0.437     0.372      1.52      3.49         0
    67/499     4.18G     0.561      2.63         0      3.19       290       416     0.236     0.589     0.382     0.337      1.59      3.42         0
    68/499     4.18G     0.537      2.54         0      3.08       214       416     0.262     0.624     0.425     0.369      1.57      3.27         0
    69/499     4.18G     0.502      2.43         0      2.93       194       416     0.252     0.593     0.393     0.354      1.57      3.18         0
    70/499     4.18G     0.558      2.35         0      2.91       210       416     0.261     0.595     0.375     0.363      1.58      3.13         0
    71/499     4.18G     0.552      2.27         0      2.82       227       416     0.262     0.579     0.358     0.361      1.61      3.08         0
    72/499     4.18G     0.537      2.19         0      2.72       239       416     0.287     0.602     0.396     0.389      1.56      3.01         0
    73/499     4.18G     0.529      2.11         0      2.64       221       416       0.3     0.613     0.396     0.403      1.55      2.92         0
    74/499     4.18G     0.544      2.04         0      2.59       225       416     0.302     0.634      0.43     0.409      1.55      2.87         0
    75/499     4.18G     0.511      1.98         0      2.49       226       416       0.3     0.627     0.423     0.405      1.57      2.85         0
    76/499     4.18G      0.53      1.91         0      2.44       162       416     0.288       0.6     0.382     0.389      1.56      2.82         0
    77/499     4.18G     0.487      1.86         0      2.34       200       416     0.311     0.606     0.398     0.411      1.58      2.76         0
    78/499     4.18G     0.527      1.79         0      2.32       211       416     0.307     0.623     0.413     0.411      1.55      2.67         0
    79/499     4.18G     0.499      1.74         0      2.24       222       416     0.303     0.606     0.397     0.404      1.54       2.6         0
    80/499     4.18G     0.477      1.68         0      2.16       223       416     0.321     0.629     0.432     0.425      1.56      2.56         0
    81/499     4.18G     0.544      1.64         0      2.19       261       416     0.312     0.594     0.406      0.41      1.58      2.55         0
    82/499     4.18G     0.515      1.59         0      2.11       288       416     0.347     0.649     0.456     0.452       1.5      2.48         0
    83/499     4.18G     0.521      1.54         0      2.06       241       416     0.324     0.626     0.426     0.426      1.52      2.49         0
    84/499     4.18G     0.502       1.5         0         2       303       416     0.356     0.646     0.441     0.459      1.54      2.44         0
    85/499     4.18G     0.513      1.46         0      1.97       267       416     0.354     0.666     0.454     0.462       1.5      2.38         0
    86/499     4.18G     0.529      1.42         0      1.95       292       416     0.361     0.657     0.459     0.466      1.54       2.4         0
    87/499     4.18G      0.51      1.38         0      1.89       224       416     0.369     0.675     0.475     0.477      1.52      2.39         0
    88/499     4.18G     0.507      1.34         0      1.85       223       416     0.347     0.645     0.429     0.452      1.51      2.32         0
    89/499     4.18G     0.491      1.32         0      1.81       293       416     0.367     0.631     0.424     0.464      1.52      2.25         0
    90/499     4.18G      0.48      1.27         0      1.75       294       416     0.318     0.603     0.386     0.416      1.59      2.32         0
    91/499     4.18G     0.519      1.25         0      1.77       290       416     0.348     0.638     0.432     0.451      1.53      2.26         0
    92/499     4.18G     0.497      1.22         0      1.71       226       416     0.353     0.656     0.444     0.459       1.5       2.2         0
    93/499     4.18G     0.498      1.19         0      1.69       200       416     0.327     0.599     0.387     0.423      1.58      2.21         0
    94/499     4.18G     0.495      1.15         0      1.65       157       416     0.329     0.623       0.4     0.431      1.56      2.18         0
    95/499     4.18G     0.457      1.13         0      1.59       232       416     0.356     0.643     0.431     0.459      1.52      2.12         0
    96/499     4.18G     0.497       1.1         0       1.6       232       416     0.318      0.62     0.399      0.42      1.52      2.12         0
    97/499     4.18G     0.482      1.08         0      1.56       201       416     0.368     0.662     0.457     0.473      1.52      2.12         0
    98/499     4.18G      0.49      1.06         0      1.55       236       416     0.328     0.595     0.382     0.423      1.58      2.11         0
    99/499     4.18G     0.491      1.03         0      1.52       192       416     0.362     0.622      0.43     0.458      1.54      2.07         0
   100/499     4.18G     0.496      1.02         0      1.52       215       416     0.362     0.643     0.453     0.463      1.53      2.06         0
   101/499     4.18G      0.46     0.985         0      1.45       232       416     0.372     0.626     0.412     0.466      1.54      2.01         0
   102/499     4.18G     0.451     0.952         0       1.4       166       416      0.34     0.584     0.356      0.43      1.57         2         0
   103/499     4.18G     0.454     0.943         0       1.4       286       416     0.396     0.675     0.472     0.499      1.49      1.99         0
   104/499     4.18G      0.46     0.921         0      1.38       222       416     0.366      0.64     0.434     0.466      1.56      2.01         0
   105/499     4.18G     0.456     0.894         0      1.35       223       416     0.361      0.63     0.415     0.459      1.55      1.99         0
   106/499     4.18G     0.446     0.889         0      1.33       179       416     0.347     0.626     0.408     0.447      1.57      2.01         0
   107/499     4.18G     0.454     0.871         0      1.32       179       416     0.383     0.643      0.44      0.48      1.56      1.99         0
   108/499     4.18G     0.446      0.86         0      1.31       263       416     0.356     0.613     0.402      0.45      1.57      1.97         0
   109/499     4.18G     0.447     0.833         0      1.28       170       416      0.35     0.606     0.382     0.444      1.59      1.95         0
   110/499     4.18G      0.44     0.815         0      1.26       203       416     0.383     0.621     0.422     0.474      1.57      1.93         0
   111/499     4.18G     0.447     0.797         0      1.24       225       416     0.398     0.648      0.45     0.493      1.53       1.9         0
   112/499     4.18G     0.468     0.789         0      1.26       195       416     0.345     0.613     0.389     0.441      1.56      1.93         0
   113/499     4.18G     0.499     0.767         0      1.27       247       416      0.37     0.633     0.416     0.467      1.55       1.9         0
   114/499     4.18G     0.449     0.764         0      1.21       226       416      0.37     0.648     0.429     0.471      1.51      1.88         0
   115/499     4.18G     0.465     0.746         0      1.21       233       416     0.369     0.647     0.425      0.47      1.51      1.89         0
   116/499     4.18G     0.434     0.724         0      1.16       177       416     0.364      0.64     0.418     0.464      1.54      1.89         0
   117/499     4.18G     0.469     0.723         0      1.19       179       416     0.373     0.625     0.407     0.467      1.55      1.85         0
   118/499     4.18G      0.47     0.718         0      1.19       266       416     0.384      0.64     0.415      0.48      1.53      1.87         0
   119/499     4.18G     0.447     0.697         0      1.14       205       416     0.384     0.633     0.392     0.478      1.55      1.89         0
   120/499     4.18G     0.456     0.683         0      1.14       204       416     0.366     0.623      0.38     0.461      1.54      1.88         0
   121/499     4.18G     0.437     0.668         0       1.1       227       416     0.389     0.641     0.415     0.484      1.51      1.84         0
   122/499     4.18G     0.436     0.663         0       1.1       221       416     0.403      0.66     0.433     0.501      1.52      1.84         0
   123/499     4.18G     0.439      0.65         0      1.09       244       416     0.358     0.616     0.376     0.453      1.55      1.83         0
   124/499     4.18G     0.435     0.641         0      1.08       209       416     0.389     0.654     0.429     0.488      1.49      1.79         0
   125/499     4.18G     0.428     0.629         0      1.06       180       416     0.397     0.683     0.459     0.502      1.49      1.82         0
   126/499     4.18G     0.466     0.617         0      1.08       216       416     0.361     0.619     0.386     0.456      1.54      1.77         0
   127/499     4.18G     0.443     0.617         0      1.06       220       416     0.399      0.66     0.435     0.497      1.49      1.75         0
   128/499     4.18G     0.433     0.612         0      1.05       232       416      0.37     0.586     0.378     0.454       1.6      1.79         0
   129/499     4.18G     0.434       0.6         0      1.03       160       416     0.393     0.636     0.416     0.486      1.53      1.76         0
   130/499     4.18G     0.418     0.586         0         1       225       416     0.385     0.647     0.405     0.483       1.5      1.76         0
   131/499     4.18G     0.431     0.577         0      1.01       211       416     0.384     0.623     0.396     0.475      1.55      1.76         0
   132/499     4.18G     0.432     0.571         0         1       299       416     0.389      0.66     0.428      0.49      1.52      1.77         0
   133/499     4.18G     0.394     0.551         0     0.945       231       416     0.375     0.645     0.417     0.474      1.53      1.75         0
   134/499     4.18G     0.412      0.54         0     0.952       261       416     0.362     0.617     0.385     0.456      1.56      1.77         0
   135/499     4.18G     0.448     0.535         0     0.983       217       416     0.353     0.621     0.382      0.45      1.57       1.8         0
   136/499     4.18G     0.436     0.536         0     0.972       216       416     0.375     0.647     0.411     0.475      1.53       1.8         0
   137/499     4.18G     0.426     0.522         0     0.948       233       416     0.417      0.66     0.454     0.511      1.52      1.74         0
   138/499     4.18G     0.417     0.523         0      0.94       233       416     0.393      0.64     0.417     0.487      1.53      1.74         0
   139/499     4.18G     0.397     0.509         0     0.906       233       416     0.402     0.654     0.424     0.498      1.51      1.76         0
   140/499     4.18G     0.414     0.516         0      0.93       252       416     0.413     0.641     0.422     0.503      1.53      1.75         0
   141/499     4.18G     0.388     0.501         0     0.888       214       416     0.364     0.604     0.364     0.454      1.58      1.77         0
   142/499     4.18G     0.395     0.482         0     0.877       248       416     0.423      0.64     0.415     0.509      1.51      1.69         0
   143/499     4.18G     0.428     0.488         0     0.915       185       416     0.397     0.614     0.404     0.482      1.55      1.71         0
   144/499     4.18G      0.43     0.484         0     0.914       219       416      0.41     0.658      0.44     0.505      1.53      1.72         0
   145/499     4.18G     0.429     0.477         0     0.906       236       416     0.406     0.654     0.433     0.501      1.51      1.72         0
   146/499     4.18G      0.44      0.47         0     0.911       210       416     0.399     0.643     0.405     0.493      1.55       1.7         0
   147/499     4.18G     0.404     0.453         0     0.857       223       416     0.389     0.671      0.41     0.493      1.52      1.75         0
   148/499     4.18G     0.405     0.454         0     0.858       178       416     0.393     0.645     0.393     0.488      1.53      1.74         0
   149/499     4.18G     0.431      0.45         0      0.88       150       416     0.386     0.632     0.397     0.479      1.53      1.69         0
   150/499     4.18G     0.424     0.448         0     0.872       243       416     0.412     0.653     0.421     0.505      1.52      1.67         0
   151/499     4.18G     0.419     0.434         0     0.853       233       416      0.41     0.659     0.425     0.506      1.52      1.69         0
   152/499     4.18G     0.438     0.435         0     0.873       232       416     0.437     0.666      0.44     0.528      1.51      1.67         0
   153/499     4.18G     0.407     0.429         0     0.836       234       416     0.407     0.621     0.407     0.491      1.53      1.67         0
   154/499     4.18G     0.412     0.421         0     0.834       176       416      0.39     0.648     0.404     0.487      1.51      1.72         0
   155/499     4.18G     0.399      0.42         0     0.819       206       416     0.371     0.623     0.378     0.465      1.57      1.71         0
   156/499     4.18G     0.423      0.41         0     0.833       219       416     0.383     0.632     0.386     0.477      1.55      1.67         0
   157/499     4.18G     0.417     0.411         0     0.828       205       416     0.404     0.657     0.441     0.501      1.51      1.68         0
   158/499     4.18G     0.386     0.403         0     0.789       254       416     0.402     0.602     0.396     0.482      1.59      1.68         0
   159/499     4.18G     0.412     0.403         0     0.815       247       416     0.448     0.681     0.469     0.541      1.51      1.66         0
   160/499     4.18G     0.387     0.394         0     0.781       219       416      0.39     0.618       0.4     0.478      1.55      1.68         0
   161/499     4.18G     0.413     0.402         0     0.816       212       416     0.415     0.644     0.424     0.505      1.53      1.66         0
   162/499     4.18G     0.421     0.389         0      0.81       234       416     0.386      0.64     0.406     0.481      1.54       1.7         0
   163/499     4.18G     0.394     0.387         0     0.781       302       416     0.375     0.618     0.384     0.467      1.58       1.7         0
   164/499     4.18G     0.375     0.377         0     0.752       153       416     0.411     0.674     0.434      0.51      1.52      1.69         0
   165/499     4.18G     0.378     0.379         0     0.757       261       416     0.387     0.607     0.386     0.472      1.58      1.69         0
   166/499     4.18G     0.383     0.379         0     0.763       264       416     0.439     0.655     0.444     0.525      1.52      1.63         0
   167/499     4.18G     0.406     0.373         0     0.779       229       416     0.409     0.614     0.408     0.491      1.57      1.64         0
   168/499     4.18G     0.379      0.36         0     0.739       138       416     0.392     0.612     0.384     0.478      1.57      1.67         0
   169/499     4.18G     0.386     0.361         0     0.747       272       416      0.44     0.665     0.445     0.529      1.52      1.64         0
   170/499     4.18G      0.38     0.354         0     0.734       182       416     0.395     0.637     0.404     0.488      1.54      1.64         0
   171/499     4.18G     0.368     0.349         0     0.716       172       416     0.423     0.644     0.431      0.51      1.52      1.62         0
   172/499     4.18G     0.372     0.349         0     0.721       207       416     0.438     0.676     0.457     0.531       1.5      1.62         0
   173/499     4.18G     0.381      0.34         0     0.721       188       416     0.375     0.596     0.355     0.461      1.56      1.65         0
   174/499     4.18G     0.384     0.341         0     0.726       221       416     0.395     0.625     0.385     0.484      1.54      1.67         0
   175/499     4.18G     0.379     0.336         0     0.715       183       416     0.401     0.636     0.393     0.492      1.53      1.67         0
   176/499     4.18G     0.393     0.344         0     0.737       228       416     0.377     0.597     0.358     0.462      1.58      1.69         0
   177/499     4.18G     0.406     0.333         0     0.739       221       416     0.385     0.677     0.435     0.491      1.52      1.74         0
   178/499     4.18G     0.343     0.329         0     0.672       200       416     0.381     0.624     0.396     0.473      1.55      1.65         0
   179/499     4.18G     0.381     0.319         0       0.7       204       416     0.403     0.666     0.433     0.503      1.52      1.65         0
   180/499     4.18G     0.384     0.319         0     0.703       213       416     0.417     0.653     0.426     0.509      1.54      1.67         0
   181/499     4.18G     0.375     0.318         0     0.693       218       416     0.373     0.636     0.398      0.47      1.55      1.68         0
   182/499     4.18G     0.359     0.315         0     0.675       247       416     0.389     0.657     0.413     0.489      1.53      1.67         0
   183/499     4.18G     0.373     0.315         0     0.687       207       416     0.382     0.629     0.396     0.475      1.56      1.67         0
   184/499     4.18G     0.371     0.311         0     0.682       207       416     0.452     0.697     0.474     0.549      1.48      1.61         0
   185/499     4.18G     0.385       0.3         0     0.685       237       416     0.423     0.648     0.427     0.512      1.53      1.64         0
   186/499     4.18G     0.348     0.302         0      0.65       194       416      0.43     0.669     0.449     0.524      1.53      1.66         0
   187/499     4.18G      0.41     0.304         0     0.714       197       416     0.418     0.663     0.436     0.513      1.53      1.64         0
   188/499     4.18G     0.364     0.285         0     0.649       177       416     0.429     0.653     0.433     0.518      1.53      1.62         0
   189/499     4.18G     0.367     0.293         0      0.66       154       416     0.438     0.689     0.458     0.535      1.49      1.64         0
   190/499     4.18G     0.387     0.286         0     0.673       218       416     0.394      0.64      0.39     0.488      1.54       1.7         0
   191/499     4.18G     0.401     0.286         0     0.687       224       416     0.404     0.646     0.393     0.497      1.53      1.65         0
   192/499     4.18G     0.329     0.294         0     0.623       200       416     0.392     0.652     0.407      0.49      1.53      1.64         0
   193/499     4.18G     0.367     0.279         0     0.646       172       416     0.432     0.643      0.43     0.516      1.56      1.62         0
   194/499     4.18G     0.362     0.286         0     0.648       239       416     0.454     0.648     0.443     0.533      1.55      1.61         0
   195/499     4.18G     0.375     0.282         0     0.657       215       416     0.431     0.668     0.452     0.524       1.5       1.6         0
   196/499     4.18G     0.357     0.281         0     0.638       278       416     0.386     0.617     0.378     0.474      1.57      1.64         0
   197/499     4.18G     0.366     0.272         0     0.638       241       416     0.444     0.663     0.437     0.531      1.52      1.63         0
   198/499     4.18G     0.358     0.273         0     0.632       203       416     0.404     0.609     0.377     0.486      1.55      1.61         0
   199/499     4.18G     0.418     0.274         0     0.692       256       416     0.429     0.636     0.426     0.512      1.54      1.61         0
   200/499     4.18G      0.34     0.263         0     0.603       190       416     0.425     0.649     0.435     0.513      1.53      1.62         0
   201/499     4.18G     0.302     0.264         0     0.565       137       416     0.428     0.637     0.429     0.512      1.54      1.62         0
   202/499     4.18G     0.345     0.265         0      0.61       254       416     0.436     0.635     0.435     0.517      1.54      1.62         0
   203/499     4.18G     0.331     0.259         0      0.59       214       416     0.441     0.652     0.448     0.526      1.52      1.62         0
   204/499     4.18G     0.328     0.264         0     0.591       234       416     0.442     0.646     0.441     0.525      1.53      1.63         0
   205/499     4.18G     0.313     0.267         0      0.58       263       416     0.446     0.643     0.438     0.527      1.53      1.62         0
   206/499     4.18G     0.307      0.26         0     0.567       201       416     0.436     0.645     0.427      0.52      1.54      1.62         0
   207/499     4.18G     0.315     0.265         0      0.58       250       416      0.43     0.642      0.42     0.515      1.54      1.62         0
   208/499     4.18G       0.3     0.265         0     0.565       253       416     0.433     0.645     0.422     0.518      1.54      1.62         0
   209/499     4.18G     0.303     0.261         0     0.564       258       416     0.423     0.642     0.419      0.51      1.55      1.63         0
   210/499     4.18G     0.305     0.261         0     0.566       185       416     0.416     0.644     0.416     0.506      1.55      1.63         0
   211/499     4.18G     0.288     0.264         0     0.552       201       416     0.424     0.651     0.425     0.514      1.53      1.62         0
   212/499     4.18G     0.279     0.252         0     0.531       191       416     0.421     0.663     0.429     0.515      1.52      1.63         0
   213/499     4.18G     0.288     0.261         0     0.549       207       416     0.426     0.656     0.428     0.516      1.53      1.62         0
   214/499     4.18G     0.257     0.261         0     0.518       229       416     0.433      0.65     0.429      0.52      1.54      1.62         0
   215/499     4.18G     0.287     0.259         0     0.546       230       416     0.429      0.66     0.435      0.52      1.53      1.64         0
   216/499     4.18G     0.288     0.258         0     0.546       237       416     0.438     0.659     0.435     0.527      1.53      1.63         0
   217/499     4.18G     0.279      0.25         0     0.529       198       416     0.428     0.661     0.431      0.52      1.53      1.63         0
   218/499     4.18G     0.279     0.254         0     0.533       238       416     0.427     0.646     0.418     0.514      1.54      1.63         0
   219/499     4.18G     0.285     0.254         0     0.538       297       416     0.432     0.654     0.424     0.521      1.53      1.63         0
   220/499     4.18G      0.27     0.251         0     0.521       267       416     0.431     0.655     0.423      0.52      1.54      1.64         0
   221/499     4.18G     0.285     0.257         0     0.542       260       416     0.437     0.652     0.429     0.524      1.54      1.64         0
   222/499     4.18G     0.278     0.254         0     0.532       245       416     0.438     0.651      0.43     0.524      1.54      1.63         0
   223/499     4.18G     0.259     0.254         0     0.513       230       416     0.431     0.649     0.418     0.518      1.54      1.64         0
   224/499     4.18G     0.271     0.251         0     0.522       242       416     0.419     0.654     0.416      0.51      1.54      1.66         0
   225/499     4.18G     0.278     0.252         0      0.53       243       416     0.418     0.654     0.417      0.51      1.54      1.66         0
   226/499     4.18G     0.272     0.252         0     0.525       274       416     0.426     0.653     0.421     0.516      1.54      1.64         0
   227/499     4.18G     0.269     0.254         0     0.523       214       416     0.416     0.645     0.412     0.506      1.55      1.66         0
   228/499     4.18G     0.272     0.255         0     0.527       157       416     0.421     0.647     0.412      0.51      1.54      1.65         0
   229/499     4.18G     0.268     0.245         0     0.513       144       416     0.413      0.65     0.408     0.505      1.54      1.66         0
   230/499     4.18G     0.264     0.248         0     0.512       286       416     0.417     0.646      0.41     0.507      1.55      1.66         0
   231/499     4.18G     0.258     0.242         0       0.5       184       416     0.405     0.642     0.404     0.497      1.56      1.67         0
   232/499     4.18G     0.276     0.247         0     0.523       148       416     0.418      0.65     0.417     0.509      1.55      1.66         0
   233/499     4.18G     0.269     0.248         0     0.517       189       416     0.417      0.66     0.423     0.511      1.54      1.67         0
   234/499     4.18G     0.263     0.243         0     0.506       257       416     0.421     0.652     0.421     0.512      1.54      1.65         0
   235/499     4.18G     0.257     0.248         0     0.505       191       416     0.424     0.654     0.421     0.514      1.54      1.65         0
   236/499     4.18G     0.269     0.251         0     0.519       286       416     0.426     0.655     0.423     0.516      1.54      1.65         0
   237/499     4.18G     0.253     0.251         0     0.504       197       416     0.418     0.653     0.415      0.51      1.55      1.66         0
   238/499     4.18G     0.256     0.246         0     0.502       193       416     0.421     0.655     0.415     0.512      1.54      1.67         0
   239/499     4.18G     0.255     0.249         0     0.504       238       416     0.437     0.654     0.422     0.524      1.54      1.65         0
   240/499     4.18G     0.268     0.251         0     0.519       188       416     0.418     0.655     0.415     0.511      1.54      1.66         0
   241/499     4.18G     0.271      0.24         0     0.511       168       416     0.416     0.655     0.413     0.509      1.54      1.66         0
   242/499     4.18G     0.263     0.247         0      0.51       252       416     0.428     0.655     0.421     0.518      1.55      1.65         0
   243/499     4.18G     0.246     0.237         0     0.483       255       416     0.419      0.66     0.419     0.513      1.54      1.66         0
   244/499     4.18G     0.234     0.239         0     0.473       157       416     0.416     0.649      0.41     0.507      1.55      1.66         0
   245/499     4.18G     0.247     0.247         0     0.494       249       416     0.423     0.652      0.42     0.513      1.55      1.66         0
   246/499     4.18G     0.254     0.248         0     0.502       148       416     0.428     0.659     0.427     0.519      1.54      1.66         0
   247/499     4.18G     0.245     0.244         0     0.489       187       416     0.426     0.653     0.424     0.516      1.55      1.66         0
   248/499     4.18G     0.246     0.241         0     0.487       193       416     0.416     0.651     0.417     0.508      1.55      1.67         0
   249/499     4.18G     0.257     0.246         0     0.503       256       416      0.42     0.638     0.412     0.506      1.56      1.66         0
   250/499     4.18G     0.238     0.235         0     0.473       222       416     0.421     0.657     0.421     0.513      1.55      1.67         0
   251/499     4.18G     0.262     0.244         0     0.506       205       416     0.417     0.645     0.414     0.507      1.56      1.67         0
   252/499     4.18G      0.23     0.236         0     0.467       186       416     0.426      0.66     0.429     0.518      1.54      1.66         0
   253/499     4.18G     0.241     0.245         0     0.486       266       416     0.426      0.65     0.419     0.515      1.55      1.65         0
   254/499     4.18G     0.254     0.238         0     0.493       271       416      0.43     0.657     0.427      0.52      1.54      1.66         0
   255/499     4.18G      0.26     0.241         0       0.5       200       416     0.427     0.654     0.422     0.517      1.55      1.66         0
   256/499     4.18G     0.242      0.24         0     0.482       185       416     0.423     0.653     0.418     0.514      1.55      1.67         0
   257/499     4.18G     0.261     0.241         0     0.502       171       416     0.422     0.654     0.417     0.513      1.55      1.67         0
   258/499     4.18G     0.262     0.235         0     0.497       244       416     0.427     0.652     0.416     0.516      1.55      1.67         0
   259/499     4.18G     0.238     0.237         0     0.476       241       416     0.427     0.656     0.419     0.517      1.55      1.67         0
   260/499     4.18G     0.257     0.239         0     0.496       333       416     0.442     0.659     0.431     0.529      1.54      1.65         0
   261/499     4.18G     0.249     0.239         0     0.488       210       416     0.429     0.656     0.421     0.519      1.54      1.67         0
   262/499     4.18G     0.265     0.232         0     0.497       302       416     0.431     0.652     0.419     0.519      1.55      1.66         0
   263/499     4.18G      0.25     0.254         0     0.504       265       416     0.428     0.651     0.418     0.516      1.55      1.67         0
   264/499     4.18G     0.239     0.234         0     0.473       237       416     0.428     0.656     0.417     0.518      1.54      1.65         0
   265/499     4.18G     0.244      0.24         0     0.484       162       416     0.432     0.651     0.419     0.519      1.54      1.65         0
   266/499     4.18G     0.258     0.237         0     0.494       249       416     0.435     0.655     0.424     0.523      1.54      1.65         0
   267/499     4.18G     0.233     0.234         0     0.468       277       416     0.433     0.657     0.425     0.522      1.53      1.66         0
   268/499     4.18G     0.252     0.237         0     0.489       170       416     0.435     0.662     0.429     0.525      1.53      1.66         0
   269/499     4.18G     0.232     0.237         0      0.47       232       416     0.438     0.656     0.424     0.526      1.54      1.65         0
   270/499     4.18G     0.245     0.234         0     0.479       262       416     0.426     0.652     0.417     0.516      1.54      1.66         0
   271/499     4.18G     0.251     0.226         0     0.476       176       416     0.415     0.656     0.414     0.508      1.54      1.68         0
   272/499     4.18G      0.26     0.229         0     0.489       268       416     0.431     0.655     0.422      0.52      1.55      1.66         0
   273/499     4.18G      0.24     0.236         0     0.477       255       416     0.425     0.652      0.42     0.514      1.55      1.67         0
   274/499     4.18G     0.226     0.234         0      0.46       153       416     0.418     0.657     0.415     0.511      1.55      1.68         0
   275/499     4.18G     0.242     0.237         0     0.478       247       416     0.422     0.651     0.416     0.512      1.55      1.67         0
   276/499     4.18G     0.248     0.233         0     0.481       173       416     0.407     0.648     0.402       0.5      1.56       1.7         0
   277/499     4.18G     0.245     0.236         0     0.481       212       416     0.426     0.653     0.419     0.515      1.55      1.67         0
   278/499     4.18G     0.233     0.235         0     0.468       195       416     0.419     0.654     0.411     0.511      1.55      1.67         0
   279/499     4.18G     0.236     0.233         0     0.469       233       416     0.413     0.644     0.402     0.503      1.56      1.67         0
   280/499     4.18G     0.236     0.234         0      0.47       244       416     0.414     0.643     0.405     0.503      1.56      1.68         0
   281/499     4.18G     0.238     0.234         0     0.472       250       416     0.423     0.656     0.419     0.514      1.55      1.68         0
   282/499     4.18G     0.231     0.237         0     0.468       175       416     0.418     0.651     0.413     0.509      1.56      1.68         0
   283/499     4.18G     0.234     0.228         0     0.463       201       416     0.422     0.651     0.417     0.512      1.55      1.66         0
   284/499     4.18G     0.242     0.236         0     0.478       215       416     0.418     0.646     0.409     0.508      1.57      1.68         0
   285/499     4.18G     0.239     0.231         0     0.469       183       416     0.426     0.661     0.423     0.518      1.54      1.67         0
   286/499     4.18G     0.237     0.234         0      0.47       341       416     0.425     0.657     0.416     0.516      1.55      1.66         0
   287/499     4.18G     0.239      0.23         0     0.469       240       416     0.414     0.642     0.405     0.503      1.56      1.67         0
   288/499     4.18G     0.232     0.233         0     0.465       178       416     0.415     0.642     0.403     0.504      1.57      1.67         0
   289/499     4.18G     0.236     0.231         0     0.467       290       416     0.428      0.66     0.422      0.52      1.54      1.66         0
   290/499     4.18G     0.239     0.227         0     0.466       216       416     0.429     0.657     0.413     0.519      1.55      1.65         0
   291/499     4.18G     0.233     0.232         0     0.465       169       416     0.422     0.651     0.409     0.512      1.56      1.67         0
   292/499     4.18G     0.233     0.225         0     0.458       257       416      0.44     0.663      0.43     0.529      1.54      1.65         0
   293/499     4.18G     0.244     0.232         0     0.476       203       416     0.428      0.65     0.418     0.516      1.56      1.67         0
   294/499     4.18G     0.242     0.227         0     0.469       275       416     0.432     0.651     0.419     0.519      1.56      1.66         0
   295/499     4.18G     0.237     0.236         0     0.474       200       416      0.44      0.66     0.431     0.528      1.55      1.66         0
   296/499     4.18G      0.24      0.23         0      0.47       238       416     0.426      0.65     0.411     0.515      1.55      1.67         0
   297/499     4.18G     0.232     0.226         0     0.458       175       416     0.426     0.655     0.411     0.516      1.55      1.67         0
   298/499     4.18G     0.253     0.232         0     0.485       202       416     0.426      0.66     0.416     0.518      1.54      1.67         0
   299/499     4.18G     0.228     0.228         0     0.456       354       416     0.438     0.647     0.411     0.522      1.55      1.65         0
   300/499     4.18G     0.235      0.23         0     0.466       113       416     0.412     0.646     0.397     0.503      1.56      1.68         0
   301/499     4.18G     0.228     0.218         0     0.447       185       416     0.416      0.66      0.41      0.51      1.54      1.69         0
   302/499     4.18G     0.233     0.228         0      0.46       196       416     0.413     0.644     0.396     0.503      1.56      1.68         0
   303/499     4.18G      0.24     0.236         0     0.477       167       416     0.417     0.641     0.398     0.505      1.56      1.68         0
   304/499     4.18G     0.233     0.222         0     0.454       274       416     0.412     0.649       0.4     0.504      1.56      1.68         0
   305/499     4.18G     0.236     0.237         0     0.473       247       416     0.429     0.666     0.425     0.522      1.54      1.68         0
   306/499     4.18G     0.228     0.224         0     0.453       247       416     0.431     0.652      0.42     0.519      1.55      1.65         0
   307/499     4.18G     0.231     0.226         0     0.458       197       416     0.423     0.658     0.419     0.515      1.55      1.66         0
   308/499     4.18G     0.231     0.225         0     0.457       250       416     0.429     0.653     0.423     0.518      1.56      1.66         0
   309/499     4.18G     0.242     0.224         0     0.465       201       416     0.433     0.653     0.424      0.52      1.56      1.67         0
   310/499     4.18G     0.216     0.227         0     0.443       222       416     0.423     0.646     0.411     0.511      1.57      1.68         0
   311/499     4.18G     0.233     0.222         0     0.455       208       416     0.419     0.648     0.412     0.509      1.57      1.68         0
   312/499     4.18G     0.207     0.218         0     0.425       306       416     0.426     0.655     0.421     0.516      1.55      1.67         0
   313/499     4.18G     0.231     0.223         0     0.454       209       416     0.425     0.647     0.413     0.513      1.56      1.67         0
   314/499     4.18G     0.219      0.22         0     0.439       241       416     0.424     0.646     0.414     0.512      1.56      1.67         0
   315/499     4.18G     0.255     0.221         0     0.476       169       416     0.413     0.645     0.407     0.504      1.56      1.68         0
   316/499     4.18G     0.226     0.223         0     0.449       227       416      0.42     0.648      0.41     0.509      1.56      1.67         0
   317/499     4.18G      0.23      0.22         0      0.45       251       416     0.424     0.649     0.409     0.513      1.55      1.66         0
   318/499     4.18G     0.226     0.222         0     0.448       236       416     0.429     0.649     0.412     0.516      1.56      1.66         0
   319/499     4.18G     0.234     0.224         0     0.458       204       416      0.42     0.654     0.414     0.511      1.56      1.68         0
   320/499     4.18G      0.23     0.219         0     0.449       233       416     0.426      0.66     0.421     0.518      1.55      1.67         0
   321/499     4.18G     0.218     0.216         0     0.435       229       416     0.428     0.651     0.416     0.516      1.57      1.66         0
   322/499     4.18G      0.23     0.223         0     0.453       170       416     0.418     0.654     0.411      0.51      1.57      1.68         0
   323/499     4.18G     0.223     0.222         0     0.445       192       416     0.418     0.652     0.413     0.509      1.57      1.68         0
   324/499     4.18G     0.229     0.214         0     0.443       226       416     0.419     0.661     0.418     0.513      1.56      1.69         0
   325/499     4.18G     0.231     0.214         0     0.445       256       416     0.422     0.655     0.413     0.513      1.56      1.67         0
   326/499     4.18G     0.224     0.217         0     0.441       205       416     0.412     0.651     0.405     0.505      1.56      1.69         0
   327/499     4.18G      0.23     0.216         0     0.447       254       416     0.418     0.642       0.4     0.507      1.57      1.69         0
   328/499     4.18G     0.237     0.222         0     0.459       215       416     0.428     0.645     0.408     0.515      1.57      1.68         0
   329/499     4.18G     0.232     0.216         0     0.447       203       416     0.427      0.66     0.418     0.518      1.55      1.69         0
   330/499     4.18G      0.23     0.219         0      0.45       228       416     0.422      0.65     0.408     0.511      1.56      1.68         0
   331/499     4.18G     0.226     0.224         0     0.449       233       416     0.432     0.655     0.419     0.521      1.56      1.67         0
   332/499     4.18G     0.219     0.214         0     0.433       251       416     0.428     0.656     0.413     0.518      1.56      1.67         0
   333/499     4.18G     0.227     0.221         0     0.448       152       416     0.425     0.652     0.412     0.515      1.56      1.68         0
   334/499     4.18G     0.215     0.217         0     0.431       163       416     0.423     0.652      0.41     0.513      1.56      1.68         0
   335/499     4.18G     0.225     0.224         0     0.449       177       416     0.436     0.644      0.41      0.52      1.57      1.66         0
   336/499     4.18G     0.229     0.217         0     0.446       186       416     0.438     0.655     0.419     0.525      1.55      1.65         0
   337/499     4.18G     0.229     0.214         0     0.443       275       416     0.426     0.655     0.412     0.516      1.55      1.67         0
   338/499     4.18G     0.243     0.223         0     0.466       211       416     0.427     0.648     0.401     0.515      1.56      1.67         0
   339/499     4.18G     0.223     0.208         0     0.431       188       416     0.425     0.655     0.406     0.515      1.55      1.67         0
   340/499     4.18G     0.225     0.209         0     0.433       212       416     0.419     0.658     0.404     0.512      1.55      1.68         0
   341/499     4.18G     0.223     0.212         0     0.436       171       416     0.431     0.661     0.415     0.521      1.55      1.66         0
   342/499     4.18G     0.218     0.211         0     0.429       235       416     0.432     0.656      0.41     0.521      1.56      1.67         0
   343/499     4.18G     0.225     0.214         0     0.438       368       416     0.443     0.651     0.416     0.527      1.56      1.66         0
   344/499     4.18G     0.225     0.216         0     0.441       227       416     0.432     0.666     0.416     0.524      1.54      1.68         0
   345/499     4.18G     0.228     0.217         0     0.446       278       416     0.431     0.654     0.409     0.519      1.55      1.67         0
   346/499     4.18G     0.227     0.213         0      0.44       271       416     0.422     0.646     0.396      0.51      1.56      1.67         0
   347/499     4.18G     0.215     0.209         0     0.424       185       416     0.423     0.662     0.405     0.516      1.55      1.67         0
   348/499     4.18G     0.221     0.213         0     0.435       249       416      0.43     0.654     0.404     0.519      1.55      1.66         0
   349/499     4.18G     0.212     0.209         0     0.421       230       416     0.425     0.659     0.402     0.517      1.54      1.66         0
   350/499     4.18G     0.215     0.211         0     0.426       204       416     0.429     0.659     0.403      0.52      1.55      1.67         0
   351/499     4.18G     0.212     0.216         0     0.428       210       416     0.421      0.65     0.396     0.511      1.56      1.68         0
   352/499     4.18G     0.208     0.213         0      0.42       219       416     0.418     0.649     0.394     0.508      1.56      1.68         0
   353/499     4.18G     0.209     0.213         0     0.422       233       416     0.431     0.653      0.41     0.519      1.55      1.66         0
   354/499     4.18G     0.223     0.213         0     0.436       216       416     0.423      0.65     0.405     0.513      1.55      1.68         0
   355/499     4.18G     0.214     0.209         0     0.424       216       416     0.423     0.655     0.407     0.514      1.55      1.68         0
   356/499     4.18G     0.208     0.213         0     0.421       266       416     0.433     0.657     0.414     0.522      1.55      1.67         0
   357/499     4.18G     0.225     0.213         0     0.438       213       416     0.431     0.659     0.414     0.522      1.55      1.67         0
   358/499     4.18G     0.223     0.216         0     0.439       168       416     0.422     0.653     0.403     0.513      1.56      1.69         0
   359/499     4.18G     0.225     0.211         0     0.435       163       416     0.431     0.653     0.406     0.519      1.55      1.67         0
   360/499     4.18G     0.211     0.209         0      0.42       193       416      0.43     0.657     0.407      0.52      1.55      1.66         0
   361/499     4.18G     0.226     0.206         0     0.432       181       416      0.43     0.653     0.406     0.518      1.56      1.66         0
   362/499     4.18G     0.211     0.213         0     0.424       207       416     0.431     0.653     0.407     0.519      1.56      1.68         0
   363/499     4.18G     0.217     0.207         0     0.424       196       416     0.439     0.657     0.412     0.526      1.55      1.66         0
   364/499     4.18G     0.212      0.21         0     0.421       191       416     0.433     0.652     0.409      0.52      1.56      1.66         0
   365/499     4.18G     0.216     0.202         0     0.418       213       416     0.424     0.648     0.399     0.512      1.57      1.68         0
   366/499     4.18G     0.223     0.206         0     0.428       208       416     0.428     0.658     0.407     0.518      1.56      1.69         0
   367/499     4.18G     0.218     0.209         0     0.427       223       416     0.429      0.66     0.413      0.52      1.56      1.69         0
   368/499     4.18G     0.209     0.209         0     0.418       221       416     0.427     0.659     0.414     0.519      1.55       1.7         0
   369/499     4.18G      0.21     0.205         0     0.414       282       416     0.446     0.662     0.425     0.533      1.55      1.66         0
   370/499     4.18G     0.215     0.215         0      0.43       271       416     0.433     0.645      0.41     0.518      1.57      1.67         0
   371/499     4.18G     0.223     0.209         0     0.432       217       416     0.424     0.651     0.409     0.514      1.56      1.69         0
   372/499     4.18G      0.21     0.204         0     0.414       202       416     0.425     0.655     0.408     0.515      1.56      1.69         0
   373/499     4.18G     0.214     0.211         0     0.425       177       416     0.434     0.648     0.409      0.52      1.56      1.66         0
   374/499     4.18G     0.218     0.214         0     0.432       203       416     0.439     0.653     0.417     0.525      1.56      1.66         0
   375/499     4.18G     0.214     0.202         0     0.415       162       416     0.428     0.656     0.409     0.518      1.56      1.67         0
   376/499     4.18G     0.219     0.209         0     0.428       194       416     0.434     0.657     0.411     0.523      1.56      1.67         0
   377/499     4.18G     0.211     0.214         0     0.424       213       416     0.434     0.662     0.416     0.524      1.55      1.67         0
   378/499     4.18G     0.209      0.21         0     0.419       264       416     0.431     0.656     0.408      0.52      1.56      1.67         0
   379/499     4.18G       0.2     0.199         0       0.4       185       416     0.427     0.656     0.404     0.517      1.56      1.67         0
   380/499     4.18G     0.203       0.2         0     0.403       228       416     0.422     0.653       0.4     0.513      1.56      1.68         0
   381/499     4.18G     0.201     0.198         0     0.399       235       416     0.423     0.655     0.404     0.514      1.56      1.67         0
   382/499     4.18G     0.201       0.2         0     0.401       184       416     0.423     0.657     0.406     0.515      1.56      1.68         0
   383/499     4.18G     0.217     0.206         0     0.422       231       416     0.434     0.657     0.412     0.523      1.56      1.67         0
   384/499     4.18G     0.202     0.199         0     0.401       196       416     0.439     0.649     0.411     0.524      1.56      1.66         0
   385/499     4.18G     0.213     0.206         0     0.419       253       416     0.435     0.641      0.41     0.519      1.56      1.65         0
   386/499     4.18G     0.214     0.205         0     0.419       269       416     0.439      0.65     0.414     0.524      1.55      1.64         0
   387/499     4.18G     0.213     0.195         0     0.408       183       416     0.422     0.651     0.405     0.512      1.55      1.66         0
   388/499     4.18G     0.216     0.207         0     0.423       186       416     0.431     0.651     0.412     0.519      1.56      1.67         0
   389/499     4.18G     0.218     0.204         0     0.422       237       416     0.436     0.656     0.418     0.524      1.55      1.67         0
   390/499     4.18G     0.211     0.203         0     0.414       244       416     0.428     0.665      0.42     0.521      1.54      1.69         0
   391/499     4.18G     0.208     0.205         0     0.412       233       416     0.434     0.646      0.41     0.519      1.56      1.66         0
   392/499     4.18G     0.198     0.202         0     0.399       192       416     0.435     0.657     0.415     0.523      1.56      1.67         0
   393/499     4.18G     0.213     0.203         0     0.417       215       416      0.43     0.661     0.416     0.521      1.55      1.68         0
   394/499     4.18G      0.21     0.202         0     0.412       156       416     0.423     0.647     0.396     0.512      1.56      1.67         0
   395/499     4.18G     0.192     0.193         0     0.385       196       416     0.426     0.662     0.409     0.518      1.55      1.68         0
   396/499     4.18G     0.218     0.205         0     0.423       224       416     0.438     0.658      0.41     0.526      1.56      1.67         0
   397/499     4.18G      0.22     0.199         0     0.419       267       416     0.422     0.651       0.4     0.512      1.56      1.68         0
   398/499     4.18G     0.212     0.206         0     0.418       256       416     0.426     0.653     0.402     0.515      1.56      1.68         0
   399/499     4.18G     0.189     0.194         0     0.383       203       416     0.422     0.658     0.401     0.514      1.56      1.69         0
   400/499     4.18G     0.191     0.202         0     0.393       195       416     0.418     0.651     0.397     0.509      1.57       1.7         0
   401/499     4.18G     0.203     0.199         0     0.401       253       416     0.436     0.664     0.415     0.526      1.55      1.68         0
   402/499     4.18G     0.205     0.196         0     0.401       221       416     0.436     0.653     0.409     0.523      1.56      1.67         0
   403/499     4.18G     0.199     0.203         0     0.402       234       416     0.435     0.649     0.404     0.521      1.56      1.67         0
   404/499     4.18G     0.206     0.199         0     0.406       200       416     0.435     0.664     0.417     0.526      1.55      1.69         0
   405/499     4.18G     0.214     0.194         0     0.408       253       416     0.439     0.659     0.411     0.527      1.55      1.66         0
   406/499     4.18G     0.214     0.201         0     0.415       271       416     0.435     0.653     0.407     0.522      1.56      1.67         0
   407/499     4.18G     0.196     0.198         0     0.395       209       416     0.428     0.651     0.402     0.516      1.56      1.68         0
   408/499     4.18G       0.2     0.196         0     0.396       194       416     0.415     0.658     0.394     0.509      1.56       1.7         0
   409/499     4.18G     0.207     0.196         0     0.403       244       416      0.43     0.662     0.406     0.521      1.55      1.66         0
   410/499     4.18G      0.21      0.19         0     0.399       186       416     0.422     0.646     0.389     0.511      1.56      1.66         0
   411/499     4.18G     0.208     0.198         0     0.406       274       416     0.436     0.653     0.404     0.523      1.56      1.66         0
   412/499     4.18G     0.214       0.2         0     0.414       193       416     0.434     0.656     0.407     0.522      1.56      1.67         0
   413/499     4.18G     0.197     0.193         0      0.39       199       416     0.425     0.651     0.403     0.514      1.55      1.67         0
   414/499     4.18G     0.207     0.199         0     0.406       214       416     0.438     0.665      0.42     0.528      1.54      1.66         0
   415/499     4.18G      0.21     0.191         0     0.401       248       416     0.439     0.658      0.41     0.527      1.56      1.66         0
   416/499     4.18G     0.209     0.194         0     0.403       214       416     0.434     0.648     0.404      0.52      1.57      1.67         0
   417/499     4.18G      0.21     0.196         0     0.407       188       416     0.443     0.659     0.416      0.53      1.55      1.66         0
   418/499     4.18G       0.2     0.193         0     0.393       202       416     0.435     0.657     0.408     0.524      1.55      1.67         0
   419/499     4.18G     0.203     0.195         0     0.398       265       416     0.434     0.651     0.408     0.521      1.56      1.68         0
   420/499     4.18G      0.21     0.192         0     0.402       230       416     0.429     0.655     0.408     0.518      1.56       1.7         0
   421/499     4.18G     0.211     0.194         0     0.404       207       416      0.42     0.643     0.397     0.508      1.57       1.7         0
   422/499     4.18G     0.204     0.191         0     0.395       244       416     0.428     0.658     0.409     0.519      1.56       1.7         0
   423/499     4.18G     0.197     0.195         0     0.392       170       416     0.432     0.659      0.41     0.522      1.56      1.69         0
   424/499     4.18G     0.205     0.197         0     0.402       150       416     0.425     0.646     0.401     0.512      1.57       1.7         0
   425/499     4.18G     0.202     0.194         0     0.396       242       416     0.445     0.662     0.423     0.532      1.55      1.67         0
   426/499     4.18G     0.197     0.199         0     0.396       200       416      0.45      0.66     0.424     0.535      1.55      1.66         0
   427/499     4.18G     0.209     0.197         0     0.407       216       416      0.44     0.658     0.415     0.527      1.56      1.68         0
   428/499     4.18G     0.204     0.193         0     0.398       240       416      0.44     0.661      0.42     0.528      1.55      1.67         0
   429/499     4.18G     0.213     0.196         0     0.409       212       416     0.436     0.652     0.412     0.522      1.56      1.67         0
   430/499     4.18G     0.203     0.189         0     0.391       223       416     0.439     0.656     0.413     0.526      1.56      1.66         0
   431/499     4.18G     0.203     0.195         0     0.398       216       416     0.448     0.654     0.416     0.532      1.56      1.66         0
   432/499     4.18G     0.196     0.189         0     0.384       174       416     0.449     0.661     0.421     0.535      1.56      1.66         0
   433/499     4.18G     0.193     0.192         0     0.385       201       416     0.428     0.658     0.406     0.518      1.56      1.69         0
   434/499     4.18G     0.202     0.192         0     0.393       216       416     0.427     0.663      0.41     0.519      1.55      1.69         0
   435/499     4.18G     0.197     0.193         0     0.391       173       416     0.432      0.66     0.411     0.522      1.55      1.68         0
   436/499     4.18G     0.204     0.186         0      0.39       235       416     0.427     0.649       0.4     0.515      1.57      1.68         0
   437/499     4.18G     0.199      0.19         0     0.389       214       416     0.435     0.656     0.411     0.523      1.56      1.69         0
   438/499     4.18G     0.193     0.185         0     0.378       189       416     0.441     0.663     0.418     0.529      1.56      1.68         0
   439/499     4.18G     0.205     0.187         0     0.392       219       416     0.433     0.652     0.409      0.52      1.56      1.67         0
   440/499     4.18G     0.197     0.183         0     0.381       233       416     0.435     0.656     0.409     0.523      1.55      1.66         0
   441/499     4.18G     0.194     0.184         0     0.378       198       416     0.439     0.653      0.41     0.525      1.56      1.67         0
   442/499     4.18G     0.201     0.187         0     0.388       209       416      0.44     0.651     0.413     0.525      1.57      1.68         0
   443/499     4.18G     0.221     0.194         0     0.415       230       416     0.437     0.655     0.413     0.524      1.56      1.69         0
   444/499     4.18G     0.198     0.189         0     0.388       211       416     0.431     0.657     0.405     0.521      1.56       1.7         0
   445/499     4.18G     0.206     0.188         0     0.393       297       416     0.424     0.653     0.398     0.515      1.56      1.68         0
   446/499     4.18G     0.208     0.191         0     0.398       201       416     0.429     0.647     0.395     0.516      1.57      1.67         0
   447/499     4.18G     0.198     0.191         0     0.389       213       416     0.434     0.642     0.395     0.517      1.57      1.67         0
   448/499     4.18G     0.205     0.186         0     0.392       192       416     0.435     0.653     0.405     0.522      1.56      1.67         0
   449/499     4.18G     0.205     0.186         0     0.391       259       416     0.425     0.649     0.396     0.514      1.57      1.68         0
   450/499     4.18G     0.209     0.187         0     0.396       189       416     0.435     0.659     0.408     0.524      1.55      1.67         0
   451/499     4.18G     0.209     0.187         0     0.396       145       416     0.436     0.663     0.414     0.526      1.55      1.67         0
   452/499     4.18G     0.209     0.189         0     0.398       207       416     0.433     0.656     0.406     0.522      1.56      1.68         0
   453/499     4.18G     0.203     0.186         0     0.389       179       416     0.427     0.656     0.403     0.517      1.56      1.69         0
   454/499     4.18G     0.194     0.181         0     0.375       221       416     0.431      0.66     0.408     0.522      1.55      1.68         0
   455/499     4.18G     0.205     0.183         0     0.388       215       416     0.431     0.659     0.404     0.521      1.55      1.67         0
   456/499     4.18G       0.2     0.187         0     0.388       241       416     0.445     0.647     0.404     0.527      1.56      1.65         0
   457/499     4.18G     0.203     0.188         0     0.391       224       416     0.438      0.65     0.408     0.524      1.56      1.68         0
   458/499     4.18G      0.21     0.187         0     0.397       204       416     0.435     0.652     0.408     0.522      1.56      1.68         0
   459/499     4.18G     0.205     0.188         0     0.393       279       416     0.435     0.651     0.409     0.522      1.56      1.68         0
   460/499     4.18G     0.214     0.183         0     0.397       184       416     0.436     0.656     0.411     0.524      1.56      1.69         0
   461/499     4.18G     0.208     0.188         0     0.396       273       416     0.441     0.656     0.413     0.527      1.55      1.66         0
   462/499     4.18G     0.204     0.182         0     0.386       192       416     0.428      0.65     0.402     0.516      1.57      1.69         0
   463/499     4.18G     0.205     0.187         0     0.392       273       416     0.434     0.646     0.404     0.519      1.57      1.69         0
   464/499     4.18G     0.194     0.182         0     0.376       202       416     0.436      0.65     0.411     0.522      1.56      1.68         0
   465/499     4.18G     0.194     0.183         0     0.377       207       416     0.443     0.654      0.41     0.528      1.54      1.66         0
   466/499     4.18G       0.2     0.184         0     0.384       252       416     0.436     0.651     0.405     0.522      1.55      1.68         0
   467/499     4.18G     0.188     0.185         0     0.373       216       416     0.433     0.652     0.403      0.52      1.56      1.69         0
   468/499     4.18G     0.201     0.182         0     0.382       195       416     0.433     0.658     0.404     0.522      1.56      1.69         0
   469/499     4.18G     0.194     0.181         0     0.375       195       416      0.43     0.654     0.403     0.519      1.56      1.69         0
   470/499     4.18G     0.199     0.181         0     0.381       216       416     0.441     0.653     0.406     0.527      1.56      1.67         0
   471/499     4.18G     0.205     0.183         0     0.388       194       416      0.44     0.645     0.401     0.523      1.57      1.66         0
   472/499     4.18G     0.194     0.178         0     0.371       187       416     0.447     0.655      0.41     0.531      1.56      1.66         0
   473/499     4.18G     0.202      0.18         0     0.381       294       416     0.443     0.655      0.41     0.528      1.56      1.66         0
   474/499     4.18G     0.195     0.178         0     0.373       214       416     0.439     0.659     0.413     0.527      1.55      1.69         0
   475/499     4.18G     0.197     0.175         0     0.372       208       416     0.441     0.663     0.418     0.529      1.55      1.67         0
   476/499     4.18G     0.208     0.181         0     0.389       186       416     0.439     0.651     0.407     0.524      1.56      1.67         0
   477/499     4.18G     0.205     0.182         0     0.388       269       416     0.449      0.65     0.412     0.531      1.57      1.67         0
   478/499     4.18G     0.198      0.18         0     0.378       216       416     0.443     0.652     0.409     0.528      1.56      1.67         0
   479/499     4.18G       0.2      0.18         0      0.38       168       416     0.437     0.646     0.398     0.521      1.57      1.67         0
   480/499     4.18G     0.197     0.181         0     0.378       231       416     0.434     0.656     0.406     0.522      1.55      1.67         0
   481/499     4.18G       0.2     0.179         0      0.38       235       416     0.437     0.651     0.402     0.523      1.56      1.65         0
   482/499     4.18G     0.194     0.178         0     0.373       281       416     0.432     0.654     0.398      0.52      1.56      1.66         0
   483/499     4.18G     0.206     0.179         0     0.385       198       416     0.429     0.659     0.399      0.52      1.56      1.67         0
   484/499     4.18G     0.202     0.182         0     0.384       190       416     0.437     0.656     0.404     0.525      1.56      1.67         0
   485/499     4.18G     0.195     0.182         0     0.378       208       416     0.443     0.654      0.41     0.528      1.56      1.67         0
   486/499     4.18G     0.196     0.174         0     0.371       227       416      0.43     0.659     0.402      0.52      1.55      1.68         0
   487/499     4.18G     0.192     0.174         0     0.367       183       416     0.421     0.648      0.39      0.51      1.56      1.69         0
   488/499     4.18G     0.202     0.179         0     0.381       233       416      0.44     0.658     0.406     0.528      1.56      1.67         0
   489/499     4.18G     0.208     0.186         0     0.394       243       416      0.43     0.646     0.391     0.516      1.57      1.68         0
   490/499     4.18G     0.192     0.182         0     0.374       294       416     0.433     0.654     0.399     0.521      1.56      1.68         0
   491/499     4.18G     0.197     0.173         0      0.37       165       416     0.428     0.657     0.398     0.518      1.56      1.68         0
   492/499     4.18G     0.202     0.181         0     0.383       202       416     0.437     0.656     0.406     0.524      1.56      1.68         0
   493/499     4.18G     0.185     0.179         0     0.364       193       416     0.439     0.654     0.406     0.525      1.56      1.66         0
   494/499     4.18G     0.198     0.179         0     0.377       271       416     0.444     0.652     0.411     0.529      1.57      1.67         0
   495/499     4.18G     0.191     0.178         0     0.369       206       416     0.436     0.657     0.408     0.524      1.56      1.68         0
   496/499     4.18G     0.185     0.173         0     0.359       190       416     0.438     0.647     0.402     0.523      1.56      1.67         0
   497/499     4.18G     0.203     0.177         0      0.38       245       416     0.442     0.656     0.416     0.529      1.56      1.67         0
   498/499     4.18G      0.19     0.172         0     0.362       162       416     0.445     0.654     0.417      0.53      1.56      1.67         0
   499/499     4.18G     0.189     0.173         0     0.361       263       416     0.259     0.659     0.414     0.372      1.57      1.67         0
