     0/249     4.02G      2.19      24.6         0      26.8       270       416         0         0         0         0      3.26       nan         0
     1/249     4.03G       2.1      10.4         0      12.5       326       416         0         0         0         0      1.65      4.74         0
     2/249     4.03G      1.86       3.5         0      5.36       259       416         0         0         0         0      1.56      2.92         0
     3/249     4.03G      1.76      3.15         0      4.91       335       416         0         0         0         0       1.5      3.27         0
     4/249     4.03G      1.76      3.45         0      5.21       213       416         0         0         0         0      1.49      3.07         0
     5/249     4.03G      1.62      3.37         0      4.99       293       416         0         0         0         0      1.48      3.01         0
     6/249     4.03G      1.87      2.97         0      4.85       321       416         0         0         0         0      1.48      2.73         0
     7/249     4.03G      1.68      2.77         0      4.45       373       416         0         0         0         0      1.47      2.62         0
     8/249     4.03G      1.71      2.61         0      4.33       288       416     0.677    0.0785    0.0532     0.141      1.45      2.25         0
     9/249     4.03G      1.65       2.2         0      3.85       292       416     0.541     0.482     0.332     0.509       1.4      1.72         0
    10/249     4.03G      1.62      1.82         0      3.44       284       416     0.438     0.628     0.461     0.516      1.39      1.34         0
    11/249     4.03G      1.63      1.36         0      2.99       353       416     0.479     0.702     0.573     0.569      1.34      1.07         0
    12/249     4.03G      1.64      1.12         0      2.76       303       416     0.444     0.718     0.562     0.549      1.34       1.2         0
    13/249     4.03G      1.73      1.14         0      2.86       259       416      0.48     0.788     0.653     0.596      1.32      1.02         0
    14/249     4.03G       1.6      1.06         0      2.66       290       416     0.512      0.79      0.69     0.621       1.3     0.959         0
    15/249     4.03G      1.61     0.996         0      2.61       325       416     0.528     0.784     0.687     0.631       1.3     0.937         0
    16/249     4.03G      1.55     0.946         0       2.5       319       416     0.566     0.795     0.714     0.661      1.27     0.895         0
    17/249     4.03G      1.53     0.898         0      2.42       301       416     0.596     0.807      0.74     0.686      1.28     0.855         0
    18/249     4.03G      1.63     0.855         0      2.48       320       416     0.602     0.789     0.718     0.683      1.26     0.845         0
    19/249     4.03G      1.69     0.849         0      2.54       268       416     0.624     0.812     0.748     0.706      1.24     0.825         0
    20/249     4.03G      1.58     0.817         0      2.39       355       416     0.621      0.81     0.744     0.703      1.23     0.808         0
    21/249     4.03G      1.53     0.835         0      2.36       291       416     0.631     0.823     0.759     0.714      1.21     0.792         0
    22/249     4.03G      1.41     0.799         0      2.21       281       416     0.628     0.837     0.766     0.718      1.19     0.791         0
    23/249     4.03G      1.53     0.795         0      2.33       386       416     0.649     0.838     0.764     0.731      1.18     0.779         0
    24/249     4.03G      1.48     0.762         0      2.24       283       416     0.645     0.853     0.781     0.734      1.16     0.784         0
    25/249     4.03G      1.31     0.769         0      2.08       313       416     0.659     0.853     0.777     0.744      1.12     0.767         0
    26/249     4.03G      1.42      0.76         0      2.18       336       416     0.678     0.857     0.783     0.757      1.09     0.761         0
    27/249     4.03G      1.46     0.739         0       2.2       278       416     0.685     0.864     0.797     0.764      1.05     0.752         0
    28/249     4.03G      1.41     0.723         0      2.13       227       416     0.718     0.867     0.809     0.786      1.03      0.74         0
    29/249     4.03G      1.31      0.69         0         2       269       416     0.726     0.869     0.809     0.791      1.01     0.753         0
    30/249     4.03G      1.33     0.731         0      2.06       335       416      0.74     0.863     0.815     0.797     0.999     0.745         0
    31/249     4.03G      1.46     0.686         0      2.14       358       416     0.763     0.891     0.852     0.822     0.935     0.729         0
    32/249     4.03G      1.03     0.684         0      1.72       286       416     0.775     0.896     0.857     0.831     0.909     0.721         0
    33/249     4.03G      1.06     0.656         0      1.71       278       416     0.777     0.897     0.857     0.833     0.922     0.721         0
    34/249     4.03G      1.17     0.669         0      1.84       287       416     0.808     0.898     0.864      0.85     0.868     0.716         0
    35/249     4.03G      1.15     0.649         0       1.8       334       416     0.819      0.89     0.865     0.853     0.865      0.73         0
    36/249     4.03G       1.1      0.64         0      1.73       263       416      0.83     0.893     0.868      0.86     0.831     0.714         0
    37/249     4.03G     0.948     0.625         0      1.57       308       416      0.84       0.9     0.879     0.869     0.809     0.706         0
    38/249     4.03G     0.868     0.616         0      1.48       273       416     0.848     0.899     0.874     0.873     0.856      0.71         0
    39/249     4.03G      1.04     0.623         0      1.66       261       416     0.855     0.897     0.869     0.875     0.804     0.708         0
    40/249     4.03G      1.11     0.601         0      1.72       294       416     0.854     0.897     0.869     0.875     0.803     0.707         0
    41/249     4.03G      1.09     0.609         0       1.7       285       416     0.867       0.9      0.88     0.883     0.753     0.698         0
    42/249     4.03G      0.97     0.607         0      1.58       295       416     0.877     0.902     0.883     0.889     0.757     0.695         0
    43/249     4.03G      1.02     0.571         0       1.6       262       416     0.876     0.904     0.884      0.89     0.717     0.687         0
    44/249     4.03G       1.1     0.578         0      1.67       295       416     0.868     0.905     0.882     0.886     0.724     0.693         0
    45/249     4.03G     0.987      0.57         0      1.56       288       416     0.867     0.899     0.872     0.883     0.755     0.696         0
    46/249     4.03G     0.981     0.592         0      1.57       318       416     0.874     0.904     0.884     0.889     0.698     0.685         0
    47/249     4.03G     0.963     0.573         0      1.54       333       416     0.879     0.907     0.886     0.893     0.696     0.684         0
    48/249     4.03G     0.907      0.55         0      1.46       264       416     0.885     0.906     0.887     0.895     0.706     0.679         0
    49/249     4.03G     0.869     0.553         0      1.42       346       416     0.887     0.906     0.887     0.896     0.689     0.683         0
    50/249     4.03G     0.884     0.553         0      1.44       321       416     0.875     0.902     0.884     0.888     0.719     0.686         0
    51/249     4.03G     0.827     0.543         0      1.37       319       416     0.881     0.904     0.885     0.893     0.685     0.684         0
    52/249     4.03G     0.936      0.56         0       1.5       327       416     0.892     0.905     0.889     0.898     0.675     0.682         0
    53/249     4.03G     0.774     0.528         0       1.3       304       416     0.881     0.906     0.886     0.893      0.68     0.674         0
    54/249     4.03G     0.828     0.532         0      1.36       273       416     0.887     0.908     0.887     0.897     0.648      0.68         0
    55/249     4.03G     0.808     0.529         0      1.34       247       416     0.889     0.906     0.887     0.897     0.657     0.682         0
    56/249     4.03G      0.93     0.527         0      1.46       254       416     0.886     0.908     0.888     0.896     0.689     0.678         0
    57/249     4.03G     0.797     0.528         0      1.32       357       416     0.889     0.905     0.888     0.897     0.678     0.686         0
    58/249     4.03G     0.852     0.519         0      1.37       298       416     0.885     0.906     0.887     0.896     0.679     0.677         0
    59/249     4.03G      0.77      0.51         0      1.28       288       416     0.877     0.909     0.887     0.892      0.66     0.675         0
    60/249     4.03G     0.953      0.52         0      1.47       295       416      0.88     0.908     0.887     0.894     0.664     0.678         0
    61/249     4.03G     0.842     0.482         0      1.32       295       416     0.888     0.908     0.889     0.898     0.646     0.672         0
    62/249     4.03G     0.866     0.509         0      1.37       252       416     0.893     0.905     0.889     0.899     0.657     0.675         0
    63/249     4.03G     0.894     0.503         0       1.4       267       416     0.888     0.909      0.89     0.898     0.652     0.676         0
    64/249     4.03G     0.821     0.504         0      1.32       279       416     0.891     0.909      0.89       0.9     0.653      0.67         0
    65/249     4.03G     0.844     0.486         0      1.33       235       416     0.884     0.908     0.888     0.896     0.648     0.671         0
    66/249     4.03G     0.927     0.473         0       1.4       277       416     0.892     0.906     0.888     0.899     0.659     0.682         0
    67/249     4.03G     0.807     0.489         0       1.3       276       416     0.888     0.909     0.888     0.898     0.669     0.677         0
    68/249     4.03G     0.757     0.461         0      1.22       284       416     0.891      0.91     0.896     0.901      0.66     0.665         0
    69/249     4.03G     0.766     0.459         0      1.23       324       416       0.9      0.91     0.899     0.905     0.618     0.676         0
    70/249     4.03G     0.731     0.477         0      1.21       305       416     0.898      0.91       0.9     0.904     0.627     0.678         0
    71/249     4.03G     0.809     0.475         0      1.28       303       416     0.892     0.902     0.889     0.897     0.639     0.677         0
    72/249     4.03G     0.825     0.464         0      1.29       277       416     0.891      0.91     0.899       0.9     0.632      0.67         0
    73/249     4.03G     0.938      0.45         0      1.39       307       416     0.895     0.911       0.9     0.903      0.61     0.665         0
    74/249     4.03G     0.852     0.447         0       1.3       270       416     0.888     0.907     0.889     0.897     0.658     0.674         0
    75/249     4.03G      0.86     0.472         0      1.33       299       416     0.894     0.909     0.892     0.902     0.625      0.68         0
    76/249     4.03G      0.79     0.456         0      1.25       308       416     0.888     0.909      0.89     0.899     0.661     0.679         0
    77/249     4.03G     0.656     0.456         0      1.11       351       416     0.894      0.91     0.898     0.902     0.627     0.679         0
    78/249     4.03G     0.781     0.451         0      1.23       273       416      0.89     0.906     0.889     0.898     0.627      0.68         0
    79/249     4.03G     0.849      0.44         0      1.29       286       416     0.886     0.909     0.893     0.897      0.64     0.681         0
    80/249     4.03G     0.918      0.46         0      1.38       248       416     0.891     0.908      0.89     0.899     0.632     0.688         0
    81/249     4.03G     0.888     0.448         0      1.34       274       416     0.893     0.908      0.89       0.9     0.624     0.686         0
    82/249     4.03G     0.686     0.433         0      1.12       365       416     0.895      0.91       0.9     0.903     0.603     0.674         0
    83/249     4.03G     0.804     0.438         0      1.24       267       416     0.896     0.911       0.9     0.903     0.607     0.675         0
    84/249     4.03G     0.735     0.421         0      1.16       280       416     0.896      0.91     0.901     0.903     0.635     0.677         0
    85/249     4.03G     0.802     0.422         0      1.22       280       416     0.899     0.904      0.89     0.902     0.649     0.681         0
    86/249     4.03G     0.807     0.434         0      1.24       291       416     0.895     0.909     0.894     0.902     0.634     0.682         0
    87/249     4.03G     0.579     0.431         0      1.01       292       416     0.899      0.91     0.897     0.904      0.62      0.68         0
    88/249     4.03G     0.757     0.421         0      1.18       324       416     0.895     0.908     0.891     0.901     0.613      0.68         0
    89/249     4.03G     0.801     0.429         0      1.23       237       416     0.891     0.911     0.898     0.901     0.628     0.682         0
    90/249     4.03G     0.695     0.428         0      1.12       277       416       0.9     0.912     0.901     0.906     0.614     0.669         0
    91/249     4.03G     0.776     0.424         0       1.2       267       416     0.897     0.911       0.9     0.904     0.601     0.668         0
    92/249     4.03G      0.85     0.407         0      1.26       291       416     0.894     0.911     0.901     0.903     0.604     0.673         0
    93/249     4.03G     0.749     0.409         0      1.16       293       416     0.891     0.909     0.893       0.9     0.606     0.675         0
    94/249     4.03G     0.813     0.422         0      1.24       303       416     0.896     0.907      0.89     0.902     0.625     0.678         0
    95/249     4.03G     0.969     0.418         0      1.39       282       416     0.893     0.914       0.9     0.903     0.607      0.68         0
    96/249     4.03G     0.722     0.419         0      1.14       321       416       0.9     0.913     0.902     0.906     0.606     0.684         0
    97/249     4.03G     0.716      0.41         0      1.13       308       416     0.899     0.909     0.894     0.904     0.596     0.692         0
    98/249     4.03G     0.687     0.405         0      1.09       190       416     0.882     0.911     0.899     0.897     0.603     0.682         0
    99/249     4.03G     0.843     0.419         0      1.26       352       416     0.889     0.904     0.889     0.896     0.643     0.693         0
   100/249     4.03G     0.619       0.4         0      1.02       279       416     0.892     0.909     0.892       0.9       0.6     0.692         0
   101/249     4.03G     0.729     0.401         0      1.13       266       416     0.891     0.912       0.9     0.902     0.591     0.686         0
   102/249     4.03G     0.836     0.392         0      1.23       321       416     0.897      0.91       0.9     0.904     0.603     0.687         0
   103/249     4.03G      0.74     0.401         0      1.14       311       416     0.894     0.909     0.889     0.901     0.616     0.691         0
   104/249     4.03G      0.81     0.389         0       1.2       222       416     0.891     0.912     0.898     0.902      0.61     0.701         0
   105/249     4.03G     0.807     0.388         0       1.2       335       416     0.901     0.911       0.9     0.906     0.603     0.696         0
   106/249     4.03G     0.621     0.395         0      1.02       333       416     0.909     0.909     0.896     0.909     0.593     0.694         0
   107/249     4.03G     0.663     0.398         0      1.06       327       416     0.909      0.91       0.9      0.91     0.587     0.687         0
   108/249     4.03G     0.834     0.372         0      1.21       241       416     0.904     0.912     0.901     0.908     0.599     0.701         0
   109/249     4.03G     0.751     0.382         0      1.13       341       416     0.894     0.909      0.89     0.902     0.619     0.711         0
   110/249     4.03G     0.731     0.379         0      1.11       338       416     0.894     0.908      0.89     0.901     0.632       0.7         0
   111/249     4.03G     0.606     0.385         0      0.99       277       416     0.896     0.912       0.9     0.904     0.583     0.698         0
   112/249     4.03G     0.783     0.389         0      1.17       322       416     0.898      0.91     0.896     0.904     0.598     0.705         0
   113/249     4.03G     0.675     0.368         0      1.04       311       416     0.895     0.913       0.9     0.904      0.59       0.7         0
   114/249     4.03G     0.722     0.387         0      1.11       227       416     0.895     0.912       0.9     0.903     0.594     0.694         0
   115/249     4.03G     0.683     0.378         0      1.06       316       416     0.886     0.912     0.899     0.899     0.601     0.697         0
   116/249     4.03G      0.69     0.371         0      1.06       231       416      0.89     0.911       0.9       0.9     0.606     0.704         0
   117/249     4.03G     0.968     0.376         0      1.34       227       416      0.89      0.91     0.899       0.9     0.603     0.712         0
   118/249     4.03G     0.711     0.365         0      1.08       275       416      0.89     0.908     0.889     0.899      0.59     0.708         0
   119/249     4.03G     0.752     0.352         0       1.1       260       416     0.887     0.906      0.89     0.897     0.619     0.714         0
   120/249     4.03G     0.646     0.385         0      1.03       331       416      0.89     0.906      0.89     0.898     0.611     0.721         0
   121/249     4.03G     0.719      0.37         0      1.09       368       416     0.896     0.909      0.89     0.903       0.6     0.716         0
   122/249     4.03G     0.639     0.362         0         1       379       416     0.897     0.907     0.891     0.902     0.587     0.719         0
   123/249     4.03G      0.95     0.363         0      1.31       272       416     0.893     0.905      0.89     0.899     0.603     0.712         0
   124/249     4.03G     0.609     0.368         0     0.977       277       416     0.894     0.909      0.89     0.901     0.596     0.708         0
   125/249     4.03G     0.739     0.377         0      1.12       275       416     0.893     0.908      0.89       0.9     0.612      0.71         0
   126/249     4.03G     0.823     0.348         0      1.17       243       416      0.89     0.906      0.89     0.898     0.615     0.723         0
   127/249     4.03G     0.775     0.375         0      1.15       352       416     0.899     0.908     0.892     0.904      0.59      0.71         0
   128/249     4.03G     0.833     0.369         0       1.2       258       416       0.9     0.908     0.891     0.904     0.579     0.709         0
   129/249     4.03G     0.688     0.347         0      1.04       289       416     0.901     0.907     0.891     0.904     0.584     0.721         0
   130/249     4.03G     0.687     0.367         0      1.05       286       416     0.898     0.908     0.891     0.903     0.594     0.712         0
   131/249     4.03G     0.744     0.347         0      1.09       328       416     0.895     0.906      0.89       0.9     0.617     0.709         0
   132/249     4.03G     0.756     0.347         0       1.1       291       416     0.899     0.905     0.891     0.902     0.609     0.713         0
   133/249     4.03G     0.707     0.345         0      1.05       320       416     0.904     0.912     0.901     0.908     0.585      0.71         0
   134/249     4.03G     0.762     0.348         0      1.11       335       416     0.907     0.909     0.892     0.908     0.593     0.713         0
   135/249     4.03G     0.642     0.358         0         1       237       416     0.901     0.908     0.891     0.904     0.608     0.716         0
   136/249     4.03G     0.689     0.348         0      1.04       258       416     0.897     0.907      0.89     0.902     0.607     0.725         0
   137/249     4.03G      0.77     0.357         0      1.13       308       416     0.893     0.906     0.889     0.899     0.607     0.726         0
   138/249     4.03G     0.692     0.345         0      1.04       257       416     0.899     0.909      0.89     0.904     0.577     0.714         0
   139/249     4.03G      0.84     0.353         0      1.19       295       416       0.9     0.905      0.89     0.902     0.575     0.718         0
   140/249     4.03G     0.912     0.343         0      1.25       229       416     0.896     0.906      0.89     0.901     0.597      0.72         0
   141/249     4.03G     0.737     0.338         0      1.08       277       416     0.899     0.903      0.89     0.901     0.599      0.73         0
   142/249     4.03G     0.614     0.346         0     0.959       262       416     0.897     0.905      0.89     0.901     0.598     0.722         0
   143/249     4.03G     0.633     0.351         0     0.984       279       416     0.901     0.906     0.891     0.904     0.589     0.728         0
   144/249     4.03G     0.616     0.337         0     0.953       266       416     0.905     0.905     0.892     0.905     0.601      0.74         0
   145/249     4.03G     0.664     0.342         0      1.01       292       416     0.898     0.909      0.89     0.903     0.598     0.734         0
   146/249     4.03G     0.756     0.324         0      1.08       263       416     0.894     0.906      0.89       0.9      0.61     0.745         0
   147/249     4.03G      0.91      0.33         0      1.24       263       416     0.893     0.904      0.89     0.899     0.613     0.757         0
   148/249     4.03G     0.681     0.339         0      1.02       318       416     0.901     0.903      0.89     0.902     0.601     0.743         0
   149/249     4.03G     0.786     0.333         0      1.12       276       416     0.902     0.906     0.892     0.904      0.59     0.744         0
   150/249     4.03G      0.69     0.321         0      1.01       243       416     0.903     0.905     0.891     0.904      0.59     0.731         0
   151/249     4.03G     0.656     0.323         0     0.978       295       416     0.891     0.904     0.891     0.897     0.599     0.733         0
   152/249     4.03G     0.896     0.326         0      1.22       267       416       0.9     0.904     0.891     0.902     0.599     0.727         0
   153/249     4.03G     0.708     0.336         0      1.04       351       416     0.901     0.904     0.891     0.902     0.594     0.729         0
   154/249     4.03G     0.723     0.309         0      1.03       246       416     0.902     0.909     0.895     0.906     0.587     0.729         0
   155/249     4.03G     0.798     0.335         0      1.13       314       416     0.899     0.909     0.893     0.904      0.58     0.729         0
   156/249     4.03G     0.703     0.327         0      1.03       328       416     0.899     0.902     0.891       0.9     0.581     0.751         0
   157/249     4.03G     0.738     0.336         0      1.07       253       416     0.899     0.904     0.891     0.901     0.583     0.748         0
   158/249     4.03G     0.787     0.318         0      1.11       260       416     0.905       0.9     0.891     0.902     0.613     0.755         0
   159/249     4.03G      0.58     0.331         0     0.911       262       416     0.903     0.905     0.891     0.904     0.586     0.742         0
   160/249     4.03G     0.689      0.31         0     0.999       304       416     0.902     0.906     0.891     0.904     0.583     0.736         0
   161/249     4.03G      0.58     0.314         0     0.894       316       416     0.901     0.907     0.892     0.904     0.576     0.731         0
   162/249     4.03G     0.861     0.319         0      1.18       295       416     0.905     0.907     0.892     0.906     0.595     0.742         0
   163/249     4.03G     0.684     0.332         0      1.02       327       416     0.906     0.904     0.891     0.905     0.601     0.739         0
   164/249     4.03G     0.855     0.313         0      1.17       312       416     0.903     0.904     0.892     0.903      0.58      0.74         0
   165/249     4.03G     0.665     0.311         0     0.976       274       416     0.896     0.907     0.892     0.901     0.572     0.746         0
   166/249     4.03G     0.741     0.313         0      1.05       300       416     0.896     0.905     0.891       0.9     0.577     0.744         0
   167/249     4.03G     0.664     0.299         0     0.963       267       416     0.893     0.907     0.891       0.9     0.591     0.749         0
   168/249     4.03G     0.697     0.311         0      1.01       330       416     0.908       0.9     0.892     0.904     0.585     0.773         0
   169/249     4.03G     0.647     0.303         0      0.95       326       416     0.901     0.905     0.891     0.903     0.589     0.759         0
   170/249     4.03G     0.649     0.304         0     0.954       293       416     0.903     0.909     0.891     0.906     0.587     0.745         0
   171/249     4.03G     0.615     0.314         0     0.929       251       416     0.908     0.909     0.894     0.909     0.574     0.742         0
   172/249     4.03G     0.661     0.322         0     0.983       253       416     0.912     0.907     0.893      0.91     0.567      0.73         0
   173/249     4.03G     0.734     0.318         0      1.05       352       416     0.903     0.906     0.891     0.904     0.591     0.737         0
   174/249     4.03G     0.642     0.307         0     0.949       287       416     0.897     0.908     0.891     0.902     0.586     0.739         0
   175/249     4.03G     0.557     0.312         0      0.87       366       416     0.908     0.908     0.893     0.908     0.575      0.74         0
   176/249     4.03G     0.665     0.298         0     0.962       301       416       0.9      0.91     0.901     0.905     0.568     0.738         0
   177/249     4.03G      0.81     0.301         0      1.11       235       416       0.9      0.91       0.9     0.905     0.574     0.739         0
   178/249     4.03G     0.573     0.306         0     0.879       321       416     0.901     0.908     0.891     0.904      0.59     0.746         0
   179/249     4.03G     0.596     0.299         0     0.895       382       416     0.904     0.907     0.891     0.905     0.587     0.763         0
   180/249     4.03G     0.658     0.299         0     0.957       326       416     0.901     0.906      0.89     0.903     0.603     0.762         0
   181/249     4.03G     0.646     0.308         0     0.953       362       416     0.907     0.905     0.892     0.906     0.577      0.76         0
   182/249     4.03G     0.666     0.302         0     0.969       248       416     0.908     0.908     0.892     0.908     0.573     0.764         0
   183/249     4.03G     0.708     0.285         0     0.993       232       416     0.903     0.906      0.89     0.905     0.581     0.769         0
   184/249     4.03G     0.772     0.309         0      1.08       327       416     0.906     0.905     0.891     0.906     0.603     0.759         0
   185/249     4.03G     0.687     0.295         0     0.983       262       416     0.907     0.906     0.892     0.906     0.582     0.769         0
   186/249     4.03G     0.664      0.29         0     0.953       288       416     0.904     0.905     0.892     0.905     0.582     0.763         0
   187/249     4.03G     0.698     0.279         0     0.977       281       416     0.906     0.903     0.893     0.904     0.581      0.78         0
   188/249     4.03G     0.598     0.298         0     0.897       304       416     0.908     0.905     0.893     0.906     0.574     0.777         0
   189/249     4.03G     0.733     0.289         0      1.02       217       416     0.905     0.905     0.891     0.905     0.575     0.778         0
   190/249     4.03G     0.707     0.273         0      0.98       255       416       0.9     0.905      0.89     0.902     0.612     0.792         0
   191/249     4.03G     0.744     0.295         0      1.04       293       416     0.905      0.91     0.901     0.907     0.567     0.772         0
   192/249     4.03G     0.628     0.281         0      0.91       268       416     0.908     0.905     0.893     0.907      0.58     0.787         0
   193/249     4.03G     0.662     0.278         0      0.94       295       416     0.903     0.906     0.892     0.905     0.578     0.785         0
   194/249     4.03G     0.515     0.276         0      0.79       273       416     0.901     0.903     0.892     0.902      0.58     0.787         0
   195/249     4.03G     0.511     0.289         0       0.8       236       416       0.9     0.902     0.891     0.901     0.574     0.779         0
   196/249     4.03G     0.595     0.285         0      0.88       289       416     0.894     0.903     0.889     0.898     0.613     0.793         0
   197/249     4.03G     0.779     0.271         0      1.05       334       416     0.905     0.905     0.892     0.905     0.571     0.793         0
   198/249     4.03G     0.622     0.281         0     0.903       327       416     0.903     0.908     0.892     0.905     0.577     0.783         0
   199/249     4.03G     0.588     0.271         0     0.859       271       416     0.904     0.908     0.892     0.906     0.586     0.785         0
   200/249     4.03G     0.584     0.277         0     0.861       305       416     0.906     0.909     0.893     0.907     0.582     0.775         0
   201/249     4.03G      0.54     0.278         0     0.818       244       416     0.907     0.907     0.892     0.907     0.606     0.787         0
   202/249     4.03G     0.661     0.268         0     0.929       346       416     0.911     0.909     0.893      0.91     0.573     0.778         0
   203/249     4.03G     0.618     0.285         0     0.904       293       416     0.908     0.903     0.892     0.906      0.57     0.783         0
   204/249     4.03G      0.62     0.288         0     0.908       281       416     0.897     0.904      0.89     0.901     0.575      0.78         0
   205/249     4.03G     0.689     0.281         0      0.97       317       416       0.9     0.905     0.891     0.902     0.585     0.774         0
   206/249     4.03G     0.796      0.28         0      1.08       213       416     0.896     0.905     0.891     0.901     0.599     0.781         0
   207/249     4.03G     0.435     0.275         0      0.71       304       416     0.897     0.905     0.891     0.901     0.564     0.785         0
   208/249     4.03G     0.756     0.262         0      1.02       266       416     0.898     0.905     0.892     0.901     0.568     0.794         0
   209/249     4.03G     0.699     0.261         0     0.961       298       416     0.897     0.904     0.892     0.901     0.577     0.783         0
   210/249     4.03G     0.716     0.267         0     0.983       244       416     0.902     0.904     0.892     0.903     0.578     0.777         0
   211/249     4.03G     0.625     0.253         0     0.878       273       416     0.906     0.904     0.892     0.905      0.57     0.788         0
   212/249     4.03G     0.608     0.257         0     0.866       312       416     0.907     0.903     0.892     0.905     0.578     0.803         0
   213/249     4.03G     0.574     0.264         0     0.839       271       416     0.905     0.903     0.892     0.904     0.576     0.794         0
   214/249     4.03G     0.796     0.265         0      1.06       263       416     0.903     0.905     0.892     0.904     0.584     0.789         0
   215/249     4.03G     0.723     0.273         0     0.996       328       416     0.907     0.906     0.892     0.906     0.575     0.788         0
   216/249     4.03G      0.68     0.263         0     0.943       310       416     0.898     0.905     0.891     0.901     0.584     0.795         0
   217/249     4.03G     0.616     0.266         0     0.882       333       416     0.895     0.907     0.892     0.901     0.577     0.794         0
   218/249     4.03G     0.818     0.276         0      1.09       263       416     0.899     0.906     0.891     0.903     0.573      0.79         0
   219/249     4.03G     0.647     0.274         0     0.921       361       416       0.9     0.905     0.891     0.903     0.579     0.783         0
   220/249     4.03G     0.644     0.252         0     0.896       299       416     0.897     0.906      0.89     0.902     0.584       0.8         0
   221/249     4.03G     0.675     0.266         0     0.941       294       416     0.898     0.909     0.895     0.904     0.568     0.796         0
   222/249     4.03G      0.61     0.271         0     0.881       330       416     0.904     0.908     0.891     0.906     0.579     0.806         0
   223/249     4.03G     0.726     0.262         0     0.988       270       416     0.898     0.908      0.89     0.903     0.599     0.801         0
   224/249     4.03G     0.784     0.266         0      1.05       295       416     0.904     0.907     0.892     0.905     0.564     0.796         0
   225/249     4.03G     0.595     0.257         0     0.852       233       416     0.899     0.905     0.892     0.902     0.577     0.841         0
   226/249     4.03G      0.61     0.244         0     0.854       278       416     0.899     0.907     0.891     0.903     0.576     0.838         0
   227/249     4.03G     0.663     0.257         0      0.92       262       416       0.9     0.906     0.891     0.903     0.587     0.829         0
   228/249     4.03G     0.724     0.271         0     0.994       293       416     0.897     0.908     0.891     0.902     0.579     0.795         0
   229/249     4.03G     0.646     0.255         0     0.901       293       416     0.892     0.907     0.889     0.899     0.578     0.804         0
   230/249     4.03G     0.741     0.253         0     0.995       303       416     0.897     0.902      0.89       0.9     0.615     0.827         0
   231/249     4.03G     0.603     0.259         0     0.862       303       416       0.9     0.902     0.891     0.901     0.573     0.835         0
   232/249     4.03G     0.665     0.262         0     0.927       233       416     0.893     0.907     0.891       0.9     0.575     0.833         0
   233/249     4.03G     0.755     0.251         0      1.01       320       416     0.904     0.904     0.892     0.904     0.576     0.827         0
   234/249     4.03G     0.744     0.257         0         1       275       416     0.905     0.902     0.891     0.904     0.577     0.812         0
   235/249     4.03G     0.659     0.261         0      0.92       278       416     0.905     0.903     0.892     0.904     0.565     0.824         0
   236/249     4.03G     0.672     0.257         0     0.929       237       416     0.912     0.901     0.893     0.907     0.566     0.845         0
   237/249     4.03G     0.684     0.248         0     0.932       234       416       0.9     0.906     0.891     0.903     0.581     0.824         0
   238/249     4.03G     0.744     0.251         0     0.996       286       416     0.908       0.9      0.89     0.904     0.584     0.829         0
   239/249     4.03G     0.545     0.263         0     0.808       332       416     0.907     0.904     0.891     0.905     0.576      0.83         0
   240/249     4.03G     0.573     0.245         0     0.818       306       416       0.9     0.903     0.891     0.902     0.571     0.819         0
   241/249     4.03G     0.808     0.253         0      1.06       303       416     0.901     0.904     0.891     0.903     0.573     0.812         0
   242/249     4.03G     0.639     0.249         0     0.888       296       416     0.907     0.901     0.891     0.904     0.583     0.825         0
   243/249     4.03G     0.676      0.25         0     0.926       320       416       0.9     0.903     0.891     0.901     0.575     0.832         0
   244/249     4.03G      0.63     0.248         0     0.879       298       416     0.896     0.904      0.89       0.9     0.589     0.835         0
   245/249     4.03G     0.716     0.247         0     0.962       290       416     0.905     0.905     0.892     0.905     0.565     0.833         0
   246/249     4.03G     0.529     0.242         0      0.77       290       416     0.905     0.905     0.892     0.905     0.574      0.83         0
   247/249     4.03G     0.643     0.244         0     0.887       328       416       0.9     0.905     0.891     0.903     0.587     0.817         0
   248/249     4.03G     0.754     0.249         0         1       298       416     0.894     0.905     0.891     0.899     0.595     0.821         0
   249/249     4.03G     0.586     0.247         0     0.834       294       416     0.859     0.918     0.901     0.888     0.573     0.812         0
