     0/249     4.02G      2.21      29.1         0      31.3       270       416         0         0         0         0      3.26       nan         0
     1/249     4.03G      2.22      26.5         0      28.7       326       416   0.00106   0.00348  7.94e-06   0.00163      1.99      24.4         0
     2/249     4.03G      2.11      22.6         0      24.7       259       416   0.00211    0.0065  2.98e-05   0.00319      1.96      20.7         0
     3/249     4.03G      2.06      18.3         0      20.3       335       416    0.0369     0.128   0.00601    0.0574      1.91        16         0
     4/249     4.03G      2.09      14.1         0      16.1       213       416    0.0536     0.183     0.016    0.0829      1.85      11.8         0
     5/249     4.03G      1.92      10.4         0      12.3       293       416    0.0658     0.216    0.0326     0.101      1.79       8.9         0
     6/249     4.03G      2.05      7.56         0      9.61       321       416    0.0795     0.249    0.0631     0.121      1.72      6.33         0
     7/249     4.03G      1.84      5.54         0      7.38       373       416         0         0         0         0      1.66      4.88         0
     8/249     4.03G      1.81      4.28         0      6.09       288       416         0         0         0         0      1.61      3.81         0
     9/249     4.03G      1.77      3.49         0      5.26       292       416         0         0         0         0      1.57      3.25         0
    10/249     4.03G      1.74      3.15         0      4.88       284       416         0         0         0         0      1.56      3.02         0
    11/249     4.03G      1.73      2.99         0      4.73       353       416         0         0         0         0      1.53      2.89         0
    12/249     4.03G      1.78      2.87         0      4.65       303       416         0         0         0         0      1.51      2.83         0
    13/249     4.03G      1.81       2.9         0      4.71       259       416         0         0         0         0       1.5      2.81         0
    14/249     4.03G       1.7      2.89         0       4.6       290       416         0         0         0         0      1.49      2.76         0
    15/249     4.03G      1.67      2.81         0      4.48       325       416         0         0         0         0      1.48      2.73         0
    16/249     4.03G      1.66      2.66         0      4.32       319       416         0         0         0         0      1.47      2.64         0
    17/249     4.03G      1.65      2.64         0      4.29       301       416         0         0         0         0      1.47      2.56         0
    18/249     4.03G       1.7       2.5         0       4.2       320       416         0         0         0         0      1.47       2.5         0
    19/249     4.03G      1.74      2.46         0      4.21       268       416         0         0         0         0      1.46      2.41         0
    20/249     4.03G      1.69      2.39         0      4.08       355       416         0         0         0         0      1.46      2.32         0
    21/249     4.03G      1.67      2.37         0      4.05       291       416         0         0         0         0      1.45      2.26         0
    22/249     4.03G      1.62      2.27         0      3.89       281       416         0         0         0         0      1.45      2.17         0
    23/249     4.03G      1.67      2.19         0      3.86       386       416         0         0         0         0      1.45      2.13         0
    24/249     4.03G       1.7      2.09         0       3.8       283       416         0         0         0         0      1.44      2.07         0
    25/249     4.03G      1.59      2.09         0      3.68       313       416         1  0.000465     0.005  0.000929      1.43      2.02         0
    26/249     4.03G      1.65      2.05         0       3.7       336       416         1   0.00163     0.005   0.00325      1.42         2         0
    27/249     4.03G      1.67      1.99         0      3.66       278       416      0.74    0.0179    0.0126    0.0349      1.41      1.95         0
    28/249     4.03G       1.7      1.97         0      3.67       227       416     0.739     0.056    0.0428     0.104      1.39      1.92         0
    29/249     4.03G      1.59      1.88         0      3.47       269       416     0.708     0.126    0.0957     0.214      1.38      1.89         0
    30/249     4.03G      1.63      1.93         0      3.56       335       416     0.691     0.225     0.172      0.34      1.37      1.86         0
    31/249     4.03G      1.76      1.84         0      3.59       358       416     0.646     0.336     0.258     0.442      1.36      1.82         0
    32/249     4.03G      1.49      1.85         0      3.34       286       416     0.625     0.426     0.324     0.507      1.36      1.78         0
    33/249     4.03G       1.5      1.76         0      3.26       278       416     0.574     0.493     0.373      0.53      1.35      1.74         0
    34/249     4.03G      1.58      1.78         0      3.36       287       416     0.549     0.542     0.417     0.545      1.34      1.71         0
    35/249     4.03G      1.56      1.69         0      3.25       334       416     0.517     0.574     0.441     0.544      1.34      1.68         0
    36/249     4.03G      1.55      1.68         0      3.23       263       416     0.489     0.617     0.476     0.545      1.33      1.64         0
    37/249     4.03G      1.48      1.65         0      3.13       308       416     0.475     0.625     0.478      0.54      1.33      1.61         0
    38/249     4.03G      1.43       1.6         0      3.02       273       416     0.457     0.658     0.507      0.54      1.33      1.56         0
    39/249     4.03G      1.49      1.62         0      3.12       261       416     0.464     0.668     0.518     0.547      1.33      1.54         0
    40/249     4.03G      1.52      1.57         0      3.09       294       416     0.459      0.68      0.54     0.548      1.33       1.5         0
    41/249     4.03G      1.52      1.52         0      3.05       285       416     0.465     0.698      0.56     0.558      1.32      1.46         0
    42/249     4.03G      1.52       1.5         0      3.02       295       416     0.469     0.706     0.574     0.564      1.32      1.42         0
    43/249     4.03G      1.56      1.39         0      2.95       262       416     0.465     0.713     0.582     0.563      1.32      1.37         0
    44/249     4.03G      1.59      1.36         0      2.95       295       416     0.468     0.725       0.6     0.569      1.32      1.33         0
    45/249     4.03G      1.51      1.33         0      2.84       288       416     0.466     0.723     0.596     0.567      1.32      1.28         0
    46/249     4.03G      1.53      1.31         0      2.83       318       416     0.472     0.731      0.61     0.573      1.31      1.24         0
    47/249     4.03G      1.52      1.27         0      2.78       333       416     0.475     0.735     0.612     0.577      1.31      1.21         0
    48/249     4.03G      1.48      1.21         0      2.69       264       416     0.478     0.744     0.622     0.582       1.3      1.17         0
    49/249     4.03G      1.46       1.2         0      2.65       346       416     0.487     0.747     0.627     0.589       1.3      1.14         0
    50/249     4.03G      1.48      1.16         0      2.64       321       416     0.495     0.758      0.64     0.599      1.29       1.1         0
    51/249     4.03G      1.45      1.13         0      2.58       319       416     0.496     0.755     0.638     0.599      1.29      1.07         0
    52/249     4.03G      1.47      1.15         0      2.62       327       416     0.501     0.757     0.643     0.603      1.29      1.06         0
    53/249     4.03G      1.39      1.07         0      2.45       304       416     0.499      0.76      0.65     0.603      1.29      1.03         0
    54/249     4.03G      1.44      1.07         0      2.51       273       416     0.506     0.767      0.66      0.61      1.28      1.02         0
    55/249     4.03G      1.45      1.07         0      2.52       247       416     0.517     0.769     0.662     0.619      1.28         1         0
    56/249     4.03G      1.51      1.05         0      2.56       254       416     0.526     0.772     0.674     0.626      1.28     0.993         0
    57/249     4.03G      1.41      1.03         0      2.44       357       416     0.538     0.783      0.69     0.638      1.28     0.985         0
    58/249     4.03G       1.4      1.03         0      2.43       298       416     0.552     0.787     0.697     0.649      1.27     0.972         0
    59/249     4.03G       1.4     0.993         0      2.39       288       416     0.552     0.792      0.71     0.651      1.26     0.968         0
    60/249     4.03G      1.47      1.01         0      2.48       295       416     0.572     0.802     0.726     0.668      1.26     0.954         0
    61/249     4.03G      1.41      0.94         0      2.35       295       416     0.571     0.804     0.725     0.667      1.26     0.947         0
    62/249     4.03G       1.4     0.986         0      2.38       252       416     0.581     0.802     0.726     0.674      1.25     0.938         0
    63/249     4.03G      1.39     0.979         0      2.37       267       416     0.584     0.811     0.735     0.679      1.25     0.932         0
    64/249     4.03G      1.35     0.981         0      2.33       279       416     0.586     0.811     0.736     0.681      1.25      0.93         0
    65/249     4.03G       1.4     0.942         0      2.34       235       416     0.593     0.814     0.739     0.686      1.24      0.92         0
    66/249     4.03G       1.4     0.917         0      2.32       277       416     0.599     0.816      0.74     0.691      1.24     0.917         0
    67/249     4.03G      1.36     0.944         0      2.31       276       416     0.598     0.812     0.739     0.689      1.24     0.906         0
    68/249     4.03G      1.34      0.89         0      2.23       284       416     0.594     0.816     0.742     0.688      1.24     0.901         0
    69/249     4.03G      1.35     0.871         0      2.22       324       416     0.607     0.817     0.748     0.696      1.24     0.893         0
    70/249     4.03G      1.33     0.911         0      2.24       305       416     0.609     0.823     0.755       0.7      1.23     0.885         0
    71/249     4.03G      1.34     0.913         0      2.26       303       416     0.613     0.821     0.755     0.702      1.23     0.888         0
    72/249     4.03G      1.36     0.887         0      2.25       277       416     0.615     0.821     0.759     0.703      1.23     0.879         0
    73/249     4.03G      1.37     0.867         0      2.23       307       416      0.61     0.821     0.757       0.7      1.22     0.879         0
    74/249     4.03G      1.39     0.868         0      2.26       270       416     0.613     0.826      0.76     0.703      1.22     0.875         0
    75/249     4.03G       1.4     0.895         0      2.29       299       416     0.618     0.824     0.761     0.707      1.22     0.876         0
    76/249     4.03G      1.33     0.873         0       2.2       308       416     0.621     0.826     0.761     0.709      1.22     0.868         0
    77/249     4.03G       1.3     0.866         0      2.16       351       416     0.619     0.827     0.759     0.708      1.21     0.866         0
    78/249     4.03G      1.32     0.855         0      2.18       273       416     0.628     0.828     0.762     0.714      1.22     0.862         0
    79/249     4.03G      1.36     0.848         0       2.2       286       416     0.627     0.835      0.77     0.716      1.21     0.858         0
    80/249     4.03G      1.36     0.879         0      2.24       248       416     0.632     0.833     0.771     0.719      1.21     0.851         0
    81/249     4.03G      1.32     0.849         0      2.17       274       416     0.629     0.837     0.772     0.718       1.2      0.85         0
    82/249     4.03G      1.28     0.829         0      2.11       365       416      0.63     0.836     0.772     0.719       1.2     0.845         0
    83/249     4.03G      1.31     0.828         0      2.14       267       416     0.636     0.839     0.776     0.724      1.19     0.843         0
    84/249     4.03G      1.28     0.805         0      2.08       280       416     0.634     0.837     0.776     0.721      1.19     0.839         0
    85/249     4.03G      1.28     0.812         0       2.1       280       416     0.642     0.839     0.779     0.727      1.19     0.843         0
    86/249     4.03G       1.3     0.826         0      2.12       291       416     0.639     0.844     0.785     0.727      1.18     0.833         0
    87/249     4.03G      1.22     0.822         0      2.04       292       416     0.642     0.838     0.776     0.727      1.18     0.836         0
    88/249     4.03G      1.27     0.816         0      2.08       324       416     0.645     0.841     0.783      0.73      1.17     0.834         0
    89/249     4.03G      1.28     0.818         0       2.1       237       416     0.646     0.847     0.786     0.733      1.17     0.831         0
    90/249     4.03G      1.25     0.813         0      2.07       277       416     0.649     0.849     0.787     0.736      1.17     0.831         0
    91/249     4.03G      1.27     0.793         0      2.06       267       416      0.65     0.853     0.796     0.738      1.16     0.826         0
    92/249     4.03G      1.29     0.776         0      2.07       291       416      0.65      0.85     0.795     0.737      1.16     0.826         0
    93/249     4.03G      1.23     0.788         0      2.02       293       416     0.652     0.854     0.796     0.739      1.15     0.819         0
    94/249     4.03G      1.25     0.807         0      2.05       303       416     0.662     0.856     0.799     0.746      1.14     0.821         0
    95/249     4.03G      1.27      0.82         0      2.09       282       416     0.651     0.856     0.796      0.74      1.13     0.818         0
    96/249     4.03G      1.21     0.799         0      2.01       321       416     0.656     0.853     0.796     0.742      1.13     0.821         0
    97/249     4.03G       1.2     0.787         0      1.98       308       416     0.664      0.86     0.802     0.749      1.12     0.814         0
    98/249     4.03G      1.19     0.774         0      1.96       190       416     0.658     0.867     0.807     0.748       1.1      0.81         0
    99/249     4.03G       1.2     0.804         0      2.01       352       416     0.667     0.866     0.808     0.753       1.1     0.811         0
   100/249     4.03G      1.17     0.774         0      1.94       279       416      0.67      0.87     0.814     0.757      1.09     0.809         0
   101/249     4.03G      1.17     0.778         0      1.95       266       416     0.666     0.872     0.814     0.755      1.08     0.801         0
   102/249     4.03G      1.18     0.762         0      1.94       321       416     0.676     0.871     0.816     0.761      1.06       0.8         0
   103/249     4.03G      1.13     0.784         0      1.92       311       416     0.686     0.873      0.82     0.769      1.06     0.802         0
   104/249     4.03G      1.15     0.746         0       1.9       222       416     0.677     0.877     0.818     0.764      1.04     0.802         0
   105/249     4.03G      1.12     0.767         0      1.89       335       416     0.688     0.879     0.821     0.772      1.03     0.801         0
   106/249     4.03G      1.07     0.756         0      1.83       333       416     0.694     0.879     0.828     0.776      1.02     0.804         0
   107/249     4.03G      1.08     0.774         0      1.85       327       416     0.703     0.885     0.838     0.784      1.01     0.797         0
   108/249     4.03G      1.08     0.744         0      1.83       241       416     0.709     0.889      0.84     0.789     0.988       0.8         0
   109/249     4.03G      1.05     0.747         0      1.79       341       416     0.721      0.89      0.85     0.797     0.975     0.794         0
   110/249     4.03G      1.02     0.739         0      1.76       338       416     0.734     0.888     0.844     0.804     0.966     0.793         0
   111/249     4.03G      1.01     0.744         0      1.76       277       416     0.734     0.887     0.844     0.803     0.949     0.791         0
   112/249     4.03G      1.02     0.757         0      1.78       322       416     0.744     0.892     0.853     0.811      0.94     0.792         0
   113/249     4.03G     0.989     0.723         0      1.71       311       416     0.746     0.897     0.857     0.815     0.926     0.787         0
   114/249     4.03G     0.992     0.745         0      1.74       227       416     0.753     0.895     0.859     0.818     0.919     0.784         0
   115/249     4.03G     0.966     0.738         0       1.7       316       416     0.762     0.895      0.86     0.823     0.905     0.787         0
   116/249     4.03G     0.978     0.725         0       1.7       231       416     0.769     0.899     0.863     0.829     0.888     0.781         0
   117/249     4.03G      1.05     0.737         0      1.79       227       416     0.775       0.9     0.867     0.833     0.884     0.778         0
   118/249     4.03G     0.943     0.717         0      1.66       275       416     0.776     0.898     0.863     0.832     0.879     0.778         0
   119/249     4.03G     0.952       0.7         0      1.65       260       416     0.779     0.902     0.872     0.836     0.867     0.777         0
   120/249     4.03G     0.898     0.749         0      1.65       331       416     0.782     0.896     0.862     0.835     0.874     0.782         0
   121/249     4.03G      0.94     0.717         0      1.66       368       416     0.794     0.894     0.862     0.841     0.859     0.781         0
   122/249     4.03G     0.917     0.707         0      1.62       379       416     0.794     0.896     0.861     0.842      0.85     0.782         0
   123/249     4.03G     0.957     0.707         0      1.66       272       416     0.792     0.897     0.862     0.841     0.849     0.772         0
   124/249     4.03G     0.885      0.72         0      1.61       277       416     0.795     0.898     0.862     0.843     0.837     0.773         0
   125/249     4.03G     0.898     0.736         0      1.63       275       416     0.799     0.901     0.872     0.847     0.831     0.769         0
   126/249     4.03G     0.907     0.694         0       1.6       243       416     0.802     0.901     0.872     0.849     0.825     0.766         0
   127/249     4.03G     0.893     0.726         0      1.62       352       416     0.807     0.905     0.874     0.853     0.821     0.761         0
   128/249     4.03G     0.902     0.708         0      1.61       258       416      0.81     0.902     0.873     0.854     0.818     0.763         0
   129/249     4.03G     0.847     0.688         0      1.54       289       416      0.82       0.9     0.874     0.858     0.813     0.769         0
   130/249     4.03G     0.851     0.707         0      1.56       286       416     0.811       0.9     0.874     0.854     0.809     0.761         0
   131/249     4.03G     0.846     0.684         0      1.53       328       416     0.818     0.903     0.875     0.858     0.804     0.766         0
   132/249     4.03G     0.854     0.676         0      1.53       291       416     0.821     0.902     0.877      0.86     0.798     0.758         0
   133/249     4.03G     0.837      0.69         0      1.53       320       416     0.818     0.904     0.876     0.859     0.795     0.755         0
   134/249     4.03G     0.826     0.681         0      1.51       335       416      0.82     0.908     0.877     0.862     0.788     0.753         0
   135/249     4.03G     0.815     0.686         0       1.5       237       416     0.821     0.906     0.877     0.861      0.79     0.754         0
   136/249     4.03G     0.817     0.684         0       1.5       258       416     0.826     0.905     0.876     0.864     0.782     0.753         0
   137/249     4.03G     0.828     0.694         0      1.52       308       416     0.824     0.908     0.877     0.864      0.78     0.748         0
   138/249     4.03G     0.807     0.676         0      1.48       257       416     0.822     0.908     0.877     0.863     0.773     0.749         0
   139/249     4.03G     0.831     0.699         0      1.53       295       416     0.824     0.908     0.877     0.864     0.773     0.746         0
   140/249     4.03G     0.833     0.676         0      1.51       229       416     0.829     0.906     0.878     0.866     0.766     0.743         0
   141/249     4.03G      0.81     0.659         0      1.47       277       416     0.829     0.907     0.878     0.866     0.766     0.744         0
   142/249     4.03G     0.788     0.686         0      1.47       262       416     0.834     0.908      0.88     0.869     0.762     0.735         0
   143/249     4.03G     0.779     0.679         0      1.46       279       416     0.835     0.905      0.88     0.869     0.762     0.741         0
   144/249     4.03G     0.764     0.668         0      1.43       266       416     0.837     0.908      0.88     0.871     0.756      0.74         0
   145/249     4.03G     0.776     0.672         0      1.45       292       416     0.832     0.909     0.879     0.869     0.756     0.739         0
   146/249     4.03G     0.779     0.652         0      1.43       263       416     0.834     0.907     0.879     0.869     0.751     0.743         0
   147/249     4.03G     0.814     0.658         0      1.47       263       416     0.841      0.91     0.888     0.874     0.751     0.739         0
   148/249     4.03G     0.772      0.67         0      1.44       318       416     0.844     0.909     0.881     0.875      0.75     0.736         0
   149/249     4.03G     0.773     0.663         0      1.44       276       416     0.846     0.905     0.879     0.875     0.745      0.74         0
   150/249     4.03G      0.77     0.642         0      1.41       243       416      0.84     0.909      0.88     0.873     0.742     0.734         0
   151/249     4.03G     0.752      0.63         0      1.38       295       416     0.842     0.911     0.889     0.875     0.737     0.735         0
   152/249     4.03G     0.798     0.642         0      1.44       267       416     0.843     0.908     0.879     0.874     0.735     0.736         0
   153/249     4.03G     0.754     0.656         0      1.41       351       416     0.849     0.907      0.88     0.877     0.735     0.733         0
   154/249     4.03G     0.749     0.626         0      1.37       246       416      0.85     0.913     0.889      0.88     0.727     0.734         0
   155/249     4.03G     0.748     0.661         0      1.41       314       416      0.85     0.911     0.889     0.879     0.729     0.733         0
   156/249     4.03G      0.74     0.658         0       1.4       328       416     0.848     0.908     0.879     0.877     0.729     0.731         0
   157/249     4.03G      0.76     0.652         0      1.41       253       416     0.845     0.908     0.878     0.875     0.725     0.732         0
   158/249     4.03G     0.745     0.627         0      1.37       260       416     0.848     0.908      0.88     0.877     0.726     0.733         0
   159/249     4.03G     0.722     0.648         0      1.37       262       416     0.848     0.907     0.879     0.877     0.718     0.731         0
   160/249     4.03G     0.728     0.617         0      1.35       304       416     0.847     0.909      0.88     0.877     0.717     0.731         0
   161/249     4.03G     0.716      0.63         0      1.35       316       416     0.849     0.907     0.881     0.877     0.716     0.727         0
   162/249     4.03G     0.755      0.64         0       1.4       295       416     0.848     0.909      0.88     0.877     0.711     0.725         0
   163/249     4.03G     0.716     0.654         0      1.37       327       416     0.853     0.907      0.88     0.879     0.715     0.727         0
   164/249     4.03G     0.728     0.625         0      1.35       312       416     0.852     0.909     0.884      0.88     0.704     0.725         0
   165/249     4.03G     0.717     0.624         0      1.34       274       416     0.854     0.907      0.88      0.88     0.708     0.723         0
   166/249     4.03G      0.72     0.622         0      1.34       300       416     0.854     0.908     0.881      0.88     0.706      0.72         0
   167/249     4.03G     0.714     0.608         0      1.32       267       416     0.849     0.911     0.889     0.879     0.699     0.721         0
   168/249     4.03G      0.71     0.627         0      1.34       330       416     0.854     0.909     0.881     0.881     0.702     0.721         0
   169/249     4.03G     0.709     0.609         0      1.32       326       416     0.853     0.911      0.89     0.881       0.7     0.718         0
   170/249     4.03G     0.696     0.614         0      1.31       293       416     0.855     0.913     0.891     0.883     0.699     0.719         0
   171/249     4.03G     0.676     0.614         0      1.29       251       416     0.855     0.908     0.882     0.881     0.696      0.72         0
   172/249     4.03G     0.696     0.646         0      1.34       253       416     0.851     0.908     0.882     0.878     0.695     0.718         0
   173/249     4.03G     0.694     0.641         0      1.33       352       416     0.855      0.91     0.891     0.882     0.695     0.717         0
   174/249     4.03G     0.674     0.618         0      1.29       287       416     0.855     0.908     0.881     0.881     0.691     0.717         0
   175/249     4.03G     0.671      0.63         0       1.3       366       416     0.862     0.908     0.882     0.884     0.693     0.718         0
   176/249     4.03G     0.699     0.604         0       1.3       301       416     0.859      0.91      0.89     0.884     0.693     0.714         0
   177/249     4.03G     0.695     0.615         0      1.31       235       416     0.854     0.911     0.891     0.881     0.687     0.715         0
   178/249     4.03G      0.67     0.618         0      1.29       321       416     0.858      0.91     0.891     0.883     0.688     0.714         0
   179/249     4.03G     0.682       0.6         0      1.28       382       416     0.864     0.909     0.887     0.886     0.688     0.716         0
   180/249     4.03G     0.681     0.608         0      1.29       326       416     0.864     0.909     0.885     0.886     0.691     0.714         0
   181/249     4.03G     0.682      0.63         0      1.31       362       416     0.859     0.909     0.885     0.883     0.687     0.712         0
   182/249     4.03G     0.687     0.603         0      1.29       248       416     0.862     0.912     0.891     0.886     0.687     0.714         0
   183/249     4.03G      0.68     0.585         0      1.27       232       416     0.861     0.911      0.89     0.885     0.683     0.717         0
   184/249     4.03G      0.69     0.626         0      1.32       327       416     0.859     0.911      0.89     0.884     0.682     0.715         0
   185/249     4.03G     0.672     0.604         0      1.28       262       416     0.857     0.911      0.89     0.883     0.684     0.718         0
   186/249     4.03G     0.685     0.592         0      1.28       288       416     0.862     0.911     0.891     0.886     0.678      0.71         0
   187/249     4.03G     0.673     0.589         0      1.26       281       416     0.864      0.91     0.891     0.887     0.682     0.716         0
   188/249     4.03G     0.657     0.607         0      1.26       304       416     0.861     0.906     0.882     0.883     0.678     0.714         0
   189/249     4.03G     0.689     0.605         0      1.29       217       416     0.862     0.908     0.881     0.885     0.678     0.711         0
   190/249     4.03G     0.671     0.578         0      1.25       255       416      0.86     0.911      0.89     0.885     0.678     0.712         0
   191/249     4.03G     0.681       0.6         0      1.28       293       416     0.859     0.911     0.889     0.884     0.677     0.713         0
   192/249     4.03G      0.66     0.583         0      1.24       268       416     0.862     0.909     0.882     0.885     0.678     0.711         0
   193/249     4.03G     0.675     0.575         0      1.25       295       416     0.858     0.912     0.891     0.884     0.671     0.705         0
   194/249     4.03G     0.641     0.564         0      1.21       273       416      0.86     0.908     0.883     0.884     0.674     0.709         0
   195/249     4.03G     0.635     0.594         0      1.23       236       416     0.865      0.91     0.892     0.887     0.669     0.707         0
   196/249     4.03G     0.653     0.593         0      1.25       289       416     0.872     0.908     0.883      0.89     0.677     0.705         0
   197/249     4.03G     0.674     0.578         0      1.25       334       416     0.866     0.908     0.882     0.886     0.671      0.71         0
   198/249     4.03G     0.646     0.586         0      1.23       327       416     0.862      0.91     0.889     0.885     0.669     0.703         0
   199/249     4.03G     0.651     0.558         0      1.21       271       416     0.867     0.908     0.882     0.887     0.671     0.708         0
   200/249     4.03G     0.658     0.565         0      1.22       305       416     0.866     0.909     0.883     0.887     0.669      0.71         0
   201/249     4.03G     0.632      0.58         0      1.21       244       416     0.866     0.909     0.884     0.887     0.671     0.706         0
   202/249     4.03G     0.647     0.561         0      1.21       346       416     0.864      0.91     0.889     0.886      0.67     0.702         0
   203/249     4.03G     0.653     0.582         0      1.24       293       416     0.873      0.91      0.89     0.891     0.673     0.703         0
   204/249     4.03G     0.647     0.587         0      1.23       281       416     0.868      0.91     0.892     0.888     0.668     0.705         0
   205/249     4.03G     0.642     0.581         0      1.22       317       416     0.867     0.911     0.892     0.888     0.666     0.702         0
   206/249     4.03G     0.657     0.582         0      1.24       213       416     0.866     0.912     0.893     0.888     0.662     0.697         0
   207/249     4.03G     0.613     0.562         0      1.17       304       416     0.867      0.91      0.89     0.888     0.661     0.705         0
   208/249     4.03G     0.675     0.553         0      1.23       266       416     0.867     0.913     0.891     0.889     0.661     0.704         0
   209/249     4.03G     0.641      0.54         0      1.18       298       416     0.863     0.913     0.891     0.887     0.662     0.701         0
   210/249     4.03G     0.645      0.56         0      1.21       244       416      0.87     0.911     0.892      0.89     0.659     0.697         0
   211/249     4.03G     0.635     0.534         0      1.17       273       416     0.869      0.91     0.891     0.889     0.663     0.701         0
   212/249     4.03G     0.638      0.54         0      1.18       312       416     0.871     0.908     0.883     0.889     0.665     0.703         0
   213/249     4.03G     0.625     0.546         0      1.17       271       416     0.872     0.907     0.883     0.889     0.661     0.706         0
   214/249     4.03G     0.661     0.559         0      1.22       263       416     0.868     0.911     0.892     0.889      0.66       0.7         0
   215/249     4.03G     0.665     0.583         0      1.25       328       416     0.871     0.911     0.892      0.89     0.659     0.702         0
   216/249     4.03G     0.642     0.548         0      1.19       310       416     0.878      0.91     0.889     0.893     0.663     0.702         0
   217/249     4.03G     0.627     0.551         0      1.18       333       416     0.871     0.911     0.893     0.891      0.66     0.705         0
   218/249     4.03G     0.664     0.579         0      1.24       263       416     0.871     0.909     0.884     0.889     0.658     0.702         0
   219/249     4.03G     0.635     0.566         0       1.2       361       416     0.866     0.908     0.884     0.887     0.655     0.706         0
   220/249     4.03G     0.627     0.541         0      1.17       299       416     0.867     0.913     0.893      0.89     0.654     0.702         0
   221/249     4.03G      0.63     0.554         0      1.18       294       416     0.867     0.913     0.893     0.889     0.652     0.697         0
   222/249     4.03G     0.619      0.57         0      1.19       330       416     0.867      0.91     0.892     0.888     0.655     0.705         0
   223/249     4.03G     0.623     0.556         0      1.18       270       416     0.865     0.909     0.882     0.886     0.654     0.702         0
   224/249     4.03G     0.641      0.57         0      1.21       295       416     0.868     0.909     0.884     0.888     0.655     0.703         0
   225/249     4.03G     0.609     0.564         0      1.17       233       416      0.87      0.91     0.891      0.89     0.653     0.704         0
   226/249     4.03G     0.611     0.529         0      1.14       278       416     0.871     0.912     0.892     0.891     0.651     0.698         0
   227/249     4.03G     0.616      0.55         0      1.17       262       416     0.876     0.911     0.893     0.893     0.652     0.696         0
   228/249     4.03G     0.632     0.563         0       1.2       293       416     0.874      0.91     0.893     0.892      0.65     0.699         0
   229/249     4.03G     0.608      0.54         0      1.15       293       416     0.874     0.912     0.892     0.893     0.647     0.692         0
   230/249     4.03G      0.62     0.545         0      1.16       303       416      0.88     0.912     0.893     0.896     0.655       0.7         0
   231/249     4.03G     0.608     0.561         0      1.17       303       416     0.879      0.91     0.893     0.894     0.652     0.697         0
   232/249     4.03G     0.607     0.553         0      1.16       233       416     0.878     0.913     0.893     0.895     0.652     0.699         0
   233/249     4.03G     0.629      0.55         0      1.18       320       416     0.874      0.91     0.892     0.892     0.653     0.697         0
   234/249     4.03G     0.611     0.553         0      1.16       275       416     0.876     0.912     0.892     0.894     0.652     0.695         0
   235/249     4.03G     0.622     0.559         0      1.18       278       416     0.872     0.913     0.892     0.892     0.647     0.694         0
   236/249     4.03G     0.613     0.548         0      1.16       237       416     0.879     0.912     0.892     0.895     0.654     0.694         0
   237/249     4.03G     0.619     0.531         0      1.15       234       416     0.874     0.911     0.892     0.892     0.647     0.693         0
   238/249     4.03G     0.633     0.538         0      1.17       286       416     0.876     0.909     0.883     0.892     0.648     0.695         0
   239/249     4.03G     0.593     0.562         0      1.16       332       416     0.879     0.908     0.882     0.893     0.648     0.703         0
   240/249     4.03G     0.603      0.53         0      1.13       306       416     0.879     0.911     0.892     0.895     0.648     0.704         0
   241/249     4.03G     0.626     0.554         0      1.18       303       416     0.884     0.911     0.892     0.897     0.645     0.693         0
   242/249     4.03G     0.603     0.532         0      1.14       296       416     0.882     0.911     0.893     0.896     0.646     0.698         0
   243/249     4.03G     0.619     0.547         0      1.17       320       416     0.879     0.911     0.893     0.894     0.646     0.701         0
   244/249     4.03G     0.603     0.551         0      1.15       298       416     0.877      0.91     0.893     0.894     0.651     0.699         0
   245/249     4.03G     0.604     0.542         0      1.15       290       416     0.874     0.913     0.892     0.893     0.645     0.695         0
   246/249     4.03G     0.593     0.532         0      1.13       290       416     0.883      0.91     0.893     0.896     0.647     0.696         0
   247/249     4.03G     0.615     0.532         0      1.15       328       416      0.88     0.912     0.893     0.896     0.646     0.698         0
   248/249     4.03G     0.632     0.543         0      1.17       298       416      0.88     0.911     0.893     0.895     0.644     0.694         0
   249/249     4.03G     0.598     0.532         0      1.13       294       416     0.769     0.916     0.892     0.836     0.641     0.693         0
