     0/249     4.02G      2.19      26.9         0      29.1       270       416         0         0         0         0      3.26       nan         0
     1/249     4.03G      2.16      17.2         0      19.4       326       416    0.0551     0.186    0.0176    0.0849      1.84      11.3         0
     2/249     4.03G      1.97      7.97         0      9.94       259       416     0.265     0.145    0.0535     0.188      1.68      5.19         0
     3/249     4.03G      1.78      3.71         0       5.5       335       416         0         0         0         0      1.57      3.01         0
     4/249     4.03G      1.83      2.91         0      4.74       213       416         0         0         0         0      1.53         3         0
     5/249     4.03G      1.66       3.2         0      4.86       293       416         0         0         0         0       1.5      3.19         0
     6/249     4.03G      1.89      3.32         0      5.21       321       416         0         0         0         0      1.48      3.09         0
     7/249     4.03G      1.69      3.22         0      4.91       373       416         0         0         0         0      1.48         3         0
     8/249     4.03G      1.72      3.02         0      4.74       288       416         0         0         0         0      1.49      2.74         0
     9/249     4.03G      1.69      2.69         0      4.38       292       416         0         0         0         0      1.49      2.56         0
    10/249     4.03G      1.68      2.61         0      4.29       284       416         0         0         0         0      1.47      2.48         0
    11/249     4.03G      1.71      2.52         0      4.23       353       416         0         0         0         0      1.45      2.35         0
    12/249     4.03G      1.74      2.32         0      4.05       303       416     0.882    0.0346    0.0321    0.0666      1.43      2.14         0
    13/249     4.03G      1.82      2.21         0      4.03       259       416     0.773     0.216     0.179     0.338      1.41      1.97         0
    14/249     4.03G       1.7      2.02         0      3.72       290       416     0.629     0.463     0.364     0.533      1.38       1.7         0
    15/249     4.03G      1.67      1.73         0       3.4       325       416     0.505     0.553     0.427     0.528      1.37      1.49         0
    16/249     4.03G      1.63      1.41         0      3.04       319       416     0.413     0.658     0.501     0.507      1.36      1.17         0
    17/249     4.03G       1.6       1.2         0      2.81       301       416     0.445     0.696     0.559     0.543      1.33      1.04         0
    18/249     4.03G      1.71      1.06         0      2.77       320       416     0.457     0.705     0.572     0.555      1.33      1.01         0
    19/249     4.03G      1.79      1.05         0      2.84       268       416     0.484     0.735     0.607     0.583      1.31     0.994         0
    20/249     4.03G      1.67         1         0      2.67       355       416     0.506     0.781     0.673     0.614      1.29     0.954         0
    21/249     4.03G      1.63      1.02         0      2.64       291       416     0.539     0.792     0.698     0.642      1.29     0.934         0
    22/249     4.03G      1.51     0.969         0      2.48       281       416     0.544     0.779     0.677     0.641      1.28     0.927         0
    23/249     4.03G      1.65     0.952         0       2.6       386       416      0.58     0.774      0.69     0.663      1.28     0.897         0
    24/249     4.03G       1.6     0.909         0      2.51       283       416     0.588     0.795     0.711     0.676      1.27      0.89         0
    25/249     4.03G      1.45     0.908         0      2.36       313       416     0.606       0.8     0.723      0.69      1.25      0.87         0
    26/249     4.03G      1.58     0.895         0      2.47       336       416     0.617       0.8      0.73     0.697      1.25     0.851         0
    27/249     4.03G      1.65     0.866         0      2.51       278       416     0.619     0.803     0.733     0.699      1.24     0.846         0
    28/249     4.03G      1.62     0.848         0      2.47       227       416     0.628     0.811     0.749     0.708      1.24      0.82         0
    29/249     4.03G      1.54     0.807         0      2.35       269       416     0.624     0.816     0.749     0.707      1.23      0.82         0
    30/249     4.03G      1.58     0.844         0      2.42       335       416     0.625     0.816     0.748     0.708      1.22     0.803         0
    31/249     4.03G      1.74     0.791         0      2.53       358       416     0.626     0.827     0.758     0.713      1.21     0.795         0
    32/249     4.03G      1.34     0.795         0      2.13       286       416     0.627     0.827     0.761     0.713       1.2     0.787         0
    33/249     4.03G      1.37     0.761         0      2.13       278       416     0.634     0.831     0.768     0.719      1.18     0.784         0
    34/249     4.03G      1.49     0.774         0      2.26       287       416     0.645     0.836     0.772     0.728      1.17     0.774         0
    35/249     4.03G      1.47     0.748         0      2.22       334       416     0.651     0.839     0.776     0.733      1.16     0.772         0
    36/249     4.03G      1.42     0.741         0      2.16       263       416     0.662     0.842     0.781     0.741      1.14     0.767         0
    37/249     4.03G      1.29     0.734         0      2.02       308       416     0.679     0.851      0.79     0.755       1.1     0.765         0
    38/249     4.03G      1.19      0.72         0      1.91       273       416     0.692     0.865     0.807     0.769      1.06     0.767         0
    39/249     4.03G      1.33     0.737         0      2.07       261       416     0.717     0.866     0.818     0.784      1.04     0.758         0
    40/249     4.03G      1.38     0.711         0      2.09       294       416     0.734      0.87     0.831     0.797      0.99     0.759         0
    41/249     4.03G      1.35     0.718         0      2.07       285       416     0.755     0.882     0.847     0.813     0.951     0.745         0
    42/249     4.03G      1.19     0.714         0      1.91       295       416     0.769     0.884     0.853     0.823     0.913      0.74         0
    43/249     4.03G      1.24     0.674         0      1.92       262       416     0.788     0.888     0.855     0.835     0.896     0.735         0
    44/249     4.03G      1.28     0.685         0      1.97       295       416     0.796     0.894     0.865     0.842     0.868     0.739         0
    45/249     4.03G      1.15     0.674         0      1.82       288       416     0.818     0.897     0.869     0.856     0.846     0.733         0
    46/249     4.03G      1.15     0.695         0      1.85       318       416     0.814     0.897     0.868     0.854     0.816     0.739         0
    47/249     4.03G      1.11     0.675         0      1.79       333       416     0.824     0.899     0.869      0.86     0.815     0.723         0
    48/249     4.03G      1.06     0.648         0      1.71       264       416     0.843       0.9     0.877      0.87     0.795     0.717         0
    49/249     4.03G      1.01     0.655         0      1.67       346       416     0.854     0.904     0.882     0.878     0.778     0.711         0
    50/249     4.03G      1.02     0.655         0      1.67       321       416     0.847     0.902     0.881     0.874      0.78     0.719         0
    51/249     4.03G     0.937     0.642         0      1.58       319       416     0.854     0.902      0.88     0.878     0.757     0.719         0
    52/249     4.03G      1.07     0.663         0      1.73       327       416      0.87     0.901     0.882     0.885     0.751     0.714         0
    53/249     4.03G      0.89     0.627         0      1.52       304       416     0.863     0.901      0.88     0.881     0.748     0.711         0
    54/249     4.03G     0.944     0.631         0      1.58       273       416     0.864     0.906     0.883     0.885     0.722     0.711         0
    55/249     4.03G     0.924     0.628         0      1.55       247       416     0.859     0.902      0.88      0.88     0.743     0.711         0
    56/249     4.03G      1.03     0.627         0      1.66       254       416     0.871     0.903     0.883     0.886     0.708     0.704         0
    57/249     4.03G     0.882     0.623         0       1.5       357       416     0.872     0.904     0.883     0.888     0.723     0.702         0
    58/249     4.03G     0.947     0.613         0      1.56       298       416     0.869     0.904     0.884     0.886     0.728     0.696         0
    59/249     4.03G     0.875     0.599         0      1.47       288       416     0.868     0.906     0.885     0.886     0.722     0.695         0
    60/249     4.03G      1.04     0.612         0      1.65       295       416     0.864     0.904     0.884     0.884     0.694     0.703         0
    61/249     4.03G     0.922     0.565         0      1.49       295       416     0.872     0.906     0.885     0.889     0.694     0.698         0
    62/249     4.03G     0.953     0.601         0      1.55       252       416     0.876     0.902     0.884     0.889     0.695     0.698         0
    63/249     4.03G      0.98     0.592         0      1.57       267       416     0.873     0.906     0.884     0.889     0.681     0.692         0
    64/249     4.03G      0.91     0.599         0      1.51       279       416     0.878     0.906     0.886     0.892     0.687     0.685         0
    65/249     4.03G     0.942     0.576         0      1.52       235       416     0.868     0.906     0.884     0.887     0.704     0.693         0
    66/249     4.03G      1.01     0.555         0      1.57       277       416      0.88     0.902     0.885     0.891     0.728     0.685         0
    67/249     4.03G     0.894      0.58         0      1.47       276       416     0.874     0.902     0.882     0.887     0.708     0.686         0
    68/249     4.03G     0.841     0.541         0      1.38       284       416     0.876     0.908     0.885     0.892     0.696     0.676         0
    69/249     4.03G     0.849      0.54         0      1.39       324       416     0.882     0.907     0.887     0.894     0.663     0.686         0
    70/249     4.03G     0.807     0.566         0      1.37       305       416     0.883     0.905     0.886     0.894     0.677     0.683         0
    71/249     4.03G     0.879     0.559         0      1.44       303       416     0.886     0.905     0.886     0.896     0.688     0.688         0
    72/249     4.03G     0.899      0.55         0      1.45       277       416     0.882      0.91     0.896     0.896     0.666     0.678         0
    73/249     4.03G      1.01     0.531         0      1.54       307       416     0.886     0.911     0.897     0.898     0.658      0.68         0
    74/249     4.03G     0.923     0.532         0      1.45       270       416     0.876     0.908     0.886     0.892     0.667     0.676         0
    75/249     4.03G      0.93     0.557         0      1.49       299       416     0.889     0.908     0.887     0.898     0.658     0.685         0
    76/249     4.03G     0.856     0.544         0       1.4       308       416     0.883     0.906     0.885     0.894     0.681     0.679         0
    77/249     4.03G     0.708      0.54         0      1.25       351       416     0.883     0.908     0.888     0.896     0.653     0.683         0
    78/249     4.03G     0.845     0.531         0      1.38       273       416     0.884     0.909     0.889     0.896     0.656      0.68         0
    79/249     4.03G     0.931     0.522         0      1.45       286       416     0.875     0.905     0.885      0.89     0.681     0.679         0
    80/249     4.03G     0.989     0.545         0      1.53       248       416      0.88     0.905     0.885     0.892     0.657     0.681         0
    81/249     4.03G     0.948      0.53         0      1.48       274       416     0.877     0.908     0.886     0.892      0.66      0.68         0
    82/249     4.03G      0.76     0.515         0      1.27       365       416     0.885     0.908     0.888     0.896     0.642     0.675         0
    83/249     4.03G     0.866     0.518         0      1.38       267       416     0.884      0.91     0.894     0.897     0.645     0.675         0
    84/249     4.03G      0.81     0.498         0      1.31       280       416     0.884     0.909     0.889     0.896     0.677      0.67         0
    85/249     4.03G     0.878     0.503         0      1.38       280       416     0.885     0.903     0.886     0.894     0.675      0.68         0
    86/249     4.03G     0.855     0.513         0      1.37       291       416     0.884     0.905     0.886     0.894     0.647     0.677         0
    87/249     4.03G     0.639     0.516         0      1.15       292       416     0.887     0.906     0.887     0.896     0.649      0.68         0
    88/249     4.03G     0.806     0.498         0       1.3       324       416     0.889     0.906     0.887     0.898     0.641     0.675         0
    89/249     4.03G     0.867      0.51         0      1.38       237       416     0.881     0.908     0.887     0.894     0.658     0.671         0
    90/249     4.03G     0.758     0.507         0      1.26       277       416     0.886     0.909     0.889     0.897     0.648     0.667         0
    91/249     4.03G     0.837     0.501         0      1.34       267       416     0.886     0.911     0.898     0.898     0.643     0.664         0
    92/249     4.03G     0.917     0.488         0       1.4       291       416     0.887     0.911     0.899     0.899     0.628     0.671         0
    93/249     4.03G     0.805     0.483         0      1.29       293       416     0.888     0.909     0.887     0.898     0.632      0.67         0
    94/249     4.03G     0.864     0.505         0      1.37       303       416      0.89     0.909     0.892       0.9     0.641     0.669         0
    95/249     4.03G      1.03       0.5         0      1.53       282       416     0.888     0.912     0.898       0.9     0.635     0.671         0
    96/249     4.03G     0.779       0.5         0      1.28       321       416     0.889     0.907     0.889     0.898     0.646      0.68         0
    97/249     4.03G      0.78     0.491         0      1.27       308       416      0.89      0.91     0.899       0.9     0.632     0.672         0
    98/249     4.03G     0.744     0.479         0      1.22       190       416     0.879      0.91     0.897     0.894     0.632     0.668         0
    99/249     4.03G     0.899     0.499         0       1.4       352       416     0.886     0.905     0.888     0.895     0.661     0.672         0
   100/249     4.03G     0.686     0.478         0      1.16       279       416     0.888     0.908      0.89     0.898     0.625     0.668         0
   101/249     4.03G     0.786     0.478         0      1.26       266       416     0.882     0.909     0.892     0.896     0.616     0.664         0
   102/249     4.03G     0.887     0.467         0      1.35       321       416     0.893     0.908     0.889       0.9     0.626     0.674         0
   103/249     4.03G     0.801     0.478         0      1.28       311       416     0.888     0.907     0.888     0.897      0.65      0.68         0
   104/249     4.03G     0.867     0.464         0      1.33       222       416     0.886      0.91     0.895     0.898     0.634     0.671         0
   105/249     4.03G      0.86     0.465         0      1.33       335       416     0.893     0.905     0.888     0.899     0.628     0.675         0
   106/249     4.03G     0.686     0.469         0      1.15       333       416     0.896     0.906     0.889     0.901     0.622     0.681         0
   107/249     4.03G     0.716      0.48         0       1.2       327       416     0.899      0.91     0.899     0.904     0.614     0.672         0
   108/249     4.03G     0.886      0.45         0      1.34       241       416     0.898     0.909     0.891     0.904     0.626      0.68         0
   109/249     4.03G     0.805     0.459         0      1.26       341       416      0.89     0.908     0.888     0.899     0.638     0.675         0
   110/249     4.03G     0.782     0.455         0      1.24       338       416     0.891     0.909     0.892       0.9     0.645     0.674         0
   111/249     4.03G     0.664      0.46         0      1.12       277       416     0.892      0.91     0.898     0.901     0.617      0.68         0
   112/249     4.03G     0.849      0.47         0      1.32       322       416     0.893     0.909     0.888     0.901     0.625     0.678         0
   113/249     4.03G     0.734     0.446         0      1.18       311       416     0.888      0.91     0.894     0.899     0.613     0.673         0
   114/249     4.03G     0.776     0.465         0      1.24       227       416     0.892      0.91     0.899     0.901     0.617      0.67         0
   115/249     4.03G     0.736     0.457         0      1.19       316       416     0.892      0.91     0.899     0.901     0.612     0.674         0
   116/249     4.03G     0.724     0.445         0      1.17       231       416     0.891     0.911     0.899     0.901     0.616     0.674         0
   117/249     4.03G      1.01     0.455         0      1.47       227       416      0.89     0.911     0.898       0.9      0.61     0.677         0
   118/249     4.03G     0.768     0.439         0      1.21       275       416     0.887     0.912     0.897     0.899     0.609     0.672         0
   119/249     4.03G     0.808      0.43         0      1.24       260       416     0.883     0.906     0.887     0.894     0.638     0.675         0
   120/249     4.03G     0.689     0.463         0      1.15       331       416      0.89     0.906     0.888     0.898     0.628     0.692         0
   121/249     4.03G     0.763     0.447         0      1.21       368       416     0.889     0.908     0.888     0.898     0.628     0.683         0
   122/249     4.03G     0.712     0.439         0      1.15       379       416     0.894      0.91     0.899     0.902     0.614     0.682         0
   123/249     4.03G         1      0.44         0      1.44       272       416     0.895      0.91     0.898     0.903     0.611     0.674         0
   124/249     4.03G      0.65     0.445         0       1.1       277       416     0.896      0.91     0.896     0.903      0.61     0.678         0
   125/249     4.03G     0.801     0.457         0      1.26       275       416     0.891     0.908     0.889     0.899      0.63     0.679         0
   126/249     4.03G     0.876     0.428         0       1.3       243       416      0.89     0.908      0.89     0.899     0.646     0.679         0
   127/249     4.03G     0.842     0.452         0      1.29       352       416     0.893     0.912     0.899     0.902     0.613     0.674         0
   128/249     4.03G     0.897     0.443         0      1.34       258       416     0.896     0.911       0.9     0.904     0.599     0.672         0
   129/249     4.03G      0.73     0.424         0      1.15       289       416     0.892     0.909     0.889       0.9     0.601     0.681         0
   130/249     4.03G      0.73     0.443         0      1.17       286       416      0.89     0.911     0.898       0.9     0.598     0.674         0
   131/249     4.03G     0.785      0.42         0       1.2       328       416     0.886     0.908     0.888     0.897     0.633     0.677         0
   132/249     4.03G     0.799     0.419         0      1.22       291       416     0.889     0.907     0.889     0.898     0.631     0.681         0
   133/249     4.03G     0.752     0.422         0      1.17       320       416      0.89     0.911     0.899     0.901     0.603      0.68         0
   134/249     4.03G     0.813     0.423         0      1.24       335       416     0.894     0.911     0.899     0.902     0.599     0.678         0
   135/249     4.03G     0.681     0.434         0      1.11       237       416     0.892     0.913     0.898     0.902     0.617     0.675         0
   136/249     4.03G     0.731     0.422         0      1.15       258       416     0.892     0.912     0.897     0.902     0.602     0.675         0
   137/249     4.03G     0.811     0.434         0      1.24       308       416     0.892     0.912     0.899     0.902     0.614      0.68         0
   138/249     4.03G     0.747      0.42         0      1.17       257       416     0.894     0.913     0.899     0.903      0.61     0.676         0
   139/249     4.03G     0.877     0.433         0      1.31       295       416     0.892     0.911     0.898     0.901     0.605      0.67         0
   140/249     4.03G     0.941     0.418         0      1.36       229       416      0.89     0.911     0.898       0.9     0.604     0.669         0
   141/249     4.03G     0.767     0.407         0      1.17       277       416      0.89      0.91     0.899       0.9     0.601     0.677         0
   142/249     4.03G     0.673     0.425         0       1.1       262       416     0.893     0.909     0.892     0.901     0.604     0.676         0
   143/249     4.03G     0.678     0.425         0       1.1       279       416     0.893     0.909      0.89     0.901     0.613     0.679         0
   144/249     4.03G      0.67     0.413         0      1.08       266       416     0.899     0.907      0.89     0.903     0.618     0.683         0
   145/249     4.03G     0.708     0.417         0      1.12       292       416     0.894     0.908      0.89     0.901     0.614     0.681         0
   146/249     4.03G      0.81     0.399         0      1.21       263       416       0.9      0.91     0.898     0.905     0.603     0.683         0
   147/249     4.03G     0.941     0.407         0      1.35       263       416     0.896     0.908      0.89     0.902     0.595     0.689         0
   148/249     4.03G     0.732     0.413         0      1.14       318       416     0.895     0.907      0.89     0.901     0.604     0.692         0
   149/249     4.03G      0.84     0.406         0      1.25       276       416      0.89     0.909      0.89     0.899     0.615     0.693         0
   150/249     4.03G     0.722     0.395         0      1.12       243       416     0.891      0.91     0.899     0.901      0.59     0.684         0
   151/249     4.03G     0.684     0.397         0      1.08       295       416     0.889     0.911     0.899       0.9     0.587     0.681         0
   152/249     4.03G     0.923     0.397         0      1.32       267       416     0.894     0.908     0.891     0.901     0.591     0.682         0
   153/249     4.03G     0.746     0.411         0      1.16       351       416     0.896      0.91     0.899     0.903     0.589     0.686         0
   154/249     4.03G     0.743     0.384         0      1.13       246       416     0.892     0.911     0.899     0.901     0.585     0.679         0
   155/249     4.03G     0.819     0.414         0      1.23       314       416     0.897     0.907      0.89     0.902     0.587     0.687         0
   156/249     4.03G     0.743     0.405         0      1.15       328       416     0.898     0.907      0.89     0.903      0.59     0.692         0
   157/249     4.03G      0.78     0.414         0      1.19       253       416     0.893     0.909      0.89     0.901     0.587     0.686         0
   158/249     4.03G     0.819     0.399         0      1.22       260       416     0.894     0.909     0.892     0.902     0.586     0.685         0
   159/249     4.03G     0.608      0.41         0      1.02       262       416     0.898     0.908     0.891     0.903     0.588     0.687         0
   160/249     4.03G     0.707     0.389         0       1.1       304       416     0.896     0.909     0.891     0.903     0.587      0.68         0
   161/249     4.03G     0.605     0.394         0     0.998       316       416     0.897     0.909     0.892     0.903     0.586     0.679         0
   162/249     4.03G      0.88     0.401         0      1.28       295       416     0.894      0.91       0.9     0.902     0.586     0.678         0
   163/249     4.03G     0.705     0.417         0      1.12       327       416     0.898     0.907     0.891     0.902     0.589     0.684         0
   164/249     4.03G     0.881     0.395         0      1.28       312       416     0.895     0.909      0.89     0.902     0.587     0.683         0
   165/249     4.03G     0.702     0.391         0      1.09       274       416     0.893     0.912       0.9     0.902     0.585     0.682         0
   166/249     4.03G     0.776     0.399         0      1.17       300       416     0.897     0.909      0.89     0.903     0.584     0.682         0
   167/249     4.03G      0.71     0.383         0      1.09       267       416     0.892     0.912     0.899     0.902     0.583     0.674         0
   168/249     4.03G      0.74     0.396         0      1.14       330       416     0.899     0.908     0.891     0.904     0.587     0.682         0
   169/249     4.03G     0.679     0.389         0      1.07       326       416     0.895     0.909      0.89     0.902     0.584     0.683         0
   170/249     4.03G     0.677      0.39         0      1.07       293       416     0.893      0.91       0.9     0.902     0.584     0.681         0
   171/249     4.03G     0.633     0.398         0      1.03       251       416     0.896      0.91     0.896     0.903     0.585     0.678         0
   172/249     4.03G     0.708     0.409         0      1.12       253       416     0.897      0.91     0.896     0.903     0.587     0.681         0
   173/249     4.03G     0.774     0.412         0      1.19       352       416     0.897     0.911       0.9     0.904     0.586     0.684         0
   174/249     4.03G     0.668       0.4         0      1.07       287       416     0.896      0.91       0.9     0.903     0.584     0.681         0
   175/249     4.03G     0.597     0.409         0      1.01       366       416     0.898     0.911       0.9     0.904     0.588     0.684         0
   176/249     4.03G     0.711     0.385         0       1.1       301       416     0.895     0.912       0.9     0.903     0.583     0.678         0
   177/249     4.03G     0.841     0.397         0      1.24       235       416     0.895     0.913     0.899     0.904     0.583     0.674         0
   178/249     4.03G     0.601     0.398         0     0.998       321       416     0.898      0.91       0.9     0.904     0.584     0.677         0
   179/249     4.03G     0.636     0.392         0      1.03       382       416       0.9      0.91     0.899     0.905     0.586     0.685         0
   180/249     4.03G     0.702     0.394         0       1.1       326       416     0.896     0.911       0.9     0.904     0.584     0.681         0
   181/249     4.03G     0.668     0.408         0      1.08       362       416     0.899     0.911       0.9     0.905     0.584     0.682         0
   182/249     4.03G     0.706     0.394         0       1.1       248       416     0.894     0.911     0.899     0.903     0.584     0.682         0
   183/249     4.03G      0.74     0.377         0      1.12       232       416     0.894     0.911       0.9     0.903     0.582     0.681         0
   184/249     4.03G     0.813     0.413         0      1.23       327       416     0.897     0.911       0.9     0.904     0.585     0.684         0
   185/249     4.03G     0.736     0.393         0      1.13       262       416     0.896      0.91       0.9     0.903     0.584     0.685         0
   186/249     4.03G     0.706     0.388         0      1.09       288       416     0.895      0.91     0.898     0.902     0.583     0.684         0
   187/249     4.03G     0.734     0.383         0      1.12       281       416     0.895     0.911     0.899     0.903     0.584     0.684         0
   188/249     4.03G     0.631       0.4         0      1.03       304       416     0.895     0.909     0.894     0.902     0.583     0.685         0
   189/249     4.03G     0.767     0.392         0      1.16       217       416     0.895      0.91     0.899     0.902     0.584     0.683         0
   190/249     4.03G     0.734     0.376         0      1.11       255       416     0.895      0.91     0.896     0.902     0.584     0.685         0
   191/249     4.03G     0.772       0.4         0      1.17       293       416     0.897      0.91     0.897     0.903     0.583     0.683         0
   192/249     4.03G     0.665     0.386         0      1.05       268       416     0.895      0.91       0.9     0.903     0.584     0.683         0
   193/249     4.03G     0.701     0.381         0      1.08       295       416     0.893     0.913     0.899     0.903     0.581      0.68         0
   194/249     4.03G     0.559     0.372         0     0.932       273       416     0.894     0.911       0.9     0.903     0.583     0.682         0
   195/249     4.03G     0.557     0.396         0     0.953       236       416     0.895     0.911     0.899     0.903     0.584     0.685         0
   196/249     4.03G     0.635     0.392         0      1.03       289       416     0.895     0.913       0.9     0.904     0.582     0.679         0
   197/249     4.03G      0.81     0.383         0      1.19       334       416       0.9     0.908     0.891     0.904     0.586     0.686         0
   198/249     4.03G     0.663     0.394         0      1.06       327       416     0.897     0.909     0.891     0.903     0.585     0.684         0
   199/249     4.03G     0.626     0.376         0         1       271       416     0.898      0.91     0.897     0.904     0.583     0.682         0
   200/249     4.03G     0.633      0.38         0      1.01       305       416     0.898      0.91       0.9     0.904     0.583     0.684         0
   201/249     4.03G     0.594     0.387         0      0.98       244       416     0.895     0.911       0.9     0.903     0.583      0.68         0
   202/249     4.03G     0.703     0.374         0      1.08       346       416     0.897     0.909     0.894     0.903     0.583     0.685         0
   203/249     4.03G     0.669     0.394         0      1.06       293       416     0.898      0.91     0.899     0.904     0.582     0.682         0
   204/249     4.03G     0.669     0.397         0      1.07       281       416       0.9     0.909     0.894     0.904     0.586     0.687         0
   205/249     4.03G     0.731     0.394         0      1.12       317       416     0.897     0.911       0.9     0.904     0.584     0.681         0
   206/249     4.03G     0.841      0.39         0      1.23       213       416     0.897      0.91       0.9     0.904     0.582     0.681         0
   207/249     4.03G     0.494     0.386         0      0.88       304       416     0.897     0.911       0.9     0.904     0.581     0.679         0
   208/249     4.03G     0.804     0.369         0      1.17       266       416     0.896     0.911     0.899     0.903     0.581     0.681         0
   209/249     4.03G     0.736     0.363         0       1.1       298       416     0.895     0.911     0.899     0.903      0.58     0.684         0
   210/249     4.03G     0.769     0.379         0      1.15       244       416     0.896     0.912       0.9     0.904      0.58     0.679         0
   211/249     4.03G     0.692      0.36         0      1.05       273       416     0.896     0.909     0.892     0.903     0.582     0.682         0
   212/249     4.03G     0.665     0.365         0      1.03       312       416     0.895     0.911     0.899     0.903     0.581     0.684         0
   213/249     4.03G     0.628     0.374         0         1       271       416     0.898     0.909     0.891     0.903     0.583     0.687         0
   214/249     4.03G     0.842      0.38         0      1.22       263       416     0.899     0.909     0.894     0.904     0.583     0.688         0
   215/249     4.03G     0.772     0.394         0      1.17       328       416     0.901     0.908      0.89     0.904     0.585     0.696         0
   216/249     4.03G     0.738     0.374         0      1.11       310       416     0.899      0.91     0.898     0.904     0.583     0.689         0
   217/249     4.03G     0.665     0.378         0      1.04       333       416     0.897      0.91     0.899     0.904     0.585     0.691         0
   218/249     4.03G     0.874     0.396         0      1.27       263       416     0.899     0.909     0.892     0.904     0.585     0.692         0
   219/249     4.03G     0.701     0.389         0      1.09       361       416     0.898     0.909      0.89     0.903     0.584     0.692         0
   220/249     4.03G     0.699     0.372         0      1.07       299       416     0.896      0.91       0.9     0.903     0.582     0.691         0
   221/249     4.03G     0.732     0.387         0      1.12       294       416     0.894     0.912       0.9     0.903      0.58     0.685         0
   222/249     4.03G     0.667     0.395         0      1.06       330       416     0.895     0.911     0.899     0.903     0.582      0.69         0
   223/249     4.03G     0.767     0.384         0      1.15       270       416     0.896      0.91     0.896     0.903     0.582     0.691         0
   224/249     4.03G     0.838     0.395         0      1.23       295       416       0.9     0.908     0.891     0.904     0.584     0.698         0
   225/249     4.03G     0.662      0.39         0      1.05       233       416     0.896     0.912     0.899     0.904     0.582      0.69         0
   226/249     4.03G     0.665     0.365         0      1.03       278       416     0.898     0.912       0.9     0.905     0.582     0.689         0
   227/249     4.03G       0.7     0.383         0      1.08       262       416     0.894     0.911       0.9     0.903     0.582      0.69         0
   228/249     4.03G      0.77     0.391         0      1.16       293       416     0.896     0.911       0.9     0.903     0.583      0.69         0
   229/249     4.03G     0.697     0.374         0      1.07       293       416     0.897     0.911       0.9     0.904     0.583      0.69         0
   230/249     4.03G       0.8     0.379         0      1.18       303       416     0.898     0.912       0.9     0.905     0.583     0.689         0
   231/249     4.03G     0.661     0.392         0      1.05       303       416     0.898     0.911       0.9     0.905     0.584     0.693         0
   232/249     4.03G      0.73     0.388         0      1.12       233       416     0.898     0.911       0.9     0.904     0.583     0.692         0
   233/249     4.03G     0.802     0.382         0      1.18       320       416     0.898     0.911       0.9     0.904     0.583     0.693         0
   234/249     4.03G     0.799     0.388         0      1.19       275       416     0.896      0.91     0.899     0.903     0.582     0.689         0
   235/249     4.03G     0.734     0.394         0      1.13       278       416     0.897      0.91       0.9     0.904     0.582     0.689         0
   236/249     4.03G     0.732     0.386         0      1.12       237       416     0.897      0.91       0.9     0.904     0.581     0.682         0
   237/249     4.03G     0.736     0.373         0      1.11       234       416     0.896     0.912       0.9     0.904     0.581     0.684         0
   238/249     4.03G     0.807     0.376         0      1.18       286       416     0.897     0.909     0.891     0.903     0.583      0.69         0
   239/249     4.03G     0.592     0.401         0     0.993       332       416     0.898     0.909     0.891     0.903     0.584     0.692         0
   240/249     4.03G     0.626     0.374         0         1       306       416     0.893     0.911     0.899     0.902     0.581     0.692         0
   241/249     4.03G     0.869      0.39         0      1.26       303       416       0.9     0.908     0.891     0.904     0.584     0.699         0
   242/249     4.03G     0.696     0.375         0      1.07       296       416     0.899     0.908     0.891     0.903     0.583     0.694         0
   243/249     4.03G     0.734     0.389         0      1.12       320       416     0.897      0.91     0.898     0.903     0.584     0.692         0
   244/249     4.03G     0.692     0.391         0      1.08       298       416     0.898     0.911       0.9     0.904     0.585     0.696         0
   245/249     4.03G     0.765     0.385         0      1.15       290       416     0.895     0.909     0.892     0.902     0.581     0.697         0
   246/249     4.03G     0.588     0.381         0     0.968       290       416     0.895     0.911     0.899     0.903     0.583     0.691         0
   247/249     4.03G     0.697      0.38         0      1.08       328       416     0.896      0.91       0.9     0.903     0.584     0.693         0
   248/249     4.03G     0.811     0.392         0       1.2       298       416     0.896     0.911       0.9     0.903     0.581     0.692         0
   249/249     4.03G     0.628     0.388         0      1.02       294       416     0.853     0.917     0.899     0.884     0.581     0.691         0
