     0/249     2.37G      2.09      26.9         0        29       125       416   0.00105   0.00325  1.16e-05   0.00158      1.98      22.7         0
     1/249     2.38G      2.05      17.2         0      19.2       144       416    0.0544     0.184    0.0169     0.084      1.85      11.4         0
     2/249     2.38G      1.92      7.97         0       9.9       144       416     0.158     0.213     0.067     0.181      1.69      5.24         0
     3/249     2.38G       1.7       3.7         0       5.4       138       416         0         0         0         0      1.57      3.02         0
     4/249     2.38G       1.7      2.94         0      4.63       115       416         0         0         0         0      1.53      3.01         0
     5/249     2.38G       1.6      3.33         0      4.93       173       416         0         0         0         0       1.5      3.25         0
     6/249     2.38G      1.68      3.29         0      4.97       134       416         0         0         0         0      1.48      3.15         0
     7/249     2.38G      1.63      3.26         0      4.88       142       416         0         0         0         0      1.48      3.02         0
     8/249     2.38G      1.58      2.99         0      4.57       127       416         0         0         0         0      1.48      2.79         0
     9/249     2.38G      1.62      2.74         0      4.37       138       416         0         0         0         0      1.48      2.59         0
    10/249     2.38G      1.59      2.56         0      4.15       197       416         0         0         0         0      1.47       2.5         0
    11/249     2.38G      1.63      2.54         0      4.17       128       416         0         0         0         0      1.45      2.36         0
    12/249     2.38G      1.61      2.42         0      4.02       170       416     0.902    0.0193    0.0167    0.0378      1.42       2.2         0
    13/249     2.38G      1.65      2.21         0      3.86       113       416     0.799     0.168     0.141     0.277       1.4      1.99         0
    14/249     2.38G      1.53      1.97         0       3.5       158       416     0.665     0.462     0.369     0.545      1.36      1.73         0
    15/249     2.38G      1.59      1.71         0       3.3       172       416     0.504     0.605     0.465      0.55      1.36      1.45         0
    16/249     2.38G      1.48      1.48         0      2.95       117       416     0.423     0.666     0.508     0.518      1.36      1.19         0
    17/249     2.38G       1.5       1.2         0       2.7       171       416     0.454     0.707     0.578     0.553      1.33      1.03         0
    18/249     2.38G      1.47      1.09         0      2.56       179       416     0.468     0.717     0.581     0.566      1.32         1         0
    19/249     2.38G      1.48      1.07         0      2.55       152       416     0.493     0.748     0.618     0.594      1.31      0.98         0
    20/249     2.38G      1.52      1.04         0      2.56       152       416     0.514     0.787     0.679     0.622       1.3     0.954         0
    21/249     2.38G       1.5      1.01         0      2.51       145       416     0.557     0.796     0.708     0.655      1.29     0.939         0
    22/249     2.38G      1.38     0.983         0      2.37       214       416     0.562     0.793     0.703     0.658      1.28     0.914         0
    23/249     2.38G      1.42     0.979         0       2.4       116       416     0.584     0.796     0.707     0.674      1.27     0.897         0
    24/249     2.38G      1.41     0.906         0      2.31       138       416     0.589       0.8     0.714     0.678      1.26     0.884         0
    25/249     2.38G      1.38     0.919         0       2.3       120       416      0.59       0.8     0.721     0.679      1.25      0.88         0
    26/249     2.38G      1.35     0.863         0      2.21       124       416     0.606     0.814     0.741     0.695      1.24     0.858         0
    27/249     2.38G      1.39      0.88         0      2.27       139       416      0.62     0.815     0.742     0.705      1.24      0.84         0
    28/249     2.38G      1.35     0.861         0      2.21       189       416      0.63     0.823     0.755     0.713      1.23     0.836         0
    29/249     2.38G       1.3      0.83         0      2.13       179       416     0.629      0.83     0.764     0.716      1.22      0.82         0
    30/249     2.38G      1.34     0.852         0      2.19       168       416     0.633     0.825     0.758     0.716      1.22     0.809         0
    31/249     2.38G      1.34     0.819         0      2.16       193       416     0.642     0.828     0.766     0.724      1.21     0.802         0
    32/249     2.38G      1.27     0.813         0      2.09       154       416     0.633     0.834     0.769     0.719      1.19     0.794         0
    33/249     2.38G      1.27     0.784         0      2.06       144       416     0.647     0.837     0.768     0.729      1.18     0.785         0
    34/249     2.38G      1.26     0.769         0      2.03        98       416     0.657     0.851     0.788     0.741      1.16     0.776         0
    35/249     2.38G      1.24     0.764         0      2.01       115       416     0.657     0.854     0.789     0.743      1.14     0.776         0
    36/249     2.38G      1.19     0.768         0      1.96       120       416     0.663     0.862     0.795      0.75      1.12      0.77         0
    37/249     2.38G      1.18     0.757         0      1.94       116       416     0.676     0.863     0.798     0.758      1.09     0.767         0
    38/249     2.38G      1.15     0.733         0      1.89       113       416     0.711     0.872     0.814     0.783      1.05     0.785         0
    39/249     2.38G      1.12     0.766         0      1.88       120       416     0.708     0.874     0.818     0.782      1.03     0.764         0
    40/249     2.38G       1.1     0.721         0      1.82       165       416     0.721      0.88     0.834     0.793     0.999     0.757         0
    41/249     2.38G      1.04     0.728         0      1.76       174       416      0.76     0.887     0.842     0.819      0.95      0.76         0
    42/249     2.38G         1     0.725         0      1.73       133       416      0.77     0.892     0.854     0.826     0.911     0.746         0
    43/249     2.38G     0.987     0.682         0      1.67       140       416     0.788     0.896     0.862     0.839     0.876     0.735         0
    44/249     2.38G     0.955     0.703         0      1.66       113       416     0.808     0.899     0.863     0.851     0.894     0.774         0
    45/249     2.38G     0.937     0.697         0      1.63       157       416     0.823     0.898     0.867     0.859     0.846      0.73         0
    46/249     2.38G     0.924     0.705         0      1.63       154       416     0.826       0.9     0.876     0.861     0.841     0.722         0
    47/249     2.38G     0.884     0.677         0      1.56       126       416     0.835       0.9     0.878     0.866     0.808     0.725         0
    48/249     2.38G     0.901     0.655         0      1.56       141       416     0.845     0.905     0.881     0.874     0.793     0.718         0
    49/249     2.38G     0.878     0.657         0      1.53        95       416     0.852     0.907     0.884     0.879     0.768     0.711         0
    50/249     2.38G     0.836     0.655         0      1.49       135       416     0.853     0.907     0.883     0.879     0.755     0.711         0
    51/249     2.38G      0.79     0.649         0      1.44       138       416     0.854     0.901     0.881     0.877     0.787     0.719         0
    52/249     2.38G     0.826     0.663         0      1.49       127       416     0.857     0.906     0.882     0.881     0.754     0.717         0
    53/249     2.38G     0.796     0.628         0      1.42       116       416     0.867     0.906     0.884     0.886     0.739     0.706         0
    54/249     2.38G     0.764     0.633         0       1.4       159       416     0.864     0.906     0.885     0.885     0.729     0.707         0
    55/249     2.38G     0.753     0.646         0       1.4       125       416     0.865     0.911     0.893     0.887     0.718     0.707         0
    56/249     2.38G     0.752     0.631         0      1.38       167       416     0.864     0.908     0.885     0.885     0.729     0.701         0
    57/249     2.38G     0.733     0.614         0      1.35       130       416     0.864     0.909     0.888     0.886      0.72     0.697         0
    58/249     2.38G     0.736     0.606         0      1.34       160       416     0.872     0.913     0.896     0.892       0.7     0.697         0
    59/249     2.38G     0.714     0.619         0      1.33       165       416     0.873     0.908     0.887      0.89     0.708     0.692         0
    60/249     2.38G     0.725     0.617         0      1.34       168       416     0.868      0.91     0.891     0.889     0.703     0.687         0
    61/249     2.38G     0.715      0.58         0       1.3       117       416     0.869     0.906     0.885     0.887     0.704      0.69         0
    62/249     2.38G     0.719     0.615         0      1.33       149       416     0.868     0.903     0.884     0.885      0.73      0.69         0
    63/249     2.38G     0.705     0.596         0       1.3       132       416     0.873     0.911     0.895     0.892     0.693     0.688         0
    64/249     2.38G     0.705     0.605         0      1.31       156       416     0.873      0.91     0.895     0.891     0.684     0.694         0
    65/249     2.38G     0.699     0.584         0      1.28       128       416      0.88     0.909     0.889     0.894     0.689     0.687         0
    66/249     2.38G     0.688     0.577         0      1.26       152       416     0.874      0.91     0.895     0.892     0.664     0.689         0
    67/249     2.38G     0.679     0.571         0      1.25       166       416     0.872     0.912     0.894     0.892     0.673     0.682         0
    68/249     2.38G     0.681     0.546         0      1.23       164       416      0.88     0.907     0.888     0.893     0.683     0.684         0
    69/249     2.38G     0.684     0.546         0      1.23       125       416      0.88     0.913     0.898     0.896     0.668     0.672         0
    70/249     2.38G     0.676     0.576         0      1.25       157       416     0.886     0.908     0.889     0.897     0.674     0.674         0
    71/249     2.38G     0.663      0.57         0      1.23       139       416     0.882     0.906     0.887     0.894     0.678     0.677         0
    72/249     2.38G     0.655     0.566         0      1.22       170       416     0.882     0.905     0.888     0.893     0.681      0.68         0
    73/249     2.38G     0.645     0.534         0      1.18       128       416      0.88     0.909     0.888     0.894     0.671     0.675         0
    74/249     2.38G     0.688     0.535         0      1.22       161       416     0.881     0.909     0.888     0.895     0.669     0.676         0
    75/249     2.38G     0.654     0.557         0      1.21       148       416     0.888      0.91     0.897     0.899     0.662     0.675         0
    76/249     2.38G     0.659     0.556         0      1.21       203       416     0.882     0.911     0.897     0.897     0.657     0.681         0
    77/249     2.38G     0.624      0.54         0      1.16       140       416     0.878     0.913     0.897     0.896     0.671     0.675         0
    78/249     2.38G      0.64     0.528         0      1.17       183       416     0.887     0.907     0.887     0.897     0.679     0.674         0
    79/249     2.38G     0.649     0.528         0      1.18       169       416     0.891      0.91     0.897       0.9     0.652      0.67         0
    80/249     2.38G     0.629     0.541         0      1.17       112       416     0.886      0.91     0.895     0.898     0.646     0.672         0
    81/249     2.38G     0.644      0.54         0      1.18       154       416     0.886     0.903     0.886     0.894     0.677     0.682         0
    82/249     2.38G     0.619     0.534         0      1.15       127       416     0.884     0.911     0.897     0.897     0.656     0.675         0
    83/249     2.38G     0.633     0.535         0      1.17       156       416     0.893      0.91     0.899     0.901     0.652     0.672         0
    84/249     2.38G      0.61     0.521         0      1.13       154       416     0.892      0.91     0.899     0.901     0.638     0.671         0
    85/249     2.38G     0.606     0.526         0      1.13       171       416      0.89     0.908     0.888     0.899     0.656     0.681         0
    86/249     2.38G      0.62     0.507         0      1.13       132       416     0.882      0.91     0.893     0.896     0.659     0.672         0
    87/249     2.38G     0.595     0.514         0      1.11       153       416     0.891     0.911     0.899     0.901     0.634     0.668         0
    88/249     2.38G     0.603     0.503         0      1.11       131       416     0.888     0.909      0.89     0.899     0.643      0.67         0
    89/249     2.38G     0.626     0.531         0      1.16       148       416      0.89     0.909      0.89     0.899     0.642     0.674         0
    90/249     2.38G     0.594     0.506         0       1.1       129       416      0.88     0.907     0.886     0.893     0.642      0.67         0
    91/249     2.38G     0.594     0.508         0       1.1       147       416     0.885     0.908     0.887     0.896     0.644     0.675         0
    92/249     2.38G     0.596     0.494         0      1.09       144       416     0.883     0.908     0.887     0.895     0.639     0.679         0
    93/249     2.38G     0.597      0.49         0      1.09       131       416     0.881     0.914     0.897     0.897     0.634     0.671         0
    94/249     2.38G     0.614     0.502         0      1.12       111       416     0.886     0.911     0.897     0.898     0.637     0.676         0
    95/249     2.38G     0.603     0.511         0      1.11       111       416      0.88     0.911     0.897     0.895      0.63     0.675         0
    96/249     2.38G     0.597     0.505         0       1.1       166       416     0.882     0.909     0.889     0.895      0.64     0.677         0
    97/249     2.38G     0.585     0.497         0      1.08       185       416     0.884     0.909     0.889     0.896     0.634     0.686         0
    98/249     2.38G     0.593     0.496         0      1.09       136       416     0.892     0.912     0.899     0.902     0.617      0.68         0
    99/249     2.38G     0.589     0.504         0      1.09       126       416     0.888     0.913     0.898       0.9     0.618     0.672         0
   100/249     2.38G     0.597      0.49         0      1.09       164       416     0.887     0.909     0.893     0.898     0.627     0.678         0
   101/249     2.38G     0.586     0.484         0      1.07       142       416     0.887      0.91     0.896     0.898     0.633     0.673         0
   102/249     2.38G     0.595     0.477         0      1.07       184       416     0.892     0.905     0.889     0.899     0.641     0.673         0
   103/249     2.38G     0.567     0.484         0      1.05       167       416     0.891     0.913     0.898     0.902     0.613     0.672         0
   104/249     2.38G     0.598     0.469         0      1.07       183       416     0.899     0.912     0.899     0.905     0.633     0.678         0
   105/249     2.38G     0.603     0.481         0      1.08       167       416      0.89     0.911     0.898       0.9     0.624     0.677         0
   106/249     2.38G     0.581      0.46         0      1.04       166       416     0.887      0.91     0.897     0.899     0.654     0.675         0
   107/249     2.38G     0.573     0.471         0      1.04       144       416     0.885     0.916     0.898       0.9     0.634     0.671         0
   108/249     2.38G     0.588     0.475         0      1.06       141       416     0.891      0.91     0.895       0.9     0.616     0.684         0
   109/249     2.38G      0.57     0.462         0      1.03       122       416     0.883     0.915     0.897     0.899     0.621     0.672         0
   110/249     2.38G     0.578     0.471         0      1.05       140       416     0.887     0.913     0.897       0.9     0.618     0.679         0
   111/249     2.38G     0.564     0.462         0      1.03       126       416     0.892     0.915     0.898     0.903     0.629     0.673         0
   112/249     2.38G      0.55     0.477         0      1.03       146       416     0.896     0.912     0.898     0.904      0.62     0.687         0
   113/249     2.38G     0.566     0.456         0      1.02       132       416     0.897     0.915     0.899     0.906     0.614     0.675         0
   114/249     2.38G     0.573      0.46         0      1.03       114       416     0.889     0.911     0.896       0.9     0.638      0.67         0
   115/249     2.38G      0.57     0.457         0      1.03       108       416     0.888     0.913     0.897       0.9     0.625      0.67         0
   116/249     2.38G     0.556     0.451         0      1.01       162       416     0.891      0.91     0.895       0.9     0.644      0.68         0
   117/249     2.38G     0.604     0.463         0      1.07       139       416     0.896     0.911     0.898     0.903     0.611     0.683         0
   118/249     2.38G     0.542     0.443         0     0.985       166       416     0.894     0.912     0.897     0.903     0.614      0.68         0
   119/249     2.38G     0.539     0.438         0     0.977       111       416      0.89     0.912     0.897     0.901     0.613     0.673         0
   120/249     2.38G     0.551     0.471         0      1.02       172       416     0.897     0.908     0.889     0.903     0.628     0.687         0
   121/249     2.38G     0.546     0.453         0     0.999       138       416     0.888     0.913     0.897       0.9     0.614     0.674         0
   122/249     2.38G     0.542     0.451         0     0.993       166       416     0.898     0.915     0.898     0.906     0.607     0.671         0
   123/249     2.38G     0.567     0.457         0      1.02       126       416     0.894     0.915     0.898     0.904     0.619     0.675         0
   124/249     2.38G     0.528     0.451         0     0.979       147       416     0.895     0.915     0.899     0.905     0.605     0.674         0
   125/249     2.38G     0.536     0.467         0         1       155       416     0.892      0.91     0.896     0.901     0.637     0.681         0
   126/249     2.38G     0.552     0.425         0     0.977       137       416     0.893     0.913     0.899     0.903     0.615     0.674         0
   127/249     2.38G     0.534     0.451         0     0.985       112       416     0.898     0.912     0.899     0.905     0.599     0.681         0
   128/249     2.38G     0.548     0.436         0     0.984       125       416     0.899     0.914       0.9     0.906     0.616      0.68         0
   129/249     2.38G     0.547     0.427         0     0.974       158       416     0.896     0.915     0.899     0.905     0.609      0.68         0
   130/249     2.38G     0.527     0.458         0     0.986       127       416     0.891     0.913     0.898     0.902     0.602     0.684         0
   131/249     2.38G      0.53     0.431         0     0.962       140       416      0.89     0.912     0.897     0.901     0.623      0.68         0
   132/249     2.38G     0.548     0.447         0     0.995       135       416     0.892     0.911     0.898     0.901     0.617     0.676         0
   133/249     2.38G     0.537      0.43         0     0.967       195       416     0.895     0.915       0.9     0.905     0.602     0.673         0
   134/249     2.38G     0.536     0.434         0      0.97       124       416     0.899     0.914       0.9     0.906       0.6     0.675         0
   135/249     2.38G     0.514      0.45         0     0.964       141       416     0.897     0.914     0.898     0.905     0.607     0.682         0
   136/249     2.38G     0.517     0.424         0     0.941       118       416     0.885     0.914     0.899     0.899     0.619     0.675         0
   137/249     2.38G     0.521     0.447         0     0.969       143       416     0.894     0.911     0.898     0.902     0.627     0.685         0
   138/249     2.38G      0.53     0.433         0     0.963       140       416     0.898     0.916       0.9     0.907     0.603     0.673         0
   139/249     2.38G     0.521      0.42         0     0.941       133       416     0.899     0.914     0.899     0.907     0.597     0.671         0
   140/249     2.38G     0.538     0.414         0     0.953       163       416     0.899     0.913     0.898     0.906     0.599     0.675         0
   141/249     2.38G     0.517      0.41         0     0.927       192       416     0.899     0.913     0.899     0.906     0.606     0.676         0
   142/249     2.38G     0.507     0.421         0     0.928       159       416     0.901     0.917     0.899     0.909     0.595     0.679         0
   143/249     2.38G     0.511     0.431         0     0.942       100       416     0.907     0.915       0.9     0.911     0.596     0.683         0
   144/249     2.38G     0.511     0.404         0     0.915       106       416     0.909     0.915       0.9     0.912     0.593     0.682         0
   145/249     2.38G     0.517     0.429         0     0.946       192       416     0.906     0.913       0.9     0.909     0.597      0.68         0
   146/249     2.38G     0.518      0.41         0     0.928       151       416     0.898     0.914     0.898     0.906     0.613      0.68         0
   147/249     2.38G     0.519       0.4         0     0.919       127       416     0.899     0.911     0.898     0.905     0.599     0.682         0
   148/249     2.38G       0.5      0.42         0      0.92       197       416     0.894     0.915     0.898     0.904     0.608     0.686         0
   149/249     2.38G       0.5     0.407         0     0.906       161       416     0.897     0.914     0.899     0.906     0.588     0.681         0
   150/249     2.38G     0.486     0.408         0     0.894       130       416     0.899     0.915     0.899     0.907     0.592     0.685         0
   151/249     2.38G     0.495      0.41         0     0.905       137       416     0.897     0.915     0.899     0.906     0.587     0.683         0
   152/249     2.38G     0.503     0.408         0     0.911       145       416     0.901     0.914     0.899     0.907     0.585     0.682         0
   153/249     2.38G     0.489     0.412         0     0.901       129       416     0.901     0.914     0.899     0.907     0.587     0.688         0
   154/249     2.38G     0.488     0.404         0     0.893       180       416     0.902     0.914       0.9     0.908     0.586     0.685         0
   155/249     2.38G     0.491     0.404         0     0.895       118       416     0.899     0.914     0.899     0.906     0.586     0.685         0
   156/249     2.38G     0.482     0.396         0     0.878       154       416     0.897     0.916     0.899     0.906     0.584     0.684         0
   157/249     2.38G     0.491     0.406         0     0.897       141       416     0.898     0.917     0.899     0.907     0.583     0.681         0
   158/249     2.38G     0.476     0.393         0     0.869       147       416       0.9     0.914     0.899     0.907     0.585     0.687         0
   159/249     2.38G     0.485     0.409         0     0.893       201       416     0.903     0.915     0.899     0.909     0.584     0.685         0
   160/249     2.38G     0.477     0.396         0     0.873       108       416     0.899     0.918       0.9     0.908     0.583     0.678         0
   161/249     2.38G     0.483     0.401         0     0.883       166       416       0.9     0.916     0.899     0.908     0.585     0.681         0
   162/249     2.38G     0.485     0.392         0     0.877       133       416     0.896     0.917     0.899     0.906     0.581     0.678         0
   163/249     2.38G     0.483     0.422         0     0.905       145       416     0.901     0.914       0.9     0.908     0.584     0.684         0
   164/249     2.38G     0.469     0.401         0     0.871       170       416     0.905     0.914       0.9     0.909     0.586     0.687         0
   165/249     2.38G     0.474     0.407         0     0.881       176       416     0.903     0.914       0.9     0.908     0.584     0.685         0
   166/249     2.38G     0.478     0.404         0     0.882       105       416     0.903     0.915       0.9     0.909     0.582     0.683         0
   167/249     2.38G     0.482     0.398         0      0.88       142       416     0.901     0.917     0.899     0.909     0.581     0.679         0
   168/249     2.38G     0.476       0.4         0     0.876       131       416     0.901     0.916       0.9     0.909     0.581      0.68         0
   169/249     2.38G      0.48     0.385         0     0.865       124       416     0.902     0.915       0.9     0.909     0.583     0.684         0
   170/249     2.38G     0.476     0.392         0     0.868       122       416     0.902     0.915       0.9     0.909     0.583     0.686         0
   171/249     2.38G     0.473     0.405         0     0.878       157       416     0.901     0.917       0.9     0.909     0.582     0.682         0
   172/249     2.38G      0.48     0.416         0     0.896       139       416     0.901     0.916       0.9     0.909     0.584     0.685         0
   173/249     2.38G     0.477     0.404         0     0.881       153       416     0.906     0.914       0.9      0.91     0.582     0.684         0
   174/249     2.38G     0.474     0.402         0     0.876       146       416     0.905     0.913       0.9     0.909     0.582     0.686         0
   175/249     2.38G     0.469       0.4         0     0.869       148       416     0.903     0.915       0.9     0.909     0.581     0.678         0
   176/249     2.38G     0.484     0.402         0     0.885       150       416     0.907     0.915     0.901      0.91     0.581      0.68         0
   177/249     2.38G     0.471     0.396         0     0.867       156       416     0.906     0.914     0.901      0.91     0.583     0.681         0
   178/249     2.38G     0.471     0.404         0     0.875       146       416     0.903     0.914       0.9     0.908     0.582     0.683         0
   179/249     2.38G     0.474     0.388         0     0.862       142       416     0.901     0.916       0.9     0.908      0.58     0.679         0
   180/249     2.38G     0.486     0.396         0     0.882       141       416     0.904     0.914       0.9     0.909     0.583     0.682         0
   181/249     2.38G     0.471     0.414         0     0.885       166       416     0.902     0.915       0.9     0.908     0.582     0.682         0
   182/249     2.38G     0.476     0.401         0     0.877       121       416       0.9     0.916       0.9     0.908      0.58      0.68         0
   183/249     2.38G     0.478     0.386         0     0.864       116       416     0.902     0.914       0.9     0.908     0.581     0.686         0
   184/249     2.38G     0.488     0.414         0     0.902       186       416     0.903     0.914       0.9     0.908     0.583     0.686         0
   185/249     2.38G     0.476      0.38         0     0.856       166       416     0.902     0.913       0.9     0.908     0.582     0.687         0
   186/249     2.38G     0.481     0.393         0     0.875       181       416     0.907     0.913       0.9      0.91     0.582     0.689         0
   187/249     2.38G      0.47     0.386         0     0.856        84       416     0.896     0.916       0.9     0.906     0.579     0.682         0
   188/249     2.38G     0.476     0.412         0     0.888       106       416     0.901     0.915       0.9     0.908      0.58     0.684         0
   189/249     2.38G      0.47     0.391         0     0.861       122       416     0.898     0.916       0.9     0.907     0.578     0.681         0
   190/249     2.38G     0.462     0.388         0     0.851       106       416       0.9     0.915       0.9     0.907     0.582     0.688         0
   191/249     2.38G     0.472     0.388         0     0.859       147       416     0.903     0.916       0.9     0.909     0.582     0.685         0
   192/249     2.38G     0.471     0.403         0     0.874       167       416     0.906     0.915       0.9     0.911     0.582     0.688         0
   193/249     2.38G      0.48     0.389         0     0.869       130       416     0.899     0.917       0.9     0.908      0.58     0.683         0
   194/249     2.38G     0.465     0.382         0     0.847        98       416     0.897     0.917     0.899     0.907     0.579      0.68         0
   195/249     2.38G     0.472     0.393         0     0.866       106       416     0.903     0.914       0.9     0.908     0.581      0.68         0
   196/249     2.38G     0.467     0.402         0      0.87       163       416     0.906     0.913       0.9      0.91     0.582     0.687         0
   197/249     2.38G     0.475     0.393         0     0.868       180       416     0.904     0.915       0.9     0.909     0.579     0.685         0
   198/249     2.38G     0.466     0.391         0     0.857       122       416     0.901     0.916       0.9     0.909     0.579     0.683         0
   199/249     2.38G     0.469      0.39         0     0.859       144       416     0.904     0.915       0.9      0.91     0.579     0.687         0
   200/249     2.38G     0.466     0.382         0     0.848       102       416     0.906     0.913       0.9      0.91     0.581     0.691         0
   201/249     2.38G      0.47     0.393         0     0.863       151       416     0.905     0.914       0.9     0.909      0.58     0.684         0
   202/249     2.38G     0.481      0.38         0     0.861       116       416     0.907     0.915       0.9     0.911      0.58     0.688         0
   203/249     2.38G     0.474     0.402         0     0.876       114       416     0.907     0.915       0.9     0.911      0.58     0.687         0
   204/249     2.38G     0.472     0.389         0     0.861       176       416     0.906     0.913       0.9     0.909     0.581     0.686         0
   205/249     2.38G     0.469     0.395         0     0.864       150       416     0.902     0.915       0.9     0.909     0.579     0.684         0
   206/249     2.38G     0.483     0.395         0     0.878       172       416     0.906     0.915       0.9      0.91     0.582     0.689         0
   207/249     2.38G     0.461     0.393         0     0.854       158       416     0.905     0.914       0.9     0.909     0.581     0.689         0
   208/249     2.38G     0.473     0.385         0     0.858       151       416     0.902     0.914       0.9     0.908     0.582     0.688         0
   209/249     2.38G     0.474     0.372         0     0.846       151       416     0.903     0.915       0.9     0.909      0.58     0.687         0
   210/249     2.38G     0.471     0.387         0     0.858       152       416     0.899     0.916       0.9     0.907     0.579     0.683         0
   211/249     2.38G     0.471     0.384         0     0.855       127       416       0.9     0.917       0.9     0.908     0.578     0.681         0
   212/249     2.38G     0.467     0.384         0     0.851       121       416     0.896     0.918     0.899     0.907     0.578      0.68         0
   213/249     2.38G     0.464     0.385         0     0.849       132       416     0.905     0.914       0.9      0.91     0.581      0.69         0
   214/249     2.38G     0.474     0.373         0     0.847       120       416     0.901     0.915       0.9     0.908     0.579     0.687         0
   215/249     2.38G      0.48     0.392         0     0.872       138       416     0.903     0.914       0.9     0.908      0.58     0.693         0
   216/249     2.38G     0.466     0.376         0     0.842       107       416     0.899     0.915       0.9     0.907     0.579      0.69         0
   217/249     2.38G     0.466     0.386         0     0.852       132       416     0.903     0.914       0.9     0.908     0.581     0.693         0
   218/249     2.38G      0.47     0.395         0     0.865        81       416     0.899     0.918       0.9     0.908     0.577     0.688         0
   219/249     2.38G     0.471     0.381         0     0.851       176       416     0.905     0.915       0.9      0.91     0.579     0.689         0
   220/249     2.38G     0.467     0.377         0     0.844       126       416     0.901     0.914       0.9     0.907     0.581      0.69         0
   221/249     2.38G     0.466     0.392         0     0.858       145       416     0.904     0.914       0.9     0.909     0.579     0.689         0
   222/249     2.38G     0.476     0.401         0     0.877       172       416     0.905     0.914       0.9     0.909     0.582     0.691         0
   223/249     2.38G     0.464     0.387         0     0.851       159       416     0.905     0.913       0.9     0.909     0.582     0.694         0
   224/249     2.38G      0.47     0.394         0     0.864       135       416     0.904     0.915       0.9     0.909      0.58     0.688         0
   225/249     2.38G     0.467     0.399         0     0.866       146       416     0.905     0.913       0.9     0.909     0.583     0.694         0
   226/249     2.38G     0.463     0.377         0      0.84       162       416     0.902     0.915       0.9     0.908      0.58      0.69         0
   227/249     2.38G     0.471     0.395         0     0.866       113       416     0.901     0.916       0.9     0.908      0.58     0.688         0
   228/249     2.38G     0.466     0.395         0     0.861       119       416     0.904     0.915       0.9     0.909     0.581     0.688         0
   229/249     2.38G     0.466     0.383         0     0.849       128       416     0.904     0.914       0.9     0.909      0.58     0.684         0
   230/249     2.38G     0.462     0.382         0     0.843       164       416     0.903     0.914       0.9     0.909     0.581     0.687         0
   231/249     2.38G     0.465     0.388         0     0.853        97       416     0.901     0.916       0.9     0.909     0.579     0.685         0
   232/249     2.38G     0.459     0.389         0     0.848       141       416     0.902     0.915       0.9     0.908     0.579     0.688         0
   233/249     2.38G     0.466     0.386         0     0.852       160       416     0.906     0.913       0.9      0.91     0.581     0.694         0
   234/249     2.38G     0.466     0.384         0     0.851        98       416     0.902     0.915       0.9     0.909     0.579     0.688         0
   235/249     2.38G     0.467     0.403         0      0.87       101       416     0.902     0.914       0.9     0.908     0.579     0.687         0
   236/249     2.38G     0.467     0.382         0     0.849       139       416     0.904     0.915     0.901      0.91     0.579     0.683         0
   237/249     2.38G     0.469     0.373         0     0.841       138       416       0.9     0.916       0.9     0.908     0.578     0.684         0
   238/249     2.38G      0.47      0.39         0      0.86       130       416     0.903     0.915       0.9     0.909     0.578     0.685         0
   239/249     2.38G      0.46     0.403         0     0.863       173       416     0.907     0.913       0.9      0.91      0.58     0.688         0
   240/249     2.38G      0.47     0.384         0     0.854       121       416     0.904     0.915       0.9      0.91     0.579     0.687         0
   241/249     2.38G     0.465     0.397         0     0.863       172       416     0.905     0.915       0.9      0.91     0.578     0.688         0
   242/249     2.38G     0.472     0.382         0     0.854       158       416     0.904     0.915       0.9     0.909     0.579     0.688         0
   243/249     2.38G     0.466     0.384         0      0.85       148       416     0.905     0.915       0.9      0.91     0.579     0.689         0
   244/249     2.38G     0.459     0.405         0     0.865       137       416     0.907     0.914       0.9      0.91      0.58     0.693         0
   245/249     2.38G     0.465     0.378         0     0.844       149       416     0.899     0.916       0.9     0.907     0.577     0.685         0
   246/249     2.38G     0.458     0.385         0     0.843       138       416     0.904     0.916       0.9      0.91     0.578     0.686         0
   247/249     2.38G      0.46     0.374         0     0.834       116       416     0.903     0.916       0.9     0.909     0.577     0.692         0
   248/249     2.38G     0.477     0.387         0     0.863       142       416     0.905     0.916       0.9      0.91     0.576      0.69         0
   249/249     2.38G     0.464     0.388         0     0.852       203       416      0.84     0.923     0.909      0.88     0.578     0.694         0
