     0/249     3.21G      3.26      27.1         0      30.4       125       512  0.000391   0.00116  6.37e-06  0.000585      1.98      22.7         0
     1/249     3.21G      2.91      17.2         0      20.1       146       512    0.0576     0.195    0.0195    0.0889      1.82      11.4         0
     2/249     3.21G      2.68      7.87         0      10.6       145       512     0.236     0.128    0.0358     0.166      1.65      5.24         0
     3/249     3.22G      2.22      3.73         0      5.95       139       320     0.144     0.016   0.00274    0.0289       1.6      3.09         0
     4/249     3.22G      1.76      3.29         0      5.05       115       320     0.155   0.00395  0.000851    0.0077      1.55      3.06         0
     5/249     3.22G       1.9       3.4         0       5.3       174       448         0         0         0         0      1.55      3.29         0
     6/249     3.22G      1.99      3.18         0      5.17       134       448         0         0         0         0       1.5      3.13         0
     7/249     4.45G       2.3      2.65         0      4.95       142       576     0.138   0.00209  0.000857   0.00412      1.48      2.92         0
     8/249     4.45G      2.16      2.39         0      4.55       129       544     0.297    0.0465    0.0211    0.0803      1.49      2.83         0
     9/249     4.45G      2.05      2.34         0      4.39       143       544     0.459    0.0118   0.00989    0.0231      1.53      2.62         0
    10/249     4.45G      1.94      2.22         0      4.16       197       512     0.587    0.0142    0.0114    0.0277      1.55      2.53         0
    11/249     4.45G      1.96      2.28         0      4.24       129       512     0.616    0.0179    0.0119    0.0348      1.53       2.4         0
    12/249     4.45G      1.76      2.32         0      4.08       170       448     0.696    0.0223    0.0207    0.0432       1.5      2.31         0
    13/249     4.45G      1.68      2.25         0      3.93       113       448     0.777     0.059    0.0446      0.11      1.46      2.12         0
    14/249     4.45G      1.81      1.81         0      3.62       158       544     0.753     0.331     0.285      0.46      1.39      1.81         0
    15/249     4.45G      1.75       1.5         0      3.25       172       544     0.583     0.514     0.406     0.546      1.36       1.6         0
    16/249     4.45G      1.68      1.53         0      3.21       120       480     0.553     0.511     0.406     0.531      1.37      1.41         0
    17/249     5.21G      1.65      1.24         0      2.88       171       608     0.495     0.662      0.53     0.567      1.36      1.12         0
    18/249     5.21G       1.7     0.986         0      2.69       181       608     0.463     0.645      0.49     0.539       1.4      1.11         0
    19/249     5.21G      1.61      1.17         0      2.78       152       416     0.377     0.571      0.38     0.454       1.4      1.24         0
    20/249     5.21G      1.46      1.31         0      2.77       154       416     0.338      0.66     0.478     0.447      1.35      1.11         0
    21/249     5.21G      1.71      1.08         0      2.79       145       576      0.45     0.746     0.562     0.562      1.35      1.08         0
    22/249     5.21G      1.66     0.952         0      2.61       215       576     0.494     0.702     0.594      0.58      1.38      1.02         0
    23/249     5.21G      1.52      1.28         0       2.8       116       384     0.493     0.724     0.569     0.586      1.34      1.11         0
    24/249     5.21G      1.43      1.17         0       2.6       138       448     0.445      0.78     0.568     0.567      1.35      1.02         0
    25/249     5.21G       1.6     0.997         0       2.6       121       448     0.538     0.767      0.67     0.633      1.31     0.953         0
    26/249     5.21G      1.49     0.975         0      2.47       124       384     0.545     0.726     0.635     0.623       1.3     0.953         0
    27/249     5.21G      1.38      1.07         0      2.44       139       384     0.549       0.8      0.71     0.651      1.28     0.913         0
    28/249     5.21G      1.37      1.08         0      2.46       190       352     0.561     0.795     0.702     0.658      1.29     0.911         0
    29/249     5.21G      1.37      1.06         0      2.44       179       352     0.574     0.811      0.73     0.672      1.26     0.889         0
    30/249     5.21G       1.9      1.32         0      3.22       169       608      0.46     0.705      0.59     0.556      1.37     0.957         0
    31/249     5.21G      1.72      1.01         0      2.73       193       608     0.495     0.609     0.483     0.546       1.4      1.01         0
    32/249     5.21G      1.56      1.09         0      2.65       155       448     0.497     0.726     0.623      0.59      1.29      1.09         0
    33/249     5.21G      1.52      1.01         0      2.53       144       576     0.502     0.768     0.674     0.607       1.3     0.995         0
    34/249     5.21G      1.57     0.862         0      2.43        98       576     0.496     0.754     0.639     0.598      1.28      0.94         0
    35/249     5.21G       1.5     0.856         0      2.35       119       608     0.513     0.715     0.598     0.597       1.3     0.928         0
    36/249     5.21G      1.45     0.828         0      2.28       122       608     0.562     0.708     0.621     0.627      1.28     0.938         0
    37/249     5.21G      1.46      1.07         0      2.53       116       384     0.592     0.672     0.575      0.63      1.32         1         0
    38/249     5.21G      1.36      1.04         0       2.4       113       384      0.57     0.765     0.661     0.653      1.31      0.93         0
    39/249     5.21G      1.53     0.938         0      2.46       121       448     0.542     0.797     0.688     0.645      1.29     0.889         0
    40/249     5.21G      1.41     0.877         0      2.29       165       352     0.543     0.754     0.651     0.631      1.29      0.86         0
    41/249     5.21G      1.39      1.09         0      2.48       174       352     0.627     0.805     0.747     0.705      1.26     0.849         0
    42/249     5.21G      1.35         1         0      2.35       134       352      0.62     0.832     0.771      0.71      1.26     0.819         0
    43/249     5.21G      1.32     0.923         0      2.24       140       352     0.587     0.843     0.762     0.692      1.22     0.831         0
    44/249     5.21G      1.71     0.985         0      2.69       113       480     0.564     0.839     0.742     0.675      1.25     0.895         0
    45/249     5.21G      1.55     0.886         0      2.44       158       480      0.56     0.809     0.723     0.662      1.23     0.847         0
    46/249     5.21G      1.49     0.835         0      2.32       155       544      0.58     0.752     0.676     0.655      1.24     0.873         0
    47/249     5.21G      1.42     0.769         0      2.19       127       544     0.595      0.74     0.654      0.66      1.21     0.907         0
    48/249     5.21G      1.38      0.74         0      2.12       142       576     0.599     0.735     0.641      0.66       1.2     0.909         0
    49/249     5.21G      1.39      0.87         0      2.26        95       352     0.568     0.644     0.509     0.604       1.3     0.993         0
    50/249     5.21G      1.36      1.23         0      2.59       136       352     0.626     0.757     0.643     0.685      1.24     0.931         0
    51/249     5.21G      1.53      1.01         0      2.54       138       480     0.647     0.855     0.795     0.736      1.19     0.898         0
    52/249     5.21G      1.41     0.879         0      2.28       128       480     0.567     0.862     0.774     0.684      1.19     0.875         0
    53/249     5.21G      1.41     0.787         0       2.2       116       512     0.569     0.848     0.761     0.681      1.18     0.833         0
    54/249     5.21G      1.35     0.774         0      2.13       159       512     0.624     0.842     0.777     0.717      1.13     0.821         0
    55/249     5.21G      1.29     0.764         0      2.05       124       480     0.645     0.832     0.763     0.727      1.09     0.808         0
    56/249     5.21G      1.25     0.754         0         2       168       608      0.65     0.838     0.766     0.732      1.07     0.798         0
    57/249     5.21G      1.26      0.73         0      1.99       131       608     0.654     0.826     0.761      0.73      1.08     0.834         0
    58/249     5.21G      1.22     0.791         0      2.01       162       416     0.687      0.78     0.697     0.731      1.13      0.94         0
    59/249     5.21G      1.09     0.924         0      2.01       164       416     0.688     0.816     0.758     0.747      1.02     0.867         0
    60/249     5.21G      1.24     0.797         0      2.04       169       576     0.776     0.852     0.821     0.812      1.05     0.841         0
    61/249     5.21G      1.17     0.681         0      1.85       118       576     0.676     0.874     0.806     0.763      1.06     0.833         0
    62/249     5.21G      1.16     0.704         0      1.86       150       544     0.704     0.874     0.831      0.78      1.01     0.805         0
    63/249     5.21G      1.12     0.667         0      1.79       132       544     0.725     0.869     0.831     0.791     0.938     0.797         0
    64/249     5.21G      1.09     0.659         0      1.75       155       544     0.764     0.851     0.819     0.805      0.92     0.798         0
    65/249     5.21G      1.08     0.623         0       1.7       128       576     0.785     0.842     0.809     0.813     0.914       0.8         0
    66/249     5.21G      1.03     0.613         0      1.64       153       576     0.792     0.846     0.811     0.819       0.9     0.786         0
    67/249     5.21G      1.05     0.663         0      1.71       167       448     0.814     0.844     0.812     0.829     0.881     0.813         0
    68/249     5.21G     0.967       0.7         0      1.67       165       448     0.807     0.862     0.834     0.834     0.862     0.764         0
    69/249     5.21G      1.07      1.04         0      2.11       125       320      0.83     0.847     0.819     0.839       0.9     0.811         0
    70/249     5.21G      1.04      1.15         0      2.19       158       320     0.812     0.886     0.858     0.847     0.894     0.787         0
    71/249     5.21G      1.32     0.941         0      2.26       139       576       0.6     0.886     0.764     0.716      1.08      1.07         0
    72/249     5.21G      1.18     0.871         0      2.05       170       320     0.699      0.82     0.757     0.755      1.13     0.872         0
    73/249     5.21G      1.15       1.1         0      2.25       128       320     0.649     0.865     0.715     0.742      1.07     0.845         0
    74/249     5.21G       1.1         1         0       2.1       161       352     0.706     0.864     0.755     0.777      1.09     0.902         0
    75/249     5.21G     0.994     0.917         0      1.91       148       352     0.704     0.872     0.767     0.779      0.93     0.844         0
    76/249     5.21G      1.22     0.851         0      2.07       203       512      0.65     0.909      0.85     0.758     0.911      0.86         0
    77/249     5.21G      1.19     0.745         0      1.93       140       512     0.619     0.906     0.851     0.736     0.913      0.87         0
    78/249     5.21G      1.08     0.926         0      2.01       184       320     0.791     0.887     0.854     0.836     0.925     0.798         0
    79/249     5.21G     0.999     0.941         0      1.94       171       320     0.852     0.885     0.861     0.868     0.867     0.828         0
    80/249     5.21G      1.42     0.984         0       2.4       112       608     0.708     0.838     0.757     0.768      1.03     0.853         0
    81/249     5.21G       1.2     0.756         0      1.95       154       544     0.709     0.862     0.822     0.778      1.02     0.861         0
    82/249     5.21G      1.07     0.722         0      1.79       127       544     0.785     0.872     0.849     0.826     0.836     0.865         0
    83/249     5.21G      1.03     0.717         0      1.74       156       480     0.863     0.862     0.846     0.862     0.811     0.797         0
    84/249     5.21G     0.986     0.697         0      1.68       154       480     0.893     0.861      0.85     0.877     0.796     0.788         0
    85/249     5.21G     0.858     0.748         0      1.61       171       416     0.881     0.864     0.848     0.872     0.779     0.779         0
    86/249     5.21G     0.819     0.723         0      1.54       133       416     0.858     0.899     0.873     0.878     0.765     0.752         0
    87/249     5.21G     0.946     0.683         0      1.63       153       480     0.815     0.912     0.879     0.861     0.803     0.752         0
    88/249     5.21G     0.908     0.661         0      1.57       130       352     0.844     0.895      0.87     0.869     0.799      0.75         0
    89/249     5.21G     0.861      0.86         0      1.72       148       352     0.865     0.898     0.873     0.881     0.832     0.731         0
    90/249     5.21G     0.808     0.782         0      1.59       129       416     0.846     0.915     0.882     0.879     0.725     0.749         0
    91/249     5.21G     0.764     0.702         0      1.47       147       416     0.828     0.916     0.884      0.87     0.716     0.727         0
    92/249     5.21G      1.02     0.697         0      1.72       145       608     0.756     0.896      0.86      0.82     0.853     0.809         0
    93/249     5.21G      1.03      0.66         0      1.69       131       608     0.771      0.88     0.854     0.822     0.822     0.839         0
    94/249     5.21G     0.864     0.737         0       1.6       112       416     0.873     0.878     0.855     0.875     0.794     0.791         0
    95/249     5.21G     0.784     0.751         0      1.53       111       416     0.889     0.888     0.869     0.889     0.718     0.756         0
    96/249     5.21G     0.734     0.706         0      1.44       167       416      0.89     0.908      0.89     0.899     0.706     0.733         0
    97/249     5.21G      0.71     0.683         0      1.39       185       384     0.877     0.916     0.898     0.896     0.692     0.711         0
    98/249     5.21G     0.711      0.71         0      1.42       136       384     0.863      0.92     0.901     0.891     0.687     0.713         0
    99/249     5.21G     0.926     0.713         0      1.64       127       576     0.804     0.918     0.874     0.857     0.748     0.763         0
   100/249     5.21G     0.988     0.625         0      1.61       163       576     0.833     0.906     0.876     0.868     0.766     0.745         0
   101/249     5.21G     0.877     0.596         0      1.47       142       544      0.86     0.892     0.874     0.875     0.701     0.749         0
   102/249     5.21G     0.865     0.584         0      1.45       185       544     0.878     0.873     0.855     0.876     0.706     0.764         0
   103/249     5.21G     0.851     0.878         0      1.73       167       352     0.894     0.869     0.846     0.881     0.769     0.745         0
   104/249     5.21G      0.76     0.762         0      1.52       184       352     0.897     0.903     0.888       0.9     0.686     0.712         0
   105/249     5.21G     0.724     0.737         0      1.46       167       352     0.848     0.924     0.898     0.884      0.69     0.704         0
   106/249     5.21G      0.93     0.716         0      1.65       166       480     0.743     0.927     0.865     0.825     0.704     0.841         0
   107/249     5.21G     0.963     0.694         0      1.66       144       480     0.752     0.924     0.872     0.829      0.69     0.777         0
   108/249     5.21G     0.891     0.644         0      1.53       142       576     0.791     0.898     0.865     0.841     0.714     0.773         0
   109/249     5.21G      0.89     0.584         0      1.47       123       576     0.837     0.881      0.86     0.858     0.697     0.789         0
   110/249     5.21G     0.836     0.587         0      1.42       140       544     0.884      0.85     0.832     0.867     0.695     0.796         0
   111/249     5.21G     0.807     0.574         0      1.38       127       544     0.897     0.838     0.817     0.867     0.693     0.797         0
   112/249     5.21G     0.781     0.994         0      1.77       147       352     0.922     0.843     0.829     0.881     0.733     0.771         0
   113/249     5.21G     0.769     0.787         0      1.56       133       448     0.913     0.898     0.882     0.906      0.67     0.729         0
   114/249     5.21G     0.768     0.628         0       1.4       114       448     0.856     0.914     0.892     0.884      0.68     0.731         0
   115/249     5.21G     0.807     0.627         0      1.43       108       576     0.791     0.917     0.874     0.849     0.707     0.816         0
   116/249     5.21G     0.837     0.598         0      1.43       162       576      0.79     0.918     0.877     0.849     0.688     0.796         0
   117/249     5.21G     0.772     0.619         0      1.39       140       448     0.853     0.912     0.889     0.881     0.661     0.715         0
   118/249     5.21G      0.69     0.577         0      1.27       166       448     0.896     0.894     0.877     0.895     0.657     0.685         0
   119/249     5.21G     0.711     0.717         0      1.43       112       352     0.912      0.89     0.875     0.901     0.707     0.698         0
   120/249     5.21G     0.744     0.764         0      1.51       173       576       0.9     0.908      0.89     0.904     0.742     0.708         0
   121/249     5.21G     0.959     0.603         0      1.56       138       576     0.847     0.917      0.89     0.881     0.766     0.714         0
   122/249     5.21G     0.835     0.573         0      1.41       166       480     0.838     0.914     0.888     0.875     0.679     0.739         0
   123/249     5.21G     0.776      0.58         0      1.36       127       480     0.854      0.91     0.892     0.881     0.658     0.743         0
   124/249     5.21G     0.796     0.558         0      1.35       147       576     0.872     0.907     0.884     0.889      0.69     0.721         0
   125/249     5.21G      0.78     0.549         0      1.33       155       576     0.892     0.901     0.885     0.896     0.672       0.7         0
   126/249     5.21G     0.688     0.558         0      1.25       137       416     0.898     0.903     0.888     0.901     0.662     0.674         0
   127/249     5.21G      0.62     0.615         0      1.24       112       416     0.901     0.904     0.888     0.903     0.638     0.672         0
   128/249     5.21G     0.856     0.529         0      1.38       125       608     0.884     0.896     0.875      0.89     0.786     0.712         0
   129/249     5.21G      0.79     0.505         0      1.29       158       576     0.886     0.895     0.876      0.89     0.668     0.716         0
   130/249     5.21G     0.751     0.522         0      1.27       127       576     0.885     0.893     0.876     0.889     0.664     0.709         0
   131/249     5.21G     0.739     0.486         0      1.22       141       608     0.883     0.887     0.866     0.885     0.693     0.721         0
   132/249     5.21G     0.735     0.503         0      1.24       135       608     0.889     0.889     0.867     0.889     0.683     0.726         0
   133/249     5.21G     0.719     0.545         0      1.26       197       448     0.898     0.899     0.878     0.899     0.651     0.687         0
   134/249     5.21G     0.641     0.547         0      1.19       124       448     0.897     0.908     0.887     0.903      0.63     0.668         0
   135/249     5.21G     0.736     0.521         0      1.26       141       544     0.897     0.909     0.886     0.903     0.665      0.68         0
   136/249     5.21G     0.731     0.513         0      1.24       118       352     0.899     0.896     0.877     0.898     0.733     0.698         0
   137/249     5.21G     0.699      0.74         0      1.44       145       352       0.9     0.907     0.887     0.903     0.653     0.679         0
   138/249     5.21G     0.802      0.65         0      1.45       140       608     0.857     0.922     0.898     0.888     0.652     0.686         0
   139/249     5.21G     0.811     0.512         0      1.32       133       608     0.846     0.903     0.876     0.873     0.748      0.74         0
   140/249     5.21G     0.737     0.491         0      1.23       164       512     0.861     0.905     0.884     0.883     0.642     0.711         0
   141/249     5.21G     0.709     0.499         0      1.21       192       512     0.877     0.904     0.886      0.89     0.627     0.701         0
   142/249     5.21G     0.691      0.52         0      1.21       158       480     0.893     0.904     0.888     0.899     0.623     0.681         0
   143/249     5.21G     0.685     0.516         0       1.2       101       480     0.894     0.906     0.889       0.9     0.619     0.672         0
   144/249     5.21G     0.737     0.477         0      1.21       108       608     0.894     0.896     0.878     0.895     0.678     0.729         0
   145/249     5.21G      0.69     0.502         0      1.19       192       416     0.895     0.904     0.887     0.899     0.634     0.696         0
   146/249     5.21G     0.594     0.554         0      1.15       152       416     0.891      0.91     0.896     0.901     0.616     0.669         0
   147/249     5.21G     0.604     0.522         0      1.13       127       448     0.885     0.916     0.896       0.9     0.619     0.661         0
   148/249     5.21G     0.604     0.538         0      1.14       198       448     0.883     0.918     0.896     0.901     0.606     0.659         0
   149/249     5.21G     0.602     0.561         0      1.16       162       384     0.881     0.917     0.895     0.898     0.614     0.655         0
   150/249     5.21G      0.58     0.575         0      1.16       131       384     0.882     0.916     0.895     0.899     0.606     0.656         0
   151/249     5.21G     0.578     0.548         0      1.13       138       416     0.878     0.918     0.894     0.898     0.601     0.654         0
   152/249     5.21G     0.586     0.541         0      1.13       145       384     0.881     0.914     0.894     0.897     0.624     0.656         0
   153/249     5.21G     0.593       0.6         0      1.19       129       384     0.882     0.915     0.895     0.898     0.609     0.657         0
   154/249     5.21G     0.615     0.657         0      1.27       180       320     0.904     0.902     0.888     0.903     0.627      0.68         0
   155/249     5.21G     0.677     0.785         0      1.46       118       320       0.9     0.908     0.889     0.904     0.636     0.668         0
   156/249     5.21G     0.964     0.638         0       1.6       155       608     0.856     0.919     0.895     0.887     0.859     0.685         0
   157/249     5.21G     0.978     0.523         0       1.5       143       608     0.862     0.922     0.903     0.891     0.654     0.675         0
   158/249     5.21G     0.762     0.517         0      1.28       148       448     0.869     0.917     0.889     0.892      0.79     0.669         0
   159/249     5.21G     0.778     0.546         0      1.32       202       448     0.872     0.917     0.891     0.894     0.751     0.675         0
   160/249     5.21G     0.778     0.476         0      1.25       108       544      0.88     0.917     0.895     0.898     0.634      0.68         0
   161/249     5.21G      0.72     0.517         0      1.24       167       352     0.888     0.911     0.894     0.899     0.657     0.689         0
   162/249     5.21G      0.65     0.657         0      1.31       133       352     0.882     0.916     0.894     0.898     0.658      0.67         0
   163/249     5.21G     0.638     0.664         0       1.3       145       352     0.887     0.912     0.896     0.899     0.668      0.66         0
   164/249     5.21G     0.631      0.64         0      1.27       171       352     0.889     0.914     0.897     0.901     0.651     0.657         0
   165/249     5.21G     0.611      0.62         0      1.23       176       384     0.878     0.917     0.895     0.897     0.628      0.66         0
   166/249     5.21G     0.589     0.589         0      1.18       106       384     0.879     0.916     0.895     0.897     0.618     0.655         0
   167/249     5.21G     0.587     0.581         0      1.17       142       384     0.872     0.918     0.895     0.895     0.614     0.651         0
   168/249     5.21G     0.589     0.607         0       1.2       132       320     0.884     0.914     0.897     0.899      0.62      0.65         0
   169/249     5.21G     0.665     0.704         0      1.37       125       320     0.889     0.914     0.897     0.901     0.632     0.658         0
   170/249     5.21G     0.669     0.687         0      1.36       123       352     0.874     0.918     0.895     0.896     0.676     0.656         0
   171/249     5.21G     0.637      0.63         0      1.27       158       352     0.872     0.921     0.903     0.896     0.625     0.652         0
   172/249     5.21G     0.831     0.562         0      1.39       142       576     0.869      0.92     0.907     0.894     0.628     0.665         0
   173/249     5.21G     0.785      0.49         0      1.27       153       576     0.871     0.915     0.896     0.893     0.688     0.664         0
   174/249     5.21G     0.805     0.483         0      1.29       147       512     0.868     0.917     0.894     0.892      0.72     0.658         0
   175/249     5.21G     0.723     0.488         0      1.21       148       512      0.87     0.917     0.895     0.893     0.646     0.664         0
   176/249     5.21G     0.703     0.468         0      1.17       151       576     0.876     0.914     0.896     0.894     0.622     0.678         0
   177/249     5.21G     0.675      0.47         0      1.14       155       448     0.879     0.917     0.894     0.898     0.633      0.67         0
   178/249     5.21G     0.609     0.532         0      1.14       145       448     0.873     0.917     0.893     0.895      0.61     0.663         0
   179/249     5.21G     0.672     0.479         0      1.15       142       576     0.881     0.911     0.897     0.896     0.613     0.682         0
   180/249     5.21G     0.697     0.468         0      1.16       141       576     0.888     0.904     0.887     0.895     0.636     0.696         0
   181/249     5.21G     0.644     0.529         0      1.17       166       416     0.882     0.913     0.894     0.897     0.654     0.656         0
   182/249     5.21G     0.588     0.545         0      1.13       122       416     0.881     0.916     0.895     0.898     0.603     0.655         0
   183/249     5.21G     0.573     0.522         0       1.1       116       416     0.883     0.917     0.896       0.9     0.611     0.653         0
   184/249     5.21G     0.602     0.557         0      1.16       186       608      0.89     0.908     0.889     0.899     0.618     0.673         0
   185/249     5.21G      0.76     0.477         0      1.24       166       608      0.89       0.9     0.886     0.895     0.667     0.699         0
   186/249     5.21G     0.735     0.479         0      1.21       182       512     0.893     0.905     0.886     0.899     0.694     0.673         0
   187/249     5.21G     0.699     0.469         0      1.17        83       512     0.893     0.908     0.888     0.901     0.646     0.673         0
   188/249     5.21G     0.692      0.48         0      1.17       106       608     0.895     0.901     0.888     0.898     0.626     0.696         0
   189/249     5.21G     0.694     0.459         0      1.15       122       608     0.891     0.901     0.888     0.896     0.645     0.696         0
   190/249     5.21G     0.623      0.49         0      1.11       106       448     0.888     0.911     0.896       0.9     0.626     0.661         0
   191/249     5.21G     0.589     0.498         0      1.09       147       448      0.89     0.911     0.896       0.9     0.604     0.658         0
   192/249     5.21G      0.68     0.459         0      1.14       167       544      0.89     0.909     0.888     0.899     0.601     0.665         0
   193/249     5.21G     0.658     0.459         0      1.12       131       544      0.89     0.905     0.888     0.897     0.633     0.674         0
   194/249     5.21G     0.646     0.448         0      1.09        98       544     0.889     0.906     0.888     0.897     0.629     0.674         0
   195/249     5.21G     0.636     0.471         0      1.11       106       480      0.89     0.908     0.888     0.899     0.616     0.665         0
   196/249     5.21G     0.639       0.5         0      1.14       164       480     0.891     0.909      0.89       0.9     0.601     0.662         0
   197/249     5.22G      0.62     0.591         0      1.21       181       352     0.895     0.909     0.887     0.902     0.609     0.656         0
   198/249     5.22G     0.598     0.627         0      1.23       122       352     0.889     0.912     0.896     0.901     0.632     0.649         0
   199/249     5.22G      0.75     0.512         0      1.26       144       480     0.888     0.917     0.897     0.902     0.652     0.649         0
   200/249     5.22G     0.658     0.479         0      1.14       103       608     0.895     0.908     0.888     0.901     0.632     0.662         0
   201/249     5.22G     0.695     0.462         0      1.16       151       608     0.892     0.899     0.877     0.895     0.718      0.68         0
   202/249     5.22G     0.744     0.516         0      1.26       116       352     0.896     0.904     0.885       0.9     0.763     0.664         0
   203/249     5.22G     0.709     0.645         0      1.35       116       352     0.892     0.911     0.896     0.902     0.628     0.667         0
   204/249     5.22G     0.758     0.553         0      1.31       180       544     0.886     0.915     0.898       0.9     0.738     0.665         0
   205/249     5.22G      0.81     0.457         0      1.27       150       544     0.886     0.917     0.897     0.901      0.67     0.657         0
   206/249     5.22G     0.736     0.467         0       1.2       173       608     0.894     0.905     0.888       0.9     0.685     0.679         0
   207/249     5.22G     0.707     0.463         0      1.17       159       608     0.894       0.9     0.887     0.897     0.699     0.685         0
   208/249     5.22G     0.701     0.484         0      1.19       151       480     0.893     0.913     0.897     0.903      0.66     0.659         0
   209/249     5.22G     0.624     0.483         0      1.11       149       416     0.884     0.915     0.893     0.899     0.603     0.648         0
   210/249     5.22G     0.568     0.529         0       1.1       152       416     0.884     0.915     0.894     0.899     0.622     0.647         0
   211/249     5.22G     0.569     0.526         0       1.1       128       416     0.886     0.915     0.895       0.9     0.613     0.649         0
   212/249     5.22G     0.557     0.527         0      1.08       121       416     0.887     0.914     0.896       0.9     0.602     0.649         0
   213/249     5.22G     0.661     0.668         0      1.33       136       320     0.898     0.906     0.888     0.902     0.629     0.657         0
   214/249     5.22G     0.658      0.71         0      1.37       120       320     0.893     0.913     0.897     0.902     0.632     0.647         0
   215/249     5.22G     0.691     0.541         0      1.23       138       448     0.883     0.919     0.899     0.901     0.649     0.646         0
   216/249     5.22G     0.607     0.509         0      1.12       107       352     0.883     0.916     0.894     0.899     0.631     0.645         0
   217/249     5.22G     0.657      0.63         0      1.29       132       352     0.885     0.914     0.894     0.899     0.645     0.648         0
   218/249     5.22G     0.599     0.595         0      1.19        81       416     0.882     0.918     0.894       0.9     0.604     0.648         0
   219/249     5.22G     0.574     0.531         0      1.11       177       416     0.881     0.919     0.898       0.9     0.602     0.648         0
   220/249     5.22G     0.613     0.498         0      1.11       126       480     0.886     0.914     0.897       0.9       0.6     0.658         0
   221/249     5.22G     0.615     0.483         0       1.1       145       480     0.888     0.915     0.897     0.901     0.615     0.661         0
   222/249     5.22G     0.593     0.568         0      1.16       173       384     0.884     0.916     0.895       0.9     0.599      0.65         0
   223/249     5.22G     0.557     0.575         0      1.13       161       384     0.884     0.914     0.895     0.899     0.605     0.652         0
   224/249     5.22G     0.653     0.485         0      1.14       134       480     0.888     0.915     0.897     0.901     0.592     0.658         0
   225/249     5.22G     0.633      0.49         0      1.12       146       512      0.89     0.913     0.897     0.902     0.616     0.662         0
   226/249     5.22G     0.658     0.456         0      1.11       162       512      0.89     0.913     0.897     0.901     0.615     0.662         0
   227/249     5.22G     0.667     0.576         0      1.24       113       320     0.886      0.91     0.892     0.897     0.622      0.66         0
   228/249     5.22G     0.652     0.711         0      1.36       119       320     0.887     0.914     0.896       0.9     0.626     0.661         0
   229/249     5.22G     0.631     0.633         0      1.26       128       352     0.874     0.921     0.902     0.897     0.636     0.653         0
   230/249     5.22G     0.591      0.61         0       1.2       164       352     0.874     0.921     0.903     0.897     0.598     0.645         0
   231/249     5.22G     0.571     0.577         0      1.15        98       384     0.873      0.92       0.9     0.896     0.595     0.643         0
   232/249     5.22G     0.558     0.581         0      1.14       141       416     0.876     0.921     0.904     0.898     0.592     0.643         0
   233/249     5.22G      0.55     0.531         0      1.08       161       416     0.876      0.92     0.905     0.898     0.593     0.646         0
   234/249     5.22G     0.587     0.571         0      1.16        99       320     0.877     0.916     0.895     0.896      0.61     0.651         0
   235/249     5.22G     0.643     0.716         0      1.36       102       320     0.879     0.919     0.896     0.899     0.613     0.651         0
   236/249     5.22G     0.778     0.578         0      1.36       138       608     0.877     0.916     0.898     0.896     0.647     0.665         0
   237/249     5.22G     0.757     0.461         0      1.22       138       608     0.879     0.914     0.898     0.896     0.624     0.668         0
   238/249     5.22G     0.709     0.457         0      1.17       129       576     0.882     0.912     0.897     0.897     0.692     0.667         0
   239/249     5.22G     0.686     0.473         0      1.16       173       576     0.894      0.91     0.895     0.902     0.653     0.673         0
   240/249     5.22G     0.673      0.46         0      1.13       122       608     0.893     0.905     0.888     0.899     0.621     0.682         0
   241/249     5.22G     0.656     0.499         0      1.15       172       352     0.887     0.914     0.894       0.9     0.626     0.665         0
   242/249     5.22G     0.614     0.598         0      1.21       160       352     0.884     0.915     0.894     0.899     0.611     0.658         0
   243/249     5.22G      0.61     0.667         0      1.28       148       320     0.887     0.913     0.896       0.9     0.614     0.649         0
   244/249     5.22G     0.631     0.733         0      1.36       139       320     0.889     0.912     0.897       0.9     0.631      0.65         0
   245/249     5.22G     0.611     0.624         0      1.23       149       352     0.876     0.921     0.904     0.898     0.622     0.641         0
   246/249     5.22G     0.587     0.598         0      1.19       139       352     0.874     0.919     0.897     0.896     0.598     0.643         0
   247/249     5.22G     0.546     0.525         0      1.07       118       416     0.877     0.918     0.896     0.897     0.595     0.648         0
   248/249     5.22G      0.58     0.533         0      1.11       142       608     0.883     0.914     0.898     0.898     0.611     0.669         0
   249/249     5.22G     0.702     0.471         0      1.17       203       608     0.783     0.912     0.896     0.843     0.639     0.681         0
