      0/99     4.02G      2.28      1.21         0      3.49        22       416     0.424     0.448     0.287     0.435      1.57      0.83         0
      1/99     4.03G      1.65     0.935         0      2.59        28       416      0.53     0.598     0.444     0.562      1.34     0.681         0
      2/99     4.03G      1.49     0.824         0      2.31        13       416     0.546     0.682     0.518     0.606      1.25     0.611         0
      3/99     4.03G      1.39     0.775         0      2.17        17       416     0.559     0.709     0.558     0.625      1.19     0.581         0
      4/99     4.03G      1.32      0.74         0      2.07        27       416     0.578      0.75     0.588     0.653      1.13     0.548         0
      5/99     4.03G      1.27     0.699         0      1.96        18       416     0.566     0.772     0.633     0.653      1.11     0.529         0
      6/99     4.03G      1.23     0.683         0      1.91        17       416     0.572     0.797     0.654     0.666      1.06     0.512         0
      7/99     4.03G       1.2     0.654         0      1.85        21       416     0.624     0.789     0.649     0.697      1.04     0.497         0
      8/99     4.03G      1.17      0.65         0      1.82        22       416      0.59     0.816     0.678     0.684      1.01     0.485         0
      9/99     4.03G      1.14     0.626         0      1.77        16       416      0.61     0.823     0.694     0.701     0.989     0.475         0
     10/99     4.03G       1.1     0.619         0      1.72        25       416     0.594     0.824     0.681     0.691     0.987     0.467         0
     11/99     4.03G       1.1     0.599         0       1.7        22       416     0.637      0.81     0.693     0.713     0.968     0.465         0
     12/99     4.03G      1.08     0.593         0      1.67        16       416     0.592     0.837     0.695     0.694     0.966     0.462         0
     13/99     4.03G      1.06     0.576         0      1.64        27       416     0.619     0.828     0.698     0.709     0.953     0.453         0
     14/99     4.03G      1.06     0.565         0      1.62        23       416     0.622     0.839     0.709     0.714     0.944      0.45         0
     15/99     4.03G      1.04     0.557         0       1.6        18       416     0.633     0.834     0.707      0.72     0.943     0.441         0
     16/99     4.03G      1.03     0.557         0      1.59        17       416     0.625     0.832     0.711     0.714     0.931     0.439         0
     17/99     4.03G      1.01     0.544         0      1.55        15       416     0.604     0.837     0.693     0.701     0.935     0.448         0
     18/99     4.03G         1     0.539         0      1.54        14       416     0.637     0.829     0.696      0.72     0.931      0.44         0
     19/99     4.03G     0.983     0.525         0      1.51        18       416     0.632     0.844     0.721     0.723     0.909     0.434         0
     20/99     4.03G     0.978     0.531         0      1.51        22       416     0.637     0.841     0.723     0.725     0.909     0.429         0
     21/99     4.03G     0.968     0.515         0      1.48        22       416     0.627     0.835     0.708     0.716     0.891     0.432         0
     22/99     4.03G      0.95     0.514         0      1.46        19       416     0.638     0.837      0.71     0.724     0.905     0.435         0
     23/99     4.03G     0.954     0.507         0      1.46        20       416     0.686      0.82     0.709     0.747     0.903     0.431         0
     24/99     4.03G      0.94     0.511         0      1.45        21       416     0.616     0.854     0.739     0.716     0.894      0.43         0
     25/99     4.03G     0.921       0.5         0      1.42        14       416     0.612     0.836     0.713     0.707     0.893     0.432         0
     26/99     4.03G     0.932     0.492         0      1.42        17       416     0.635     0.847     0.727     0.726     0.885     0.427         0
     27/99     4.03G     0.916     0.484         0       1.4        16       416     0.638     0.846     0.724     0.727       0.9     0.427         0
     28/99     4.03G       0.9     0.484         0      1.38        22       416     0.627     0.843     0.724     0.719     0.882     0.427         0
     29/99     4.03G     0.893     0.478         0      1.37        20       416      0.66      0.84     0.736     0.739     0.879     0.427         0
     30/99     4.03G     0.896     0.468         0      1.36        18       416     0.634     0.857     0.737     0.729     0.873     0.422         0
     31/99     4.03G     0.885     0.468         0      1.35        10       416     0.663     0.858     0.736     0.748     0.873     0.428         0
     32/99     4.03G     0.889     0.465         0      1.35        21       416     0.655     0.823     0.713     0.729     0.871     0.421         0
     33/99     4.03G      0.87     0.462         0      1.33        23       416     0.658     0.846     0.729      0.74     0.872      0.43         0
     34/99     4.03G      0.87     0.453         0      1.32        25       416     0.654     0.836     0.717     0.734     0.869     0.428         0
     35/99     4.03G     0.856     0.458         0      1.31        14       416     0.638     0.842      0.72     0.726      0.87      0.43         0
     36/99     4.03G     0.855     0.447         0       1.3        19       416     0.666     0.838     0.723     0.742     0.862     0.438         0
     37/99     4.03G     0.854     0.444         0       1.3        21       416     0.672     0.836     0.723     0.745     0.885     0.435         0
     38/99     4.03G      0.85      0.44         0      1.29        12       416     0.642     0.852     0.745     0.732     0.863     0.433         0
     39/99     4.03G     0.839     0.434         0      1.27        21       416     0.652      0.83     0.725      0.73     0.872     0.442         0
     40/99     4.03G     0.839     0.436         0      1.28        18       416      0.66     0.841     0.725     0.739     0.859     0.427         0
     41/99     4.03G     0.833      0.43         0      1.26        23       416     0.643     0.849     0.734     0.732     0.871     0.437         0
     42/99     4.03G     0.837     0.428         0      1.27        25       416     0.654     0.843     0.734     0.737     0.874     0.438         0
     43/99     4.03G      0.82     0.428         0      1.25        22       416     0.624     0.846     0.732     0.718     0.858     0.429         0
     44/99     4.03G     0.826     0.422         0      1.25        13       416     0.678     0.842     0.731     0.751     0.872     0.434         0
     45/99     4.03G     0.808     0.422         0      1.23        18       416      0.66     0.843     0.734      0.74     0.867     0.435         0
     46/99     4.03G     0.813     0.422         0      1.24        19       416     0.662     0.842     0.732     0.741     0.863     0.429         0
     47/99     4.03G     0.802     0.408         0      1.21        14       416     0.673     0.832     0.721     0.744     0.868     0.446         0
     48/99     4.03G     0.798     0.407         0       1.2        18       416     0.616     0.851     0.728     0.715     0.871     0.441         0
     49/99     4.03G     0.799     0.404         0       1.2        21       416     0.658      0.83     0.724     0.734     0.853      0.45         0
     50/99     4.03G     0.803     0.411         0      1.21        23       416     0.678     0.808     0.695     0.737     0.866     0.447         0
     51/99     4.03G     0.777     0.401         0      1.18        22       416     0.648     0.846     0.722     0.734     0.859     0.437         0
     52/99     4.03G     0.799     0.401         0       1.2        13       416     0.658     0.826     0.708     0.733     0.849     0.433         0
     53/99     4.03G     0.782     0.393         0      1.18        25       416     0.698     0.825     0.725     0.756     0.855     0.442         0
     54/99     4.03G     0.773     0.389         0      1.16        17       416     0.679     0.843     0.737     0.752      0.86     0.446         0
     55/99     4.03G      0.77     0.392         0      1.16        16       416     0.685      0.83     0.724      0.75     0.865     0.442         0
     56/99     4.03G      0.77     0.391         0      1.16        22       416     0.668     0.849      0.73     0.748     0.852     0.434         0
     57/99     4.03G     0.765     0.393         0      1.16        19       416     0.671     0.824     0.705      0.74     0.854     0.442         0
     58/99     4.03G     0.762     0.388         0      1.15        23       416     0.678     0.841     0.732      0.75     0.864     0.435         0
     59/99     4.03G     0.762     0.385         0      1.15        12       416     0.682      0.83     0.723     0.749      0.85     0.443         0
     60/99     4.03G     0.758     0.387         0      1.14        11       416     0.663     0.842     0.729     0.742     0.854     0.437         0
     61/99     4.03G     0.766     0.386         0      1.15        23       416     0.666     0.846     0.723     0.746      0.85     0.447         0
     62/99     4.03G      0.75     0.377         0      1.13        17       416     0.689     0.821     0.723     0.749     0.863      0.47         0
     63/99     4.03G     0.745     0.367         0      1.11        17       416     0.679     0.824     0.715     0.745     0.851      0.46         0
     64/99     4.03G     0.741     0.373         0      1.11        17       416     0.683     0.836     0.726     0.751     0.849     0.459         0
     65/99     4.03G     0.741     0.376         0      1.12        14       416     0.699     0.798     0.701     0.745     0.861     0.464         0
     66/99     4.03G     0.736     0.366         0       1.1        24       416     0.683     0.825     0.717     0.748     0.849     0.449         0
     67/99     4.03G     0.734     0.369         0       1.1        27       416     0.686     0.817     0.708     0.746     0.859     0.457         0
     68/99     4.03G     0.736     0.355         0      1.09        24       416      0.68     0.812     0.703      0.74     0.868     0.477         0
     69/99     4.03G     0.727     0.362         0      1.09        15       416     0.659     0.825     0.723     0.733     0.873     0.448         0
     70/99     4.03G     0.729     0.362         0      1.09        28       416     0.676     0.818     0.704      0.74      0.86      0.46         0
     71/99     4.03G     0.719     0.363         0      1.08        18       416     0.675     0.833     0.725     0.746     0.851     0.453         0
     72/99     4.03G     0.725     0.361         0      1.09        17       416     0.695     0.823     0.728     0.754     0.848     0.465         0
     73/99     4.03G     0.718     0.356         0      1.07        15       416     0.679     0.836     0.729     0.749     0.853     0.451         0
     74/99     4.03G     0.717     0.356         0      1.07        33       416      0.69     0.816     0.716     0.748     0.856     0.466         0
     75/99     4.03G     0.721     0.347         0      1.07        17       416      0.69     0.802     0.702     0.741      0.87     0.493         0
     76/99     4.03G     0.716      0.35         0      1.07        15       416      0.72     0.807     0.707     0.761     0.851     0.468         0
     77/99     4.03G     0.701      0.35         0      1.05        18       416     0.684     0.815     0.708     0.744     0.854     0.473         0
     78/99     4.03G     0.711     0.344         0      1.06        23       416     0.683     0.822     0.707     0.746     0.862     0.474         0
     79/99     4.03G     0.697     0.346         0      1.04        13       416     0.688     0.824     0.712      0.75     0.856     0.463         0
     80/99     4.03G     0.702     0.343         0      1.05        15       416     0.676      0.82     0.721     0.741     0.847     0.458         0
     81/99     4.03G     0.697     0.337         0      1.03        14       416     0.683     0.813     0.707     0.743     0.846     0.476         0
     82/99     4.03G     0.694     0.343         0      1.04        19       416     0.675     0.817     0.711     0.739     0.846     0.466         0
     83/99     4.03G     0.685     0.334         0      1.02        22       416     0.688       0.8       0.7      0.74     0.842     0.485         0
     84/99     4.03G     0.701     0.338         0      1.04        25       416     0.682       0.8     0.705     0.736     0.842      0.49         0
     85/99     4.03G     0.687     0.335         0      1.02        14       416     0.655     0.819     0.712     0.728     0.849     0.487         0
     86/99     4.03G     0.688     0.333         0      1.02        19       416     0.683     0.824     0.724     0.747      0.84     0.466         0
     87/99     4.03G     0.693     0.336         0      1.03        25       416     0.697     0.817     0.713     0.752     0.842     0.488         0
     88/99     4.03G     0.682     0.336         0      1.02        20       416     0.702     0.812     0.703     0.753     0.832     0.484         0
     89/99     4.03G     0.685      0.33         0      1.02        30       416     0.693     0.819     0.711     0.751      0.85      0.47         0
     90/99     4.03G     0.679     0.332         0      1.01        17       416     0.685     0.823     0.716     0.748     0.834     0.482         0
     91/99     4.03G     0.672     0.328         0         1        14       416      0.69     0.811     0.703     0.746     0.865     0.485         0
     92/99     4.03G     0.683     0.332         0      1.02        18       416     0.717     0.808     0.713      0.76     0.846     0.472         0
     93/99     4.03G     0.674     0.323         0     0.997        16       416      0.68     0.828     0.718     0.747     0.841     0.472         0
     94/99     4.03G     0.668     0.323         0     0.991        29       416     0.697     0.819     0.715     0.753     0.848     0.464         0
     95/99     4.03G     0.669     0.323         0     0.992        22       416     0.692     0.803     0.701     0.744     0.844     0.491         0
     96/99     4.03G     0.672     0.317         0     0.989        18       416     0.666     0.828     0.723     0.738     0.857     0.472         0
     97/99     4.03G     0.659     0.317         0     0.976        17       416     0.699      0.81     0.712      0.75     0.852     0.482         0
     98/99     4.03G      0.67     0.316         0     0.986        23       416      0.71      0.77     0.676     0.738     0.863     0.521         0
     99/99     4.03G     0.659     0.322         0     0.981        15       416     0.114     0.919     0.753     0.203     0.853     0.504         0
