       0/9     1.54G      1.97      1.21         0      3.17         4       416     0.428     0.508     0.331     0.465      1.15     0.808         0
       1/9     1.54G      1.39     0.923         0      2.31         6       416     0.556     0.607     0.462      0.58     0.972     0.675         0
       2/9     1.54G      1.26     0.825         0      2.08        12       416     0.563     0.707     0.556     0.627     0.892     0.606         0
       3/9     1.54G      1.14     0.772         0      1.91         5       416      0.52     0.749     0.573     0.614     0.826     0.567         0
       4/9     1.54G      1.09     0.733         0      1.82         7       416     0.542     0.791     0.624     0.644     0.804     0.544         0
       5/9     1.54G      1.05     0.708         0      1.76         5       416     0.604      0.78     0.631     0.681     0.774     0.521         0
       6/9     1.54G      1.01     0.677         0      1.69         4       416     0.533     0.817     0.652     0.645     0.746     0.506         0
       7/9     1.54G     0.975     0.662         0      1.64         5       416     0.589     0.809     0.666     0.682     0.732     0.487         0
       8/9     1.54G     0.952     0.636         0      1.59        10       416     0.576     0.822     0.668     0.677     0.716      0.48         0
       9/9     1.54G     0.908     0.623         0      1.53         1       416    0.0928     0.917     0.723     0.169      0.69     0.469         0
