     0/499     4.02G      2.08      29.5         0      31.5       203       416         0         0         0         0      3.26       nan         0
     1/499     4.02G      2.08      28.6         0      30.7       286       416         0         0         0         0      3.26       nan         0
     2/499     4.02G      2.06      27.3         0      29.4       230       416         0         0         0         0      3.26       nan         0
     3/499     4.02G       2.1      25.6         0      27.7       185       416  0.000729   0.00456  0.000185   0.00126      2.02        25         0
     4/499     4.02G      2.09      23.6         0      25.7       226       416  0.000784   0.00495  0.000769   0.00135      2.01      22.8         0
     5/499     4.02G      2.07      21.5         0      23.6       196       416  0.000794   0.00475  0.000114   0.00136      1.99      20.4         0
     6/499     4.02G      2.03      19.3         0      21.3       225       416   0.00129   0.00733     5e-05   0.00219      1.98      17.9         0
     7/499     4.02G      2.02        17         0      19.1       196       416   0.00194    0.0109  8.13e-05   0.00329      1.96      16.3         0
     8/499     4.02G      1.95      14.9         0      16.8       231       416   0.00331    0.0178   0.00205   0.00559      1.95        14         0
     9/499     4.02G      1.91      12.8         0      14.7       224       416   0.00598    0.0307   0.00221      0.01      1.93      11.9         0
    10/499     4.02G      1.91      10.9         0      12.8       265       416    0.0135    0.0721   0.00303    0.0228      1.91      9.95         0
    11/499     4.02G      1.87      9.15         0        11       184       416    0.0186     0.103   0.00227    0.0315       1.9      8.79         0
    12/499     4.02G      1.72      7.63         0      9.35       225       416    0.0268     0.153    0.0065    0.0455      1.89      7.24         0
    13/499     4.02G      1.72       6.3         0      8.02       203       416    0.0326     0.185   0.00941    0.0554      1.88      5.95         0
    14/499     4.02G      1.71      5.21         0      6.92       206       416    0.0373     0.205   0.00965    0.0631      1.88      4.89         0
    15/499     4.02G      1.69      4.28         0      5.97       209       416         0         0         0         0      1.89      4.31         0
    16/499     4.02G      1.59      3.53         0      5.12       194       416         0         0         0         0       1.9       3.6         0
    17/499     4.02G      1.66      2.91         0      4.57       274       416         0         0         0         0      1.92      3.06         0
    18/499     4.02G      1.64      2.44         0      4.09       240       416         0         0         0         0      1.93      2.67         0
    19/499     4.02G      1.66      2.07         0      3.74       199       416         0         0         0         0      1.94      2.46         0
    20/499     4.02G      1.65      1.81         0      3.46       227       416         0         0         0         0      1.94      2.24         0
    21/499     4.02G      1.73       1.6         0      3.33       149       416         0         0         0         0      1.94      2.07         0
    22/499     4.02G      1.61      1.47         0      3.08       218       416         0         0         0         0      1.93      1.96         0
    23/499     4.02G      1.59      1.36         0      2.95       226       416         0         0         0         0      1.92      1.91         0
    24/499     4.02G      1.64      1.23         0      2.87       230       416         0         0         0         0      1.91      1.85         0
    25/499     4.02G      1.62      1.16         0      2.77       228       416         0         0         0         0       1.9      1.82         0
    26/499     4.02G      1.61      1.06         0      2.67       217       416         0         0         0         0      1.88       1.8         0
    27/499     4.02G      1.48       1.1         0      2.58       235       416         0         0         0         0      1.87      1.79         0
    28/499     4.02G      1.59      1.04         0      2.63       245       416         0         0         0         0      1.86      1.79         0
    29/499     4.02G      1.61      0.92         0      2.54       265       416         0         0         0         0      1.85      1.79         0
    30/499     4.02G      1.61     0.935         0      2.55       242       416         0         0         0         0      1.84      1.79         0
    31/499     4.02G      1.53     0.895         0      2.42       225       416         0         0         0         0      1.84       1.8         0
    32/499     4.02G       1.5     0.855         0      2.36       237       416         0         0         0         0      1.84       1.8         0
    33/499     4.02G      1.53     0.797         0      2.33       300       416         0         0         0         0      1.84      1.81         0
    34/499     4.02G      1.63     0.805         0      2.44       160       416         0         0         0         0      1.84      1.82         0
    35/499     4.02G      1.62     0.785         0       2.4       252       416         0         0         0         0      1.84      1.83         0
    36/499     4.02G      1.51      0.79         0       2.3       263       416         0         0         0         0      1.85      1.84         0
    37/499     4.02G       1.5     0.784         0      2.28       227       416         0         0         0         0      1.86      1.86         0
    38/499     4.02G      1.54     0.766         0       2.3       261       416         0         0         0         0      1.87      1.87         0
    39/499     4.02G      1.57      0.69         0      2.26       207       416         0         0         0         0      1.88      1.87         0
    40/499     4.02G      1.52     0.748         0      2.27       236       416         0         0         0         0      1.88      1.89         0
    41/499     4.02G      1.58     0.687         0      2.27       244       416         0         0         0         0      1.88       1.9         0
    42/499     4.02G       1.5     0.691         0      2.19       212       416         0         0         0         0      1.87       1.9         0
    43/499     4.02G      1.49     0.663         0      2.15       175       416         0         0         0         0      1.87      1.91         0
    44/499     4.02G       1.5     0.681         0      2.19       247       416         0         0         0         0      1.87      1.92         0
    45/499     4.02G      1.51      0.67         0      2.18       146       416     0.857   0.00119   0.00429   0.00237      1.87      1.93         0
    46/499     4.02G      1.43     0.652         0      2.08       273       416      0.75   0.00297   0.00438   0.00592      1.86      1.93         0
    47/499     4.02G      1.52     0.667         0      2.19       229       416     0.562   0.00535     0.005    0.0106      1.87      1.94         0
    48/499     4.02G      1.43     0.603         0      2.03       172       416     0.535    0.0198    0.0152    0.0382      1.87      1.94         0
    49/499     4.02G      1.57     0.616         0      2.19       207       416     0.486    0.0303    0.0213    0.0571      1.88      1.95         0
    50/499     4.02G      1.59     0.626         0      2.22       210       416     0.394    0.0396    0.0227     0.072      1.88      1.95         0
    51/499     4.02G      1.57     0.635         0      2.21       184       416      0.36    0.0458    0.0243    0.0812      1.89      1.96         0
    52/499     4.02G      1.56     0.587         0      2.15       175       416      0.31    0.0735     0.034     0.119      1.89      1.96         0
    53/499     4.02G      1.59     0.606         0      2.19       190       416     0.284    0.0753    0.0326     0.119      1.89      1.96         0
    54/499     4.02G      1.48     0.565         0      2.04       300       416     0.266     0.102    0.0412     0.148      1.89      1.96         0
    55/499     4.02G       1.5     0.616         0      2.12       220       416     0.256    0.0971    0.0367     0.141      1.89      1.96         0
    56/499     4.02G       1.6      0.53         0      2.13       178       416     0.218     0.132    0.0476     0.164      1.88      1.96         0
    57/499     4.02G      1.49     0.544         0      2.03       242       416       0.2     0.128    0.0445     0.156      1.87      1.96         0
    58/499     4.02G      1.52     0.549         0      2.07       218       416     0.189     0.147    0.0497     0.165      1.86      1.96         0
    59/499     4.02G      1.58      0.56         0      2.14       232       416      0.18      0.14     0.048     0.158      1.86      1.96         0
    60/499     4.02G      1.55      0.52         0      2.07       215       416     0.172     0.153     0.051     0.162      1.85      1.96         0
    61/499     4.02G      1.47     0.555         0      2.02       189       416     0.168     0.157    0.0513     0.162      1.85      1.96         0
    62/499     4.02G      1.48     0.505         0      1.99       234       416     0.164     0.172    0.0581     0.168      1.85      1.96         0
    63/499     4.02G      1.49     0.516         0      2.01       196       416     0.165     0.183    0.0615     0.173      1.85      1.96         0
    64/499     4.02G      1.51     0.525         0      2.03       220       416      0.16     0.188    0.0629     0.173      1.85      1.96         0
    65/499     4.02G      1.51     0.553         0      2.07       304       416     0.158      0.19    0.0638     0.172      1.85      1.96         0
    66/499     4.02G      1.52     0.486         0         2       249       416      0.15     0.199    0.0653     0.171      1.86      1.96         0
    67/499     4.02G       1.6     0.481         0      2.08       290       416     0.147     0.202    0.0675      0.17      1.86      1.96         0
    68/499     4.02G      1.55     0.516         0      2.07       214       416     0.141     0.207    0.0687     0.168      1.87      1.96         0
    69/499     4.02G       1.4      0.47         0      1.87       194       416     0.134     0.212    0.0711     0.164      1.87      1.95         0
    70/499     4.02G      1.52     0.475         0      1.99       210       416     0.126     0.213    0.0718     0.159      1.88      1.95         0
    71/499     4.02G      1.51      0.49         0         2       227       416     0.125     0.211    0.0703     0.157      1.89      1.95         0
    72/499     4.02G      1.44     0.455         0       1.9       239       416     0.119     0.213    0.0715     0.152      1.89      1.95         0
    73/499     4.02G      1.46     0.448         0      1.91       221       416     0.115     0.217    0.0724      0.15       1.9      1.95         0
    74/499     4.02G      1.47     0.438         0      1.91       225       416     0.111     0.217    0.0725     0.147       1.9      1.95         0
    75/499     4.02G      1.52     0.444         0      1.97       226       416      0.11     0.219    0.0741     0.146      1.91      1.95         0
    76/499     4.02G      1.51      0.42         0      1.93       162       416     0.107     0.223    0.0768     0.145      1.91      1.94         0
    77/499     4.02G      1.52     0.429         0      1.95       200       416     0.105     0.221    0.0767     0.142       1.9      1.95         0
    78/499     4.02G      1.52     0.409         0      1.93       211       416     0.104     0.223     0.079     0.142      1.89      1.94         0
    79/499     4.02G      1.51     0.396         0       1.9       222       416     0.103     0.226    0.0817     0.141      1.89      1.94         0
    80/499     4.02G      1.45     0.376         0      1.83       223       416     0.101     0.229    0.0823     0.141      1.88      1.94         0
    81/499     4.02G      1.53     0.401         0      1.93       261       416     0.101     0.233    0.0854     0.141      1.87      1.94         0
    82/499     4.02G      1.53     0.382         0      1.91       288       416     0.101     0.235    0.0868     0.141      1.87      1.94         0
    83/499     4.02G      1.52     0.366         0      1.88       241       416     0.101     0.238    0.0888     0.142      1.86      1.93         0
    84/499     4.02G       1.5     0.354         0      1.85       303       416     0.103     0.243     0.092     0.145      1.86      1.93         0
    85/499     4.02G      1.56      0.34         0       1.9       267       416     0.107     0.253    0.0997      0.15      1.86      1.93         0
    86/499     4.02G      1.56      0.35         0      1.91       292       416     0.107     0.256     0.101     0.151      1.86      1.93         0
    87/499     4.02G      1.51     0.343         0      1.85       224       416      0.11     0.262     0.104     0.155      1.86      1.93         0
    88/499     4.02G      1.51     0.339         0      1.85       223       416     0.113     0.268     0.112     0.159      1.86      1.93         0
    89/499     4.02G      1.56     0.345         0       1.9       293       416     0.113      0.27     0.113      0.16      1.86      1.93         0
    90/499     4.02G      1.55     0.309         0      1.86       294       416     0.115     0.276     0.121     0.162      1.85      1.93         0
    91/499     4.02G      1.52     0.338         0      1.86       290       416     0.115     0.277     0.122     0.163      1.85      1.93         0
    92/499     4.02G      1.52     0.313         0      1.83       226       416     0.117     0.281     0.129     0.165      1.85      1.93         0
    93/499     4.02G      1.54     0.324         0      1.86       200       416     0.122     0.289     0.134     0.171      1.84      1.93         0
    94/499     4.02G      1.45     0.304         0      1.75       157       416     0.126     0.296     0.143     0.176      1.84      1.94         0
    95/499     4.02G      1.52     0.319         0      1.84       232       416     0.126     0.298     0.146     0.177      1.84      1.94         0
    96/499     4.02G      1.51     0.301         0      1.81       232       416     0.137     0.319     0.168     0.191      1.83      1.94         0
    97/499     4.02G      1.47     0.293         0      1.77       201       416     0.144     0.332     0.182     0.201      1.83      1.94         0
    98/499     4.02G       1.5     0.298         0       1.8       236       416      0.15     0.342     0.191     0.208      1.82      1.94         0
    99/499     4.02G      1.51     0.291         0      1.81       192       416     0.158     0.356     0.208     0.219      1.82      1.94         0
   100/499     4.02G      1.56     0.322         0      1.89       215       416     0.156     0.353     0.204     0.216      1.82      1.94         0
   101/499     4.02G      1.47     0.292         0      1.76       232       416     0.156     0.355     0.205     0.217      1.82      1.94         0
   102/499     4.02G      1.38     0.268         0      1.65       166       416     0.159     0.361     0.214     0.221      1.82      1.94         0
   103/499     4.02G      1.43     0.288         0      1.72       286       416     0.159      0.36      0.21     0.221      1.82      1.94         0
   104/499     4.02G      1.47     0.291         0      1.76       222       416     0.159     0.359     0.209      0.22      1.82      1.94         0
   105/499     4.02G      1.47     0.276         0      1.75       223       416     0.165     0.369     0.223     0.228      1.81      1.94         0
   106/499     4.02G      1.46      0.29         0      1.75       179       416     0.166     0.372     0.225      0.23      1.81      1.95         0
   107/499     4.02G       1.5     0.301         0       1.8       179       416     0.164      0.37     0.221     0.227      1.81      1.94         0
   108/499     4.02G       1.5     0.317         0      1.82       263       416     0.164     0.369      0.22     0.227      1.81      1.94         0
   109/499     4.02G      1.41     0.285         0       1.7       170       416      0.17      0.38     0.234     0.235      1.81      1.95         0
   110/499     4.02G      1.48     0.295         0      1.78       203       416     0.167     0.377     0.229     0.232      1.81      1.95         0
   111/499     4.02G      1.44     0.289         0      1.73       225       416     0.169     0.381     0.235     0.234      1.81      1.95         0
   112/499     4.02G      1.51     0.301         0      1.81       195       416     0.173     0.387     0.243     0.239       1.8      1.95         0
   113/499     4.02G      1.49     0.283         0      1.78       247       416     0.175      0.39     0.247     0.241       1.8      1.94         0
   114/499     4.02G      1.43     0.299         0      1.73       226       416     0.172     0.385     0.241     0.238       1.8      1.94         0
   115/499     4.02G       1.5     0.297         0       1.8       233       416     0.174      0.39     0.248      0.24       1.8      1.94         0
   116/499     4.02G      1.44     0.272         0      1.72       177       416     0.176     0.395     0.252     0.244       1.8      1.95         0
   117/499     4.02G      1.51     0.305         0      1.82       179       416     0.177     0.392     0.252     0.244      1.79      1.94         0
   118/499     4.02G      1.46      0.31         0      1.77       266       416     0.177     0.393     0.253     0.244      1.79      1.94         0
   119/499     4.02G      1.44     0.283         0      1.72       205       416     0.182     0.405     0.265     0.251      1.79      1.94         0
   120/499     4.02G      1.47     0.284         0      1.76       204       416     0.183     0.406     0.267     0.252      1.79      1.94         0
   121/499     4.02G      1.47     0.277         0      1.74       227       416     0.184     0.408      0.27     0.254      1.79      1.94         0
   122/499     4.02G      1.44     0.299         0      1.74       221       416     0.182     0.403     0.268     0.251      1.79      1.94         0
   123/499     4.02G      1.41     0.283         0       1.7       244       416     0.189     0.417      0.28      0.26      1.78      1.94         0
   124/499     4.02G      1.45     0.286         0      1.73       209       416     0.185     0.411     0.275     0.256      1.78      1.94         0
   125/499     4.02G      1.46     0.286         0      1.75       180       416     0.187     0.414     0.277     0.258      1.78      1.94         0
   126/499     4.02G      1.38      0.28         0      1.66       216       416     0.189     0.416     0.281      0.26      1.78      1.94         0
   127/499     4.02G      1.46     0.292         0      1.75       220       416     0.188     0.413     0.277     0.258      1.78      1.94         0
   128/499     4.02G      1.45     0.311         0      1.76       232       416     0.188      0.41     0.275     0.258      1.78      1.94         0
   129/499     4.02G      1.41     0.299         0      1.71       160       416     0.194     0.421     0.286     0.265      1.77      1.94         0
   130/499     4.02G      1.34     0.287         0      1.62       225       416     0.195     0.428     0.291     0.268      1.77      1.94         0
   131/499     4.02G      1.43     0.297         0      1.73       211       416     0.193     0.421     0.285     0.265      1.77      1.94         0
   132/499     4.02G      1.48     0.306         0      1.79       299       416     0.193     0.421     0.285     0.265      1.77      1.94         0
   133/499     4.02G      1.41     0.282         0      1.69       231       416     0.195     0.424     0.288     0.267      1.77      1.94         0
   134/499     4.02G      1.42     0.276         0      1.69       261       416       0.2     0.435     0.301     0.274      1.76      1.94         0
   135/499     4.02G      1.44      0.28         0      1.72       217       416       0.2     0.434     0.298     0.273      1.76      1.94         0
   136/499     4.02G      1.39     0.293         0      1.68       216       416       0.2     0.435       0.3     0.274      1.76      1.94         0
   137/499     4.02G      1.49     0.283         0      1.77       233       416     0.204      0.44     0.305     0.278      1.76      1.94         0
   138/499     4.02G      1.43     0.296         0      1.72       233       416     0.205     0.444     0.309     0.281      1.76      1.94         0
   139/499     4.02G      1.39      0.28         0      1.67       233       416     0.209     0.451     0.318     0.286      1.75      1.94         0
   140/499     4.02G      1.41     0.312         0      1.73       252       416     0.204      0.44     0.305     0.279      1.76      1.94         0
   141/499     4.02G      1.36     0.286         0      1.65       214       416     0.209     0.454     0.319     0.286      1.75      1.95         0
   142/499     4.02G      1.35     0.276         0      1.63       248       416     0.209     0.452     0.318     0.286      1.75      1.94         0
   143/499     4.02G      1.44     0.295         0      1.74       185       416     0.208     0.451     0.317     0.285      1.75      1.94         0
   144/499     4.02G      1.42     0.296         0      1.72       219       416     0.208     0.448     0.314     0.284      1.75      1.94         0
   145/499     4.02G      1.43     0.284         0      1.71       236       416     0.209     0.454      0.32     0.287      1.75      1.94         0
   146/499     4.02G      1.45     0.292         0      1.74       210       416     0.214     0.461     0.326     0.292      1.75      1.94         0
   147/499     4.02G      1.41     0.263         0      1.67       223       416     0.217     0.473     0.337     0.297      1.74      1.95         0
   148/499     4.02G      1.43     0.282         0      1.71       178       416     0.215     0.468     0.332     0.295      1.74      1.94         0
   149/499     4.02G      1.43     0.289         0      1.72       150       416     0.216     0.468     0.331     0.296      1.74      1.94         0
   150/499     4.02G      1.44     0.298         0      1.74       243       416     0.214     0.462     0.326     0.292      1.74      1.94         0
   151/499     4.02G      1.31      0.28         0      1.59       233       416     0.215      0.47     0.336     0.295      1.74      1.95         0
   152/499     4.02G      1.45     0.285         0      1.73       232       416     0.214     0.471     0.335     0.294      1.74      1.95         0
   153/499     4.02G       1.4     0.277         0      1.68       234       416     0.214     0.471     0.336     0.295      1.74      1.95         0
   154/499     4.02G      1.42      0.27         0      1.69       176       416     0.219      0.48     0.344       0.3      1.73      1.95         0
   155/499     4.02G      1.37     0.278         0      1.65       206       416     0.217     0.474     0.338     0.298      1.74      1.94         0
   156/499     4.02G      1.45     0.275         0      1.73       219       416     0.217     0.475     0.339     0.298      1.74      1.95         0
   157/499     4.02G      1.34     0.284         0      1.62       205       416      0.22     0.479     0.343     0.301      1.73      1.95         0
   158/499     4.02G      1.37     0.288         0      1.66       254       416     0.221     0.479     0.344     0.303      1.73      1.94         0
   159/499     4.02G      1.36     0.283         0      1.64       247       416     0.218     0.475     0.341     0.299      1.74      1.95         0
   160/499     4.02G      1.36     0.275         0      1.64       219       416     0.221     0.482     0.348     0.303      1.73      1.95         0
   161/499     4.02G      1.38     0.305         0      1.68       212       416     0.221     0.482     0.348     0.303      1.73      1.95         0
   162/499     4.02G      1.43     0.274         0       1.7       234       416     0.225     0.492     0.358     0.309      1.73      1.95         0
   163/499     4.02G      1.36     0.291         0      1.65       302       416     0.222     0.483      0.35     0.304      1.73      1.95         0
   164/499     4.02G      1.37     0.279         0      1.65       153       416     0.227     0.497     0.362     0.312      1.72      1.95         0
   165/499     4.02G      1.39     0.291         0      1.68       261       416     0.224     0.486     0.352     0.307      1.73      1.95         0
   166/499     4.02G      1.39     0.298         0      1.69       264       416     0.224     0.487     0.353     0.307      1.73      1.95         0
   167/499     4.02G      1.41     0.315         0      1.72       229       416     0.221     0.473     0.341     0.302      1.73      1.95         0
   168/499     4.02G      1.35     0.286         0      1.64       138       416     0.223     0.487     0.353     0.305      1.72      1.95         0
   169/499     4.02G      1.32     0.297         0      1.62       272       416     0.226     0.489     0.356     0.309      1.72      1.95         0
   170/499     4.02G      1.37     0.286         0      1.66       182       416     0.228     0.496     0.362     0.312      1.72      1.95         0
   171/499     4.02G      1.35     0.279         0      1.63       172       416     0.226     0.496     0.362     0.311      1.72      1.95         0
   172/499     4.02G      1.34     0.284         0      1.62       207       416     0.226       0.5     0.366     0.312      1.71      1.95         0
   173/499     4.02G      1.38     0.281         0      1.66       188       416     0.228     0.503      0.37     0.314      1.71      1.95         0
   174/499     4.02G      1.35      0.28         0      1.63       221       416     0.224     0.494      0.36     0.308      1.72      1.95         0
   175/499     4.02G      1.38     0.278         0      1.66       183       416     0.221     0.489     0.355     0.304      1.72      1.95         0
   176/499     4.02G      1.32     0.311         0      1.63       228       416      0.22     0.478     0.345     0.302      1.72      1.95         0
   177/499     4.02G      1.36     0.276         0      1.64       221       416     0.225     0.497     0.363     0.309      1.71      1.96         0
   178/499     4.02G      1.28     0.299         0      1.58       200       416      0.22     0.483     0.353     0.303      1.72      1.96         0
   179/499     4.02G      1.34     0.275         0      1.61       204       416     0.225     0.495     0.362     0.309      1.71      1.96         0
   180/499     4.02G      1.33     0.279         0       1.6       213       416     0.224     0.494     0.361     0.309      1.71      1.96         0
   181/499     4.02G      1.29     0.278         0      1.57       218       416     0.226     0.495     0.362      0.31      1.71      1.96         0
   182/499     4.02G      1.28     0.283         0      1.56       247       416     0.227     0.494     0.361     0.311      1.71      1.96         0
   183/499     4.02G      1.35     0.279         0      1.63       207       416     0.231     0.507     0.373     0.318       1.7      1.96         0
   184/499     4.02G      1.35     0.286         0      1.63       207       416     0.226     0.496     0.361     0.311      1.71      1.96         0
   185/499     4.02G      1.34     0.263         0       1.6       237       416     0.229     0.506     0.372     0.315       1.7      1.97         0
   186/499     4.02G      1.25     0.288         0      1.53       194       416     0.228     0.501     0.367     0.314       1.7      1.96         0
   187/499     4.02G      1.33     0.288         0      1.62       197       416     0.227     0.495     0.361     0.311      1.71      1.96         0
   188/499     4.02G      1.25      0.26         0      1.51       177       416      0.23     0.511     0.377     0.318       1.7      1.97         0
   189/499     4.02G      1.22     0.282         0      1.51       154       416     0.231      0.51     0.374     0.318       1.7      1.97         0
   190/499     4.02G      1.25     0.269         0      1.52       218       416     0.227     0.505     0.369     0.313       1.7      1.97         0
   191/499     4.02G      1.28     0.268         0      1.55       224       416     0.228     0.496     0.362     0.313       1.7      1.97         0
   192/499     4.02G      1.14     0.302         0      1.44       200       416     0.229     0.489     0.357     0.312      1.71      1.97         0
   193/499     4.02G      1.24     0.273         0      1.51       172       416      0.23     0.509     0.373     0.317       1.7      1.98         0
   194/499     4.02G      1.29     0.294         0      1.58       239       416     0.232     0.503      0.37     0.317       1.7      1.97         0
   195/499     4.02G      1.29      0.29         0      1.58       215       416     0.227     0.492     0.362     0.311       1.7      1.97         0
   196/499     4.02G      1.23     0.294         0      1.52       278       416     0.226     0.496     0.364      0.31       1.7      1.98         0
   197/499     4.02G      1.28     0.277         0      1.56       241       416     0.227     0.499     0.364     0.312       1.7      1.98         0
   198/499     4.02G      1.24     0.288         0      1.52       203       416     0.224     0.489     0.356     0.307       1.7      1.98         0
   199/499     4.02G      1.26     0.288         0      1.55       256       416     0.226      0.49     0.361     0.309       1.7      1.98         0
   200/499     4.02G      1.18     0.264         0      1.45       190       416     0.231     0.511     0.379     0.318      1.69      1.99         0
   201/499     4.02G      1.12     0.273         0       1.4       137       416     0.227     0.503     0.369     0.312      1.69      1.99         0
   202/499     4.02G      1.25     0.277         0      1.52       254       416     0.226     0.497     0.363     0.311       1.7      1.99         0
   203/499     4.02G      1.27     0.265         0      1.54       214       416     0.231     0.506     0.372     0.317      1.69      1.99         0
   204/499     4.02G      1.23     0.282         0      1.51       234       416     0.232     0.501     0.369     0.317       1.7      1.99         0
   205/499     4.02G      1.22      0.29         0      1.51       263       416     0.232     0.497     0.364     0.316       1.7      1.99         0
   206/499     4.02G      1.17     0.277         0      1.44       201       416     0.232     0.502     0.369     0.318      1.69      1.99         0
   207/499     4.02G      1.24     0.291         0      1.53       250       416     0.233     0.502     0.369     0.319       1.7      1.99         0
   208/499     4.02G      1.26     0.295         0      1.55       253       416     0.237     0.502     0.371     0.322      1.69      1.99         0
   209/499     4.02G      1.18     0.285         0      1.46       258       416     0.234     0.496     0.367     0.318      1.69         2         0
   210/499     4.02G      1.19     0.288         0      1.48       185       416     0.235     0.508     0.373     0.321      1.69         2         0
   211/499     4.02G      1.22     0.298         0      1.51       201       416     0.235     0.504     0.373      0.32      1.69         2         0
   212/499     4.02G      1.26     0.273         0      1.53       191       416     0.233      0.51     0.377      0.32      1.69         2         0
   213/499     4.02G      1.17      0.29         0      1.46       207       416     0.235     0.509     0.378     0.322      1.68         2         0
   214/499     4.02G      1.06     0.296         0      1.35       229       416     0.232     0.503     0.373     0.318      1.69      2.01         0
   215/499     4.02G      1.13      0.28         0      1.41       230       416     0.232      0.51      0.38     0.319      1.68      2.01         0
   216/499     4.02G      1.19     0.285         0      1.48       237       416     0.233     0.507     0.375     0.319      1.68      2.01         0
   217/499     4.02G      1.18     0.263         0      1.44       198       416     0.233     0.513     0.382      0.32      1.68      2.02         0
   218/499     4.02G      1.16     0.282         0      1.44       238       416     0.227     0.501     0.369     0.313      1.69      2.02         0
   219/499     4.02G      1.15     0.273         0      1.43       297       416     0.239     0.518     0.385     0.327      1.68      2.03         0
   220/499     4.02G      1.13     0.271         0       1.4       267       416     0.236     0.515     0.382     0.323      1.68      2.03         0
   221/499     4.02G      1.14     0.295         0      1.44       260       416     0.236      0.51     0.376     0.323      1.68      2.03         0
   222/499     4.02G      1.11     0.289         0       1.4       245       416     0.235     0.507     0.374     0.321      1.68      2.04         0
   223/499     4.02G      1.12     0.282         0       1.4       230       416     0.237     0.513      0.38     0.324      1.68      2.04         0
   224/499     4.02G      1.17     0.273         0      1.45       242       416     0.233     0.517     0.381     0.322      1.68      2.05         0
   225/499     4.02G      1.15     0.275         0      1.43       243       416     0.232     0.513     0.378      0.32      1.68      2.04         0
   226/499     4.02G      1.11     0.286         0       1.4       274       416     0.237     0.516      0.38     0.324      1.68      2.05         0
   227/499     4.02G      1.11     0.282         0      1.39       214       416     0.234     0.514     0.379     0.322      1.68      2.04         0
   228/499     4.02G      1.12     0.294         0      1.42       157       416     0.236     0.516      0.38     0.324      1.68      2.05         0
   229/499     4.02G      1.11     0.271         0      1.38       144       416     0.238     0.532     0.395     0.329      1.67      2.06         0
   230/499     4.02G      1.11     0.279         0      1.39       286       416     0.234     0.518     0.382     0.322      1.68      2.05         0
   231/499     4.02G      1.11     0.263         0      1.37       184       416     0.236     0.527     0.388     0.326      1.67      2.06         0
   232/499     4.02G      1.09      0.28         0      1.37       148       416     0.239     0.533     0.396      0.33      1.67      2.06         0
   233/499     4.02G      1.09      0.27         0      1.36       189       416     0.238     0.531     0.396     0.328      1.67      2.07         0
   234/499     4.02G       1.1     0.278         0      1.38       257       416     0.234     0.516     0.381     0.322      1.68      2.06         0
   235/499     4.02G       1.1     0.278         0      1.38       191       416     0.239     0.526     0.392     0.329      1.67      2.07         0
   236/499     4.02G      1.08     0.291         0      1.37       286       416     0.233      0.51     0.377      0.32      1.68      2.06         0
   237/499     4.02G       1.1     0.286         0      1.39       197       416     0.233     0.519      0.38     0.322      1.67      2.06         0
   238/499     4.02G      1.02     0.274         0      1.29       193       416     0.237     0.523      0.39     0.326      1.67      2.06         0
   239/499     4.02G      1.06     0.292         0      1.35       238       416     0.236      0.51      0.38     0.323      1.68      2.06         0
   240/499     4.02G      1.06     0.276         0      1.33       188       416     0.239     0.525     0.391     0.328      1.67      2.06         0
   241/499     4.02G      1.12      0.26         0      1.38       168       416     0.239     0.526     0.391     0.329      1.67      2.07         0
   242/499     4.02G      1.06     0.283         0      1.34       252       416     0.236     0.511     0.379     0.323      1.68      2.06         0
   243/499     4.02G      1.05     0.253         0       1.3       255       416      0.24     0.528     0.392      0.33      1.67      2.07         0
   244/499     4.02G     0.972     0.261         0      1.23       157       416     0.239     0.529     0.393     0.329      1.67      2.07         0
   245/499     4.02G      1.06     0.283         0      1.34       249       416     0.236     0.515     0.381     0.324      1.67      2.06         0
   246/499     4.02G         1     0.284         0      1.29       148       416      0.24     0.525     0.389     0.329      1.67      2.06         0
   247/499     4.02G     0.993     0.276         0      1.27       187       416     0.242      0.53     0.395     0.332      1.66      2.07         0
   248/499     4.02G         1     0.269         0      1.27       193       416     0.243     0.538     0.401     0.335      1.66      2.08         0
   249/499     4.02G      1.04     0.286         0      1.33       256       416     0.235     0.518     0.381     0.323      1.66      2.06         0
   250/499     4.02G      0.99     0.261         0      1.25       222       416      0.24     0.533     0.398     0.331      1.66      2.08         0
   251/499     4.02G      1.04     0.288         0      1.32       205       416     0.234     0.516      0.38     0.322      1.66      2.06         0
   252/499     4.02G     0.956      0.26         0      1.22       186       416     0.243     0.536     0.399     0.334      1.66      2.07         0
   253/499     4.02G      1.04      0.29         0      1.33       266       416     0.241     0.528     0.391     0.331      1.66      2.07         0
   254/499     4.02G         1     0.278         0      1.28       271       416     0.242     0.529     0.394     0.332      1.66      2.06         0
   255/499     4.02G      1.01     0.275         0      1.28       200       416     0.244     0.534     0.398     0.335      1.66      2.07         0
   256/499     4.02G      1.03      0.28         0      1.31       185       416      0.24     0.537     0.398     0.332      1.66      2.08         0
   257/499     4.02G     0.985     0.273         0      1.26       171       416      0.24      0.54     0.402     0.333      1.66      2.08         0
   258/499     4.02G      1.02     0.261         0      1.29       244       416     0.239     0.536     0.397     0.331      1.67      2.08         0
   259/499     4.02G     0.949     0.272         0      1.22       241       416     0.238     0.533     0.395     0.329      1.67      2.07         0
   260/499     4.02G      1.03     0.274         0      1.31       333       416      0.24     0.531     0.393      0.33      1.67      2.07         0
   261/499     4.02G      1.02     0.269         0      1.29       210       416     0.241     0.538     0.401     0.333      1.67      2.08         0
   262/499     4.02G     0.996      0.26         0      1.26       302       416     0.248     0.547     0.414     0.341      1.66      2.08         0
   263/499     4.02G     0.992      0.31         0       1.3       265       416     0.243     0.538     0.401     0.335      1.67      2.07         0
   264/499     4.02G     0.972     0.272         0      1.24       237       416     0.241     0.538     0.399     0.333      1.67      2.08         0
   265/499     4.02G     0.975      0.29         0      1.26       162       416     0.239     0.532     0.394      0.33      1.67      2.07         0
   266/499     4.02G     0.975     0.278         0      1.25       249       416      0.24     0.535     0.398     0.331      1.66      2.07         0
   267/499     4.02G     0.988     0.266         0      1.25       277       416     0.238     0.532     0.397     0.329      1.66      2.08         0
   268/499     4.02G     0.966     0.272         0      1.24       170       416     0.238     0.534     0.397     0.329      1.66      2.08         0
   269/499     4.02G     0.997      0.28         0      1.28       232       416     0.238     0.529     0.392     0.328      1.66      2.07         0
   270/499     4.02G     0.981     0.268         0      1.25       262       416     0.237     0.531     0.395     0.328      1.66      2.08         0
   271/499     4.02G     0.933     0.248         0      1.18       176       416     0.241     0.545     0.409     0.334      1.65      2.09         0
   272/499     4.02G      0.99     0.262         0      1.25       268       416     0.244     0.541     0.408     0.337      1.65      2.09         0
   273/499     4.02G     0.929     0.276         0      1.21       255       416      0.24     0.534     0.399     0.331      1.66      2.09         0
   274/499     4.02G     0.894     0.273         0      1.17       153       416     0.244     0.545     0.411     0.337      1.65       2.1         0
   275/499     4.02G     0.975     0.284         0      1.26       247       416     0.238      0.53     0.396     0.329      1.66      2.09         0
   276/499     4.02G     0.953     0.267         0      1.22       173       416     0.239     0.543     0.407     0.332      1.66       2.1         0
   277/499     4.02G     0.922     0.282         0       1.2       212       416     0.237     0.532     0.397     0.328      1.66      2.09         0
   278/499     4.02G     0.914     0.274         0      1.19       195       416     0.242     0.546      0.41     0.336      1.66       2.1         0
   279/499     4.02G     0.946     0.271         0      1.22       233       416      0.24     0.542     0.405     0.333      1.66       2.1         0
   280/499     4.02G     0.932     0.276         0      1.21       244       416     0.239     0.541     0.403     0.331      1.66       2.1         0
   281/499     4.02G     0.938     0.282         0      1.22       250       416     0.242     0.546     0.407     0.335      1.66      2.11         0
   282/499     4.02G     0.923     0.288         0      1.21       175       416     0.239     0.544     0.406     0.332      1.66      2.11         0
   283/499     4.02G     0.899     0.271         0      1.17       201       416     0.243     0.545     0.408     0.336      1.66      2.11         0
   284/499     4.02G     0.976     0.283         0      1.26       215       416      0.24     0.539     0.401     0.332      1.66      2.11         0
   285/499     4.02G     0.915      0.27         0      1.19       183       416     0.246     0.552     0.416      0.34      1.65      2.11         0
   286/499     4.02G     0.895     0.279         0      1.17       341       416     0.244     0.548     0.409     0.337      1.65      2.11         0
   287/499     4.02G     0.942     0.276         0      1.22       240       416     0.243     0.547     0.408     0.336      1.65      2.12         0
   288/499     4.02G     0.916     0.277         0      1.19       178       416     0.239     0.544     0.406     0.332      1.66      2.11         0
   289/499     4.02G     0.902     0.276         0      1.18       290       416     0.238     0.537     0.401     0.329      1.66       2.1         0
   290/499     4.02G     0.879      0.26         0      1.14       216       416     0.242     0.548     0.411     0.336      1.65      2.11         0
   291/499     4.02G      0.91     0.277         0      1.19       169       416      0.24     0.552     0.412     0.334      1.66      2.12         0
   292/499     4.02G     0.913     0.267         0      1.18       257       416     0.243     0.544     0.407     0.336      1.66       2.1         0
   293/499     4.02G     0.904     0.277         0      1.18       203       416     0.238     0.542     0.405     0.331      1.67      2.09         0
   294/499     4.02G     0.954     0.264         0      1.22       275       416     0.242     0.545     0.408     0.335      1.66       2.1         0
   295/499     4.02G     0.912     0.292         0       1.2       200       416     0.242      0.54     0.404     0.334      1.67      2.09         0
   296/499     4.02G     0.887     0.269         0      1.16       238       416     0.239      0.54     0.403     0.331      1.67       2.1         0
   297/499     4.02G      0.91     0.268         0      1.18       175       416     0.245     0.555     0.417      0.34      1.66      2.11         0
   298/499     4.02G     0.861     0.281         0      1.14       202       416     0.243     0.552     0.416     0.338      1.66       2.1         0
   299/499     4.02G     0.886     0.283         0      1.17       354       416     0.242     0.534     0.399     0.333      1.67      2.09         0
   300/499     4.02G     0.877     0.275         0      1.15       113       416     0.245     0.556     0.419      0.34      1.65      2.12         0
   301/499     4.02G     0.838     0.251         0      1.09       185       416     0.246     0.558     0.421     0.341      1.65      2.12         0
   302/499     4.02G     0.881     0.277         0      1.16       196       416     0.242     0.547     0.411     0.336      1.66       2.1         0
   303/499     4.02G     0.901     0.291         0      1.19       167       416     0.243     0.546     0.413     0.336      1.66       2.1         0
   304/499     4.02G     0.893     0.272         0      1.16       274       416     0.235     0.537     0.401     0.327      1.66      2.09         0
   305/499     4.02G     0.926     0.301         0      1.23       247       416     0.238     0.539     0.404      0.33      1.66      2.09         0
   306/499     4.02G     0.909     0.282         0      1.19       247       416      0.24     0.534     0.405     0.331      1.65      2.09         0
   307/499     4.02G     0.902     0.262         0      1.16       197       416     0.248     0.558     0.424     0.343      1.64       2.1         0
   308/499     4.02G     0.874     0.273         0      1.15       250       416     0.244     0.545     0.414     0.337      1.65      2.09         0
   309/499     4.02G     0.904     0.272         0      1.18       201       416     0.245     0.548     0.416     0.338      1.65      2.09         0
   310/499     4.02G     0.881     0.272         0      1.15       222       416     0.247     0.551     0.417     0.341      1.66       2.1         0
   311/499     4.02G     0.864     0.265         0      1.13       208       416     0.244     0.544     0.411     0.337      1.66      2.09         0
   312/499     4.02G     0.859     0.252         0      1.11       306       416     0.244     0.543     0.411     0.336      1.67       2.1         0
   313/499     4.02G     0.874     0.263         0      1.14       209       416     0.251     0.557     0.422     0.346      1.66      2.11         0
   314/499     4.02G     0.843      0.27         0      1.11       241       416     0.251      0.55     0.418     0.345      1.66       2.1         0
   315/499     4.02G     0.905      0.27         0      1.17       169       416     0.253      0.56     0.426     0.348      1.66      2.11         0
   316/499     4.02G     0.855     0.271         0      1.13       227       416     0.249     0.552     0.418     0.343      1.65       2.1         0
   317/499     4.02G     0.876     0.265         0      1.14       251       416     0.248     0.557      0.42     0.343      1.65      2.11         0
   318/499     4.02G     0.868     0.277         0      1.14       236       416     0.244     0.544     0.409     0.337      1.65       2.1         0
   319/499     4.02G     0.842     0.268         0      1.11       204       416     0.241     0.548     0.411     0.334      1.65       2.1         0
   320/499     4.02G     0.834     0.269         0       1.1       233       416     0.242     0.549     0.411     0.335      1.65       2.1         0
   321/499     4.02G     0.874      0.27         0      1.14       229       416     0.241     0.543      0.41     0.334      1.65      2.09         0
   322/499     4.02G     0.856     0.276         0      1.13       170       416     0.245     0.565     0.426     0.342      1.65      2.11         0
   323/499     4.02G     0.841     0.278         0      1.12       192       416     0.241     0.552     0.414     0.336      1.65       2.1         0
   324/499     4.02G     0.869     0.256         0      1.12       226       416     0.245      0.56     0.424     0.341      1.65       2.1         0
   325/499     4.02G     0.848     0.265         0      1.11       256       416     0.245     0.551     0.415     0.339      1.65       2.1         0
   326/499     4.02G     0.876     0.261         0      1.14       205       416     0.242     0.553     0.417     0.336      1.65      2.11         0
   327/499     4.02G     0.874      0.26         0      1.13       254       416     0.244     0.554     0.419     0.338      1.65       2.1         0
   328/499     4.02G     0.827     0.283         0      1.11       215       416      0.24     0.542     0.409     0.333      1.65      2.09         0
   329/499     4.02G     0.891      0.26         0      1.15       203       416     0.247     0.558     0.422     0.342      1.64       2.1         0
   330/499     4.02G     0.856     0.273         0      1.13       228       416      0.24     0.542     0.408     0.333      1.66      2.09         0
   331/499     4.02G      0.87     0.289         0      1.16       233       416     0.241     0.534     0.402     0.332      1.66      2.09         0
   332/499     4.02G     0.786     0.261         0      1.05       251       416     0.245     0.548     0.413     0.339      1.66       2.1         0
   333/499     4.02G     0.837     0.284         0      1.12       152       416     0.237     0.537       0.4     0.329      1.66      2.09         0
   334/499     4.02G     0.809     0.264         0      1.07       163       416     0.244     0.555     0.422     0.339      1.66       2.1         0
   335/499     4.02G     0.807     0.277         0      1.08       177       416     0.243     0.545      0.41     0.336      1.66      2.09         0
   336/499     4.02G     0.831     0.274         0      1.11       186       416     0.241     0.543     0.408     0.334      1.66      2.09         0
   337/499     4.02G     0.841     0.261         0       1.1       275       416     0.244     0.549     0.417     0.338      1.65      2.09         0
   338/499     4.02G      0.87      0.28         0      1.15       211       416     0.243     0.551     0.419     0.337      1.65      2.09         0
   339/499     4.02G      0.79     0.247         0      1.04       188       416     0.249     0.557     0.426     0.344      1.64      2.09         0
   340/499     4.02G     0.771     0.248         0      1.02       212       416     0.249     0.562     0.431     0.345      1.64      2.09         0
   341/499     4.02G     0.794      0.26         0      1.05       171       416     0.248     0.558     0.424     0.343      1.64      2.09         0
   342/499     4.02G     0.768     0.259         0      1.03       235       416     0.247     0.553     0.421     0.342      1.64      2.08         0
   343/499     4.02G     0.802     0.268         0      1.07       368       416     0.246     0.546     0.413     0.339      1.65      2.07         0
   344/499     4.02G     0.812     0.265         0      1.08       227       416     0.246     0.552      0.42      0.34      1.65      2.08         0
   345/499     4.02G     0.799     0.281         0      1.08       278       416     0.247     0.548     0.416      0.34      1.65      2.08         0
   346/499     4.02G     0.806     0.258         0      1.06       271       416     0.246      0.55     0.419      0.34      1.65      2.08         0
   347/499     4.02G     0.791     0.253         0      1.04       185       416     0.252     0.569     0.433     0.349      1.64       2.1         0
   348/499     4.02G     0.832     0.267         0       1.1       249       416     0.249     0.551     0.421     0.343      1.65      2.08         0
   349/499     4.02G     0.822     0.262         0      1.08       230       416     0.253      0.56     0.431     0.348      1.64      2.09         0
   350/499     4.02G     0.812     0.265         0      1.08       204       416     0.252     0.559     0.429     0.348      1.64      2.08         0
   351/499     4.02G      0.81     0.281         0      1.09       210       416     0.248      0.55     0.422     0.341      1.64      2.07         0
   352/499     4.02G     0.779     0.276         0      1.06       219       416     0.244     0.544     0.412     0.337      1.64      2.07         0
   353/499     4.02G     0.804     0.281         0      1.09       233       416     0.241     0.536     0.401     0.333      1.65      2.07         0
   354/499     4.02G     0.838     0.271         0      1.11       216       416     0.243     0.547     0.414     0.336      1.64      2.08         0
   355/499     4.02G     0.765      0.26         0      1.02       216       416     0.249     0.561     0.431     0.345      1.64      2.09         0
   356/499     4.02G     0.764     0.265         0      1.03       266       416     0.246     0.551      0.42      0.34      1.65      2.08         0
   357/499     4.02G     0.825     0.271         0       1.1       213       416     0.247     0.553     0.423     0.342      1.65      2.08         0
   358/499     4.02G      0.82     0.277         0       1.1       168       416     0.251     0.564     0.432     0.347      1.64      2.08         0
   359/499     4.02G     0.784     0.268         0      1.05       163       416     0.251     0.561      0.43     0.347      1.64      2.08         0
   360/499     4.02G     0.792     0.267         0      1.06       193       416     0.253     0.558     0.426     0.349      1.64      2.08         0
   361/499     4.02G     0.818     0.253         0      1.07       181       416     0.256     0.569     0.435     0.353      1.64      2.08         0
   362/499     4.02G     0.772     0.276         0      1.05       207       416     0.252     0.565     0.429     0.349      1.64      2.08         0
   363/499     4.02G     0.809     0.266         0      1.07       196       416     0.251     0.559     0.422     0.347      1.64      2.08         0
   364/499     4.02G     0.767     0.277         0      1.04       191       416     0.253     0.559     0.423     0.348      1.63      2.07         0
   365/499     4.02G     0.786     0.251         0      1.04       213       416     0.253     0.569     0.428      0.35      1.63      2.08         0
   366/499     4.02G     0.833     0.259         0      1.09       208       416     0.249     0.565     0.424     0.345      1.64      2.08         0
   367/499     4.02G     0.755     0.269         0      1.02       223       416      0.25     0.562     0.422     0.346      1.64      2.07         0
   368/499     4.02G     0.765     0.268         0      1.03       221       416     0.246     0.557     0.416     0.341      1.64      2.08         0
   369/499     4.02G     0.797     0.266         0      1.06       282       416      0.25     0.546      0.41     0.343      1.65      2.06         0
   370/499     4.02G       0.8     0.293         0      1.09       271       416     0.247     0.542     0.407      0.34      1.65      2.06         0
   371/499     4.02G     0.777     0.264         0      1.04       217       416     0.247     0.552     0.415     0.341      1.65      2.06         0
   372/499     4.02G     0.776     0.257         0      1.03       202       416     0.247     0.556     0.421     0.342      1.65      2.07         0
   373/499     4.02G     0.794     0.281         0      1.08       177       416     0.241     0.537     0.402     0.333      1.65      2.06         0
   374/499     4.02G     0.812     0.286         0       1.1       203       416     0.245      0.54     0.408     0.337      1.65      2.06         0
   375/499     4.02G     0.788     0.252         0      1.04       162       416     0.251     0.566     0.431     0.347      1.63      2.08         0
   376/499     4.02G     0.799     0.265         0      1.06       194       416     0.248     0.555     0.422     0.343      1.64      2.07         0
   377/499     4.02G     0.781     0.284         0      1.07       213       416     0.247     0.555     0.421     0.342      1.64      2.06         0
   378/499     4.02G      0.77     0.283         0      1.05       264       416     0.246     0.547     0.414      0.34      1.64      2.05         0
   379/499     4.02G     0.776     0.261         0      1.04       185       416     0.251     0.559     0.425     0.346      1.63      2.06         0
   380/499     4.02G     0.753     0.249         0         1       228       416     0.252     0.567     0.432     0.349      1.63      2.07         0
   381/499     4.02G     0.731      0.25         0     0.981       235       416      0.26     0.576     0.444     0.358      1.62      2.07         0
   382/499     4.02G     0.755     0.257         0      1.01       184       416     0.256     0.569     0.435     0.353      1.63      2.07         0
   383/499     4.02G     0.773     0.261         0      1.03       231       416     0.255     0.565     0.433     0.351      1.63      2.06         0
   384/499     4.02G     0.771     0.263         0      1.03       196       416     0.257     0.565     0.434     0.353      1.63      2.06         0
   385/499     4.02G     0.769     0.276         0      1.04       253       416     0.256      0.55     0.422      0.35      1.64      2.05         0
   386/499     4.02G     0.794     0.273         0      1.07       269       416     0.257     0.554     0.426     0.351      1.64      2.05         0
   387/499     4.02G     0.787     0.242         0      1.03       183       416     0.259     0.573     0.442     0.357      1.63      2.07         0
   388/499     4.02G      0.82     0.278         0       1.1       186       416     0.259     0.563     0.434     0.355      1.63      2.06         0
   389/499     4.02G     0.754     0.275         0      1.03       237       416     0.259     0.555     0.426     0.353      1.64      2.05         0
   390/499     4.02G     0.798     0.261         0      1.06       244       416     0.262     0.575     0.445      0.36      1.63      2.06         0
   391/499     4.02G     0.791     0.276         0      1.07       233       416     0.256     0.553     0.424      0.35      1.64      2.05         0
   392/499     4.02G     0.754     0.267         0      1.02       192       416     0.263      0.57      0.44     0.359      1.63      2.05         0
   393/499     4.02G     0.759     0.269         0      1.03       215       416     0.258     0.564     0.432     0.354      1.64      2.05         0
   394/499     4.02G     0.756     0.266         0      1.02       156       416     0.257     0.563      0.43     0.353      1.63      2.05         0
   395/499     4.02G     0.746     0.245         0     0.991       196       416     0.263     0.576     0.443     0.361      1.63      2.05         0
   396/499     4.02G     0.796     0.276         0      1.07       224       416     0.255     0.556     0.421      0.35      1.64      2.04         0
   397/499     4.02G      0.75      0.26         0      1.01       267       416     0.256     0.562     0.429     0.352      1.63      2.05         0
   398/499     4.02G     0.772     0.281         0      1.05       256       416     0.255     0.556     0.422      0.35      1.63      2.04         0
   399/499     4.02G     0.745     0.246         0     0.991       203       416     0.259      0.57     0.436     0.356      1.63      2.05         0
   400/499     4.02G     0.722     0.261         0     0.983       195       416     0.257     0.569     0.433     0.354      1.63      2.06         0
   401/499     4.02G      0.75     0.263         0      1.01       253       416     0.257     0.567     0.431     0.354      1.63      2.05         0
   402/499     4.02G      0.77     0.264         0      1.03       221       416     0.255     0.562     0.427     0.351      1.63      2.05         0
   403/499     4.02G     0.761      0.28         0      1.04       234       416     0.255     0.559     0.426     0.351      1.63      2.05         0
   404/499     4.02G      0.76     0.261         0      1.02       200       416     0.257     0.568     0.432     0.354      1.63      2.05         0
   405/499     4.02G     0.785     0.255         0      1.04       253       416     0.255     0.556     0.423      0.35      1.64      2.05         0
   406/499     4.02G      0.73     0.266         0     0.996       271       416     0.258     0.565     0.431     0.354      1.63      2.05         0
   407/499     4.02G     0.717     0.268         0     0.985       209       416     0.255      0.56     0.425      0.35      1.63      2.05         0
   408/499     4.02G     0.793     0.256         0      1.05       194       416     0.257     0.578     0.438     0.356      1.63      2.06         0
   409/499     4.02G     0.721     0.261         0     0.982       244       416     0.262     0.574     0.441      0.36      1.63      2.05         0
   410/499     4.02G      0.72     0.248         0     0.968       186       416      0.26     0.573     0.439     0.358      1.63      2.05         0
   411/499     4.02G     0.723     0.265         0     0.988       274       416     0.255      0.56     0.426      0.35      1.63      2.05         0
   412/499     4.02G     0.786     0.277         0      1.06       193       416     0.259     0.569     0.433     0.356      1.63      2.05         0
   413/499     4.02G     0.718     0.253         0      0.97       199       416     0.256     0.565     0.431     0.352      1.63      2.05         0
   414/499     4.02G     0.738     0.266         0         1       214       416     0.259     0.567     0.434     0.355      1.63      2.05         0
   415/499     4.02G     0.729     0.248         0     0.977       248       416     0.263     0.577     0.442     0.361      1.63      2.05         0
   416/499     4.02G     0.755     0.266         0      1.02       214       416     0.259     0.568     0.434     0.355      1.63      2.04         0
   417/499     4.02G     0.768     0.273         0      1.04       188       416     0.257     0.563     0.431     0.353      1.64      2.04         0
   418/499     4.02G     0.731     0.255         0     0.986       202       416     0.264     0.575     0.442     0.362      1.63      2.05         0
   419/499     4.02G     0.758      0.27         0      1.03       265       416     0.253     0.555     0.419     0.348      1.64      2.04         0
   420/499     4.02G     0.759     0.249         0      1.01       230       416     0.257     0.569     0.432     0.354      1.63      2.05         0
   421/499     4.02G     0.782     0.263         0      1.04       207       416     0.253     0.558     0.423     0.349      1.64      2.04         0
   422/499     4.02G     0.761     0.255         0      1.02       244       416     0.258     0.565     0.433     0.354      1.63      2.04         0
   423/499     4.02G     0.765     0.265         0      1.03       170       416     0.257     0.563     0.431     0.353      1.64      2.04         0
   424/499     4.02G     0.721     0.268         0     0.989       150       416     0.259     0.567     0.432     0.355      1.63      2.04         0
   425/499     4.02G     0.756     0.267         0      1.02       242       416     0.259      0.56     0.431     0.354      1.64      2.04         0
   426/499     4.02G     0.781     0.285         0      1.07       200       416     0.255     0.554     0.419     0.349      1.64      2.04         0
   427/499     4.02G     0.741     0.277         0      1.02       216       416      0.26      0.57     0.436     0.357      1.63      2.04         0
   428/499     4.02G     0.756     0.275         0      1.03       240       416     0.255     0.555     0.421     0.349      1.64      2.04         0
   429/499     4.02G     0.769      0.27         0      1.04       212       416      0.26     0.564     0.433     0.356      1.63      2.04         0
   430/499     4.02G     0.772     0.259         0      1.03       223       416     0.261     0.566     0.436     0.357      1.63      2.04         0
   431/499     4.02G     0.778     0.277         0      1.05       216       416     0.256     0.557     0.424     0.351      1.64      2.04         0
   432/499     4.02G     0.708     0.254         0     0.962       174       416     0.262     0.568     0.436     0.358      1.63      2.04         0
   433/499     4.02G     0.756     0.265         0      1.02       201       416     0.259     0.566     0.435     0.355      1.63      2.04         0
   434/499     4.02G     0.744     0.267         0      1.01       216       416     0.256     0.565     0.431     0.352      1.63      2.05         0
   435/499     4.02G     0.749     0.262         0      1.01       173       416     0.261     0.569     0.437     0.358      1.63      2.05         0
   436/499     4.02G     0.754     0.251         0         1       235       416     0.265     0.573     0.445     0.363      1.63      2.05         0
   437/499     4.02G     0.733     0.262         0     0.995       214       416     0.258     0.562     0.432     0.354      1.63      2.04         0
   438/499     4.02G     0.706     0.254         0      0.96       189       416     0.262     0.572      0.44     0.359      1.63      2.05         0
   439/499     4.02G     0.762     0.257         0      1.02       219       416     0.261     0.571      0.44     0.359      1.63      2.05         0
   440/499     4.02G     0.738     0.251         0      0.99       233       416     0.261     0.571      0.44     0.358      1.63      2.05         0
   441/499     4.02G     0.739      0.25         0     0.989       198       416     0.262     0.572      0.44     0.359      1.63      2.05         0
   442/499     4.02G     0.754     0.256         0      1.01       209       416     0.263     0.567     0.435     0.359      1.63      2.04         0
   443/499     4.02G     0.763     0.268         0      1.03       230       416     0.258     0.558     0.428     0.353      1.64      2.04         0
   444/499     4.02G     0.756      0.26         0      1.02       211       416     0.262     0.575     0.442      0.36      1.63      2.05         0
   445/499     4.02G     0.738     0.252         0      0.99       297       416     0.265     0.579     0.447     0.364      1.63      2.05         0
   446/499     4.02G      0.77     0.274         0      1.04       201       416     0.257     0.557     0.425     0.351      1.64      2.04         0
   447/499     4.02G     0.738     0.276         0      1.01       213       416     0.256     0.554     0.422      0.35      1.64      2.04         0
   448/499     4.02G     0.755     0.264         0      1.02       192       416     0.262     0.565     0.434     0.358      1.63      2.04         0
   449/499     4.02G     0.763     0.266         0      1.03       259       416     0.263     0.569     0.437      0.36      1.63      2.04         0
   450/499     4.02G     0.754     0.252         0      1.01       189       416     0.262     0.572      0.44     0.359      1.63      2.04         0
   451/499     4.02G     0.749     0.263         0      1.01       145       416     0.263     0.572      0.44      0.36      1.63      2.05         0
   452/499     4.02G     0.755     0.274         0      1.03       207       416     0.258      0.56     0.431     0.353      1.64      2.04         0
   453/499     4.02G     0.725     0.261         0     0.986       179       416     0.262     0.575     0.441      0.36      1.63      2.05         0
   454/499     4.02G     0.727     0.248         0     0.976       221       416     0.264     0.574     0.444     0.362      1.63      2.05         0
   455/499     4.02G     0.718     0.256         0     0.974       215       416     0.266     0.578     0.446     0.364      1.63      2.05         0
   456/499     4.02G     0.749     0.274         0      1.02       241       416     0.264     0.563     0.435      0.36      1.63      2.04         0
   457/499     4.02G     0.752     0.265         0      1.02       224       416     0.261     0.563     0.433     0.356      1.63      2.04         0
   458/499     4.02G     0.761      0.27         0      1.03       204       416     0.267     0.574     0.443     0.364      1.63      2.04         0
   459/499     4.02G     0.741     0.276         0      1.02       279       416     0.265     0.569      0.44     0.362      1.63      2.04         0
   460/499     4.02G     0.744     0.255         0     0.998       184       416     0.261     0.571     0.438     0.358      1.63      2.04         0
   461/499     4.02G     0.769     0.264         0      1.03       273       416     0.264     0.573     0.441     0.362      1.63      2.04         0
   462/499     4.02G     0.721     0.259         0     0.981       192       416     0.259     0.574     0.438     0.357      1.63      2.05         0
   463/499     4.02G     0.738     0.281         0      1.02       273       416     0.262     0.565     0.433     0.358      1.64      2.04         0
   464/499     4.02G     0.732     0.263         0     0.995       202       416     0.261     0.563     0.432     0.356      1.64      2.04         0
   465/499     4.02G     0.745     0.257         0         1       207       416     0.259     0.563      0.43     0.355      1.64      2.04         0
   466/499     4.02G     0.754     0.263         0      1.02       252       416     0.261     0.568     0.434     0.358      1.63      2.04         0
   467/499     4.02G     0.709     0.268         0     0.977       216       416     0.259     0.569     0.433     0.356      1.63      2.05         0
   468/499     4.02G     0.747      0.26         0      1.01       195       416     0.263     0.574     0.442     0.361      1.63      2.04         0
   469/499     4.02G     0.712     0.249         0      0.96       195       416     0.263     0.573     0.441     0.361      1.63      2.04         0
   470/499     4.02G     0.775     0.258         0      1.03       216       416     0.266      0.58      0.45     0.365      1.63      2.05         0
   471/499     4.02G     0.763     0.276         0      1.04       194       416      0.26     0.558     0.427     0.355      1.64      2.03         0
   472/499     4.02G     0.767     0.259         0      1.03       187       416     0.263     0.569     0.436      0.36      1.63      2.04         0
   473/499     4.02G     0.749     0.266         0      1.01       294       416     0.263     0.569     0.438      0.36      1.63      2.04         0
   474/499     4.02G     0.747     0.257         0         1       214       416     0.259     0.564     0.432     0.355      1.64      2.04         0
   475/499     4.02G     0.736      0.26         0     0.996       208       416     0.264     0.574     0.441     0.362      1.63      2.04         0
   476/499     4.02G     0.757     0.268         0      1.03       186       416     0.262     0.569     0.436     0.359      1.63      2.04         0
   477/499     4.02G     0.781     0.267         0      1.05       269       416     0.264     0.571      0.44     0.361      1.63      2.04         0
   478/499     4.02G     0.764     0.258         0      1.02       216       416     0.259     0.566     0.433     0.356      1.64      2.04         0
   479/499     4.02G     0.745     0.268         0      1.01       168       416     0.256     0.559     0.425     0.352      1.64      2.04         0
   480/499     4.02G      0.75      0.27         0      1.02       231       416     0.259     0.565     0.432     0.355      1.64      2.04         0
   481/499     4.02G     0.746     0.271         0      1.02       235       416     0.261     0.557     0.425     0.355      1.64      2.03         0
   482/499     4.02G     0.712     0.261         0     0.972       281       416      0.26     0.561     0.431     0.355      1.64      2.04         0
   483/499     4.02G     0.746     0.265         0      1.01       198       416     0.255     0.563     0.427     0.351      1.64      2.04         0
   484/499     4.02G     0.773     0.267         0      1.04       190       416     0.259     0.571     0.438     0.356      1.63      2.04         0
   485/499     4.02G     0.755     0.282         0      1.04       208       416      0.26     0.565     0.433     0.356      1.63      2.04         0
   486/499     4.02G     0.762     0.253         0      1.02       227       416     0.264     0.574     0.443     0.362      1.63      2.05         0
   487/499     4.02G      0.73     0.251         0     0.981       183       416      0.26     0.572     0.438     0.357      1.63      2.04         0
   488/499     4.02G     0.747     0.265         0      1.01       233       416     0.265     0.566     0.436     0.361      1.63      2.03         0
   489/499     4.02G     0.756      0.28         0      1.04       243       416     0.258     0.558     0.425     0.353      1.64      2.03         0
   490/499     4.02G     0.738     0.275         0      1.01       294       416     0.261     0.561     0.433     0.356      1.64      2.03         0
   491/499     4.02G     0.764     0.252         0      1.02       165       416     0.263     0.572     0.441      0.36      1.63      2.04         0
   492/499     4.02G     0.777     0.272         0      1.05       202       416     0.261     0.564     0.434     0.357      1.64      2.03         0
   493/499     4.02G     0.763     0.268         0      1.03       193       416     0.264     0.568     0.438     0.361      1.63      2.04         0
   494/499     4.02G     0.734     0.268         0         1       271       416     0.259     0.557     0.425     0.353      1.64      2.03         0
   495/499     4.02G     0.745     0.264         0      1.01       206       416     0.262     0.573     0.441      0.36      1.63      2.04         0
   496/499     4.02G     0.746     0.263         0      1.01       190       416     0.258     0.558     0.425     0.353      1.64      2.03         0
   497/499     4.02G     0.755     0.269         0      1.02       245       416     0.261     0.567     0.435     0.357      1.63      2.04         0
   498/499     4.02G     0.751      0.26         0      1.01       162       416     0.261     0.565     0.435     0.357      1.63      2.04         0
   499/499     4.02G     0.733     0.255         0     0.989       263       416     0.206     0.569     0.437     0.302      1.63      2.04         0
