     0/499     3.21G         1      29.4         0      30.5       134       512         0         0         0         0      3.26       nan         0
     1/499     3.22G         1      28.6         0      29.6       138       512    0.0012   0.00733  6.49e-05   0.00206      2.04      28.1         0
     2/499     3.22G     0.997      27.3         0      28.3       148       512   0.00112   0.00713  8.15e-05   0.00193      2.04      26.4         0
     3/499     3.22G      0.99      25.6         0      26.6       109       512   0.00145   0.00931  0.000145   0.00251      2.04        25         0
     4/499     3.22G     0.983      23.6         0      24.6       165       512   0.00102   0.00674  0.000253   0.00177      2.04      22.8         0
     5/499     3.22G     0.967      21.5         0      22.4       160       512  0.000945   0.00614  0.000147   0.00164      2.04      20.4         0
     6/499     3.22G     0.962      19.2         0      20.2       149       512     0.001   0.00634  0.000233   0.00173      2.04        18         0
     7/499     3.22G      1.03        17         0        18       149       320   0.00146   0.00911   0.00167   0.00252      2.03      16.4         0
     8/499     3.22G      1.07      14.8         0      15.8       142       320   0.00142   0.00852     0.005   0.00243      2.03        14         0
     9/499     3.22G      1.06      12.7         0      13.8       174       320   0.00215    0.0129   0.00253   0.00369      2.03      11.9         0
    10/499     3.22G      1.05      10.8         0      11.9       141       448   0.00353    0.0216   0.00124   0.00607      2.03      9.96         0
    11/499     3.22G     0.931      9.04         0      9.97        71       448   0.00423     0.026   0.00191   0.00727      2.03       8.8         0
    12/499     3.22G     0.923      7.48         0       8.4       139       448   0.00659    0.0418  0.000724    0.0114      2.03      7.26         0
    13/499     3.22G      0.91      6.15         0      7.06        75       448   0.00762    0.0515  0.000461    0.0133      2.03      5.97         0
    14/499     4.45G      1.08      5.03         0       6.1       135       576   0.00429    0.0301  0.000157   0.00751      2.03      4.91         0
    15/499     4.45G      1.45      4.09         0      5.53       189       576         0         0         0         0      2.03      4.33         0
    16/499     4.45G      1.49       3.3         0      4.79       115       576         0         0         0         0      2.02      3.61         0
    17/499     4.45G      1.32       2.7         0      4.02       123       576         0         0         0         0      2.01      3.07         0
    18/499     4.45G      1.05      2.21         0      3.26       168       544         0         0         0         0      1.99      2.66         0
    19/499     4.45G     0.921      1.84         0      2.76       189       544         0         0         0         0      1.98      2.46         0
    20/499     4.45G     0.893      1.54         0      2.43       120       544         0         0         0         0      1.96      2.23         0
    21/499     4.45G     0.913      1.32         0      2.23       103       512         0         0         0         0      1.94      2.07         0
    22/499     4.45G     0.845      1.17         0      2.02       167       512         0         0         0         0      1.93      1.96         0
    23/499     4.45G     0.834      1.04         0      1.88        96       512         0         0         0         0      1.92      1.91         0
    24/499     4.45G     0.835      0.93         0      1.76        84       512         0         0         0         0      1.91      1.86         0
    25/499     4.45G     0.861     0.872         0      1.73       125       448         0         0         0         0       1.9      1.83         0
    26/499     4.45G     0.888     0.784         0      1.67       166       448         0         0         0         0      1.89      1.82         0
    27/499     4.45G     0.878     0.762         0      1.64       105       448         0         0         0         0      1.89      1.82         0
    28/499     4.45G     0.878     0.737         0      1.61       159       448         0         0         0         0      1.89      1.82         0
    29/499     4.45G     0.928      0.63         0      1.56       100       544         0         0         0         0      1.89      1.83         0
    30/499     4.45G     0.895      0.64         0      1.54       143       544         0         0         0         0      1.89      1.84         0
    31/499     4.45G     0.923     0.612         0      1.53       132       544         0         0         0         0      1.89      1.85         0
    32/499     4.45G     0.902     0.588         0      1.49       132       480         0         0         0         0      1.88      1.86         0
    33/499     4.45G     0.832     0.554         0      1.39       140       480         0         0         0         0      1.88      1.88         0
    34/499     4.45G     0.822     0.533         0      1.35       128       480         0         0         0         0      1.89      1.89         0
    35/499     4.45G     0.821     0.565         0      1.39       189       480         0         0         0         0      1.88      1.91         0
    36/499     5.21G      1.29     0.515         0      1.81       140       608         0         0         0         0      1.88      1.92         0
    37/499     5.21G      1.62     0.495         0      2.11       124       608         0         0         0         0      1.89      1.94         0
    38/499     5.21G      1.55     0.467         0      2.02       154       608         0         0         0         0      1.89      1.96         0
    39/499     5.21G      1.47     0.444         0      1.91       142       608         0         0         0         0       1.9      1.97         0
    40/499     5.21G     0.908     0.527         0      1.44       166       416         0         0         0         0      1.92      1.99         0
    41/499     5.21G     0.911      0.49         0       1.4       114       416         0         0         0         0      1.95      2.01         0
    42/499     5.21G     0.911     0.497         0      1.41       169       416         0         0         0         0      1.98      2.02         0
    43/499     5.21G     0.962     0.459         0      1.42       161       576         0         0         0         0         2      2.03         0
    44/499     5.21G      1.14     0.458         0       1.6        87       576         0         0         0         0      2.01      2.04         0
    45/499     5.21G      1.28     0.436         0      1.72       141       576         0         0         0         0      2.02      2.06         0
    46/499     5.21G      1.21     0.415         0      1.63       170       576         0         0         0         0      2.03      2.06         0
    47/499     5.21G     0.996     0.446         0      1.44       171       384         0         0         0         0      2.02      2.07         0
    48/499     5.21G      0.96     0.421         0      1.38        78       384     0.333  0.000594    0.0025   0.00119      2.03      2.08         0
    49/499     5.21G     0.958     0.443         0       1.4       192       384      0.25  0.000198   0.00125  0.000396      2.03      2.08         0
    50/499     5.21G     0.941     0.457         0       1.4       153       448    0.0625  0.000198   0.00125  0.000395      2.03      2.09         0
    51/499     5.21G     0.843     0.443         0      1.29       180       448    0.0556  0.000198   0.00125  0.000395      2.03      2.09         0
    52/499     5.21G     0.839     0.405         0      1.24       130       448    0.0103  0.000198   0.00125  0.000389      2.04       2.1         0
    53/499     5.21G     0.844     0.417         0      1.26       144       448   0.00578  0.000198  0.000833  0.000383      2.05       2.1         0
    54/499     5.21G     0.883     0.407         0      1.29       150       384         0         0         0         0      2.06      2.11         0
    55/499     5.21G     0.931     0.449         0      1.38       171       384         0         0         0         0      2.07      2.11         0
    56/499     5.21G     0.924     0.388         0      1.31       153       384   0.00186  0.000396  2.25e-05  0.000653      2.08      2.11         0
    57/499     5.21G     0.927     0.376         0       1.3       113       384   0.00187  0.000594   2.2e-05  0.000902       2.1      2.12         0
    58/499     5.21G     0.978     0.414         0      1.39       136       352   0.00139  0.000396  1.83e-05  0.000617       2.1      2.12         0
    59/499     5.21G     0.976      0.41         0      1.39       113       352   0.00165  0.000792  1.85e-05   0.00107      2.11      2.12         0
    60/499     5.21G     0.978       0.4         0      1.38       152       352  0.000745  0.000396  1.66e-05  0.000517      2.12      2.13         0
    61/499     5.21G      1.14     0.391         0      1.53       116       608  0.000817  0.000792  4.35e-06  0.000805      2.13      2.13         0
    62/499     5.21G      1.64      0.34         0      1.98        91       608  0.000537  0.000792  4.25e-06   0.00064      2.12      2.13         0
    63/499     5.21G      1.69     0.341         0      2.03       131       608  0.000856   0.00119  6.39e-06  0.000995       2.1      2.13         0
    64/499     5.21G      1.71     0.348         0      2.06       119       608   0.00114   0.00198  2.28e-05   0.00145      2.06      2.12         0
    65/499     5.21G      1.19     0.373         0      1.57       143       448   0.00215   0.00218  2.15e-05   0.00217      2.01      2.12         0
    66/499     5.21G     0.844     0.341         0      1.18        82       448   0.00194   0.00277  2.59e-05   0.00229      1.98      2.11         0
    67/499     5.21G     0.842      0.33         0      1.17       135       448     0.003   0.00475  2.79e-05   0.00368      1.96      2.11         0
    68/499     5.21G     0.842     0.362         0       1.2        89       448   0.00339   0.00594    0.0005   0.00432      1.93       2.1         0
    69/499     5.21G      1.12     0.311         0      1.43       127       576   0.00666    0.0178  0.000741    0.0097      1.92       2.1         0
    70/499     5.21G      1.32     0.326         0      1.64       170       576    0.0105     0.026   0.00147    0.0149       1.9       2.1         0
    71/499     5.21G      1.09     0.315         0       1.4       126       576    0.0172    0.0477    0.0046    0.0253       1.9       2.1         0
    72/499     5.21G      1.24       0.3         0      1.54       148       608    0.0258    0.0725    0.0137     0.038      1.88       2.1         0
    73/499     5.21G      1.48     0.287         0      1.76       111       608    0.0363     0.109    0.0285    0.0545      1.88       2.1         0
    74/499     5.21G      1.43     0.277         0       1.7       120       608    0.0485     0.162    0.0596    0.0746      1.87       2.1         0
    75/499     5.21G      1.51     0.297         0      1.81       117       608    0.0526     0.167    0.0623      0.08      1.86       2.1         0
    76/499     5.21G       1.2     0.329         0      1.53       140       384    0.0599     0.173    0.0637     0.089      1.86      2.09         0
    77/499     5.21G     0.993      0.33         0      1.32       206       384     0.052     0.191    0.0712    0.0817      1.86      2.09         0
    78/499     5.21G      0.99     0.312         0       1.3        98       384    0.0437     0.195    0.0685    0.0714      1.86       2.1         0
    79/499     5.21G     0.982     0.303         0      1.29       153       384    0.0362     0.164    0.0504    0.0593      1.87       2.1         0
    80/499     5.21G     0.859     0.295         0      1.15        77       448    0.0266     0.127    0.0298     0.044      1.88      2.11         0
    81/499     5.21G     0.853     0.297         0      1.15       116       448    0.0189     0.087    0.0119     0.031       1.9      2.11         0
    82/499     5.21G     0.853     0.297         0      1.15        84       448    0.0158    0.0719   0.00749    0.0259      1.92      2.11         0
    83/499     5.21G       0.9     0.295         0      1.19        96       352    0.0137     0.058   0.00372    0.0222      1.93       2.1         0
    84/499     5.21G     0.992     0.318         0      1.31       131       352    0.0159    0.0656   0.00145    0.0256      1.95       2.1         0
    85/499     5.21G     0.982     0.295         0      1.28       114       352    0.0204    0.0971   0.00205    0.0337      1.98      2.11         0
    86/499     5.21G     0.969     0.305         0      1.27       136       352    0.0234     0.112   0.00269    0.0387      1.99      2.11         0
    87/499     5.21G     0.968     0.285         0      1.25       138       352    0.0219     0.109    0.0023    0.0365      2.01      2.11         0
    88/499     5.21G      0.96      0.28         0      1.24       147       352    0.0204     0.102   0.00214     0.034      2.03      2.11         0
    89/499     5.21G     0.955     0.283         0      1.24       125       352    0.0178    0.0824   0.00151    0.0293      2.04      2.11         0
    90/499     5.21G     0.946      0.28         0      1.23       134       480    0.0167    0.0753   0.00125    0.0274      2.05      2.11         0
    91/499     5.21G     0.862     0.267         0      1.13       109       480    0.0169    0.0773   0.00127    0.0277      2.06      2.12         0
    92/499     5.21G     0.865     0.259         0      1.12       138       480    0.0161     0.063   0.00105    0.0256      2.07      2.12         0
    93/499     5.21G     0.851     0.257         0      1.11       159       480    0.0156    0.0616   0.00101    0.0249      2.08      2.12         0
    94/499     5.21G     0.872     0.239         0      1.11       119       544    0.0116    0.0481  0.000523    0.0187      2.08      2.13         0
    95/499     5.21G     0.925     0.237         0      1.16        90       544   0.00613    0.0263  0.000157   0.00994      2.08      2.13         0
    96/499     5.21G     0.893     0.236         0      1.13        86       544   0.00273    0.0123  0.000115   0.00446      2.06      2.14         0
    97/499     5.21G     0.886     0.232         0      1.12       126       544   0.00643    0.0295   0.00141    0.0106      2.03      2.14         0
    98/499     5.21G      1.03     0.244         0      1.28       195       576    0.0146     0.067   0.00947     0.024         2      2.14         0
    99/499     5.21G      1.05     0.228         0      1.28       105       576    0.0244     0.114    0.0324    0.0402      1.99      2.15         0
   100/499     5.21G      1.04     0.234         0      1.27       218       576    0.0254     0.115    0.0331    0.0416      1.98      2.14         0
   101/499     5.21G      1.02     0.241         0      1.26       157       352    0.0239    0.0864    0.0219    0.0374      1.97      2.13         0
   102/499     5.21G      1.04     0.233         0      1.27       125       352    0.0251    0.0852    0.0218    0.0387      1.97      2.12         0
   103/499     5.21G      1.03     0.262         0      1.29        98       352    0.0235    0.0755    0.0189    0.0359      1.96      2.12         0
   104/499     5.21G      1.03     0.244         0      1.27       141       352    0.0241    0.0832    0.0208    0.0373      1.96      2.12         0
   105/499     5.21G     0.901     0.234         0      1.14       110       480     0.024     0.103    0.0284    0.0389      1.96      2.13         0
   106/499     5.21G     0.799      0.23         0      1.03       152       480    0.0227     0.103    0.0276    0.0372      1.97      2.14         0
   107/499     5.21G     0.785     0.247         0      1.03       128       480    0.0214    0.0937    0.0233    0.0348      1.96      2.14         0
   108/499     5.21G     0.786     0.247         0      1.03       144       480    0.0203    0.0919    0.0212    0.0333      1.96      2.14         0
   109/499     5.21G     0.763     0.229         0     0.993       148       512    0.0194    0.0895    0.0195    0.0319      1.97      2.14         0
   110/499     5.21G     0.756     0.228         0     0.984       116       512    0.0185    0.0862    0.0172    0.0305      1.97      2.14         0
   111/499     5.21G      0.75     0.232         0     0.982       130       512    0.0176    0.0816    0.0153    0.0289      1.97      2.14         0
   112/499     5.21G     0.755      0.24         0     0.995       105       480    0.0157    0.0705    0.0121    0.0257      1.97      2.14         0
   113/499     5.21G     0.773     0.227         0         1       180       480    0.0143    0.0632    0.0101    0.0234      1.97      2.14         0
   114/499     5.21G     0.772     0.238         0      1.01       130       480    0.0131    0.0569   0.00862    0.0212      1.97      2.13         0
   115/499     5.21G      0.77     0.228         0     0.998       197       480    0.0124    0.0557   0.00762    0.0203      1.98      2.14         0
   116/499     5.21G       1.2     0.221         0      1.42       169       608     0.013     0.065   0.00963    0.0217      1.98      2.16         0
   117/499     5.21G      1.44     0.249         0      1.69       138       608    0.0115    0.0545   0.00679     0.019      1.98      2.15         0
   118/499     5.21G      1.47      0.24         0      1.71       161       608    0.0121     0.058   0.00743      0.02      1.98      2.15         0
   119/499     5.21G      1.42     0.235         0      1.66       111       608    0.0121    0.0588   0.00756    0.0201      1.98      2.16         0
   120/499     5.21G     0.845     0.231         0      1.08       106       416    0.0118    0.0487   0.00528     0.019      1.97      2.13         0
   121/499     5.21G     0.848     0.217         0      1.06       160       416    0.0116    0.0479   0.00532    0.0187      1.97      2.13         0
   122/499     5.21G     0.835     0.243         0      1.08        98       416    0.0115    0.0469   0.00439    0.0184      1.97      2.13         0
   123/499     5.21G     0.968     0.224         0      1.19        92       576    0.0116    0.0557    0.0058    0.0192      1.98      2.15         0
   124/499     5.21G      1.12     0.215         0      1.33       131       576    0.0114    0.0559   0.00593     0.019      1.98      2.16         0
   125/499     5.21G      1.04     0.222         0      1.26        74       576    0.0118    0.0588   0.00598    0.0197      1.98      2.16         0
   126/499     5.21G      1.17     0.215         0      1.38        87       576     0.012      0.06   0.00606      0.02      1.98      2.16         0
   127/499     5.21G     0.825     0.237         0      1.06       121       544    0.0111    0.0509    0.0048    0.0182      1.97      2.14         0
   128/499     5.21G     0.805     0.231         0      1.04        96       544    0.0122    0.0586   0.00591    0.0202      1.97      2.15         0
   129/499     5.21G      0.79      0.23         0      1.02       142       544    0.0128    0.0604   0.00707    0.0212      1.97      2.15         0
   130/499     5.21G     0.824     0.229         0      1.05        95       544    0.0136    0.0644   0.00753    0.0225      1.97      2.15         0
   131/499     5.21G     0.876     0.237         0      1.11        87       544    0.0135    0.0624   0.00737    0.0222      1.96      2.14         0
   132/499     5.21G      0.83     0.239         0      1.07       123       544    0.0144     0.067   0.00869    0.0236      1.96      2.14         0
   133/499     5.21G      0.74     0.221         0     0.961       180       544     0.015    0.0699    0.0103    0.0247      1.96      2.14         0
   134/499     5.21G     0.932     0.217         0      1.15       161       576    0.0173    0.0818    0.0138    0.0286      1.96      2.15         0
   135/499     5.21G     0.983     0.221         0       1.2       139       576    0.0179    0.0844    0.0145    0.0295      1.96      2.15         0
   136/499     5.21G      1.06     0.215         0      1.27       111       576    0.0201    0.0992    0.0192    0.0335      1.96      2.16         0
   137/499     5.21G      1.01     0.216         0      1.23       136       576    0.0209    0.0983    0.0191    0.0345      1.95      2.15         0
   138/499     5.21G     0.854     0.225         0      1.08       119       448    0.0214    0.0911    0.0177    0.0347      1.94      2.13         0
   139/499     5.21G     0.792     0.232         0      1.02       167       448    0.0211     0.087    0.0163     0.034      1.94      2.12         0
   140/499     5.21G     0.785     0.235         0      1.02        80       448    0.0216    0.0907    0.0179    0.0349      1.94      2.12         0
   141/499     5.21G      0.83     0.234         0      1.06       112       320    0.0232    0.0921    0.0184     0.037      1.93      2.11         0
   142/499     5.21G      1.06     0.284         0      1.34       138       320    0.0223    0.0854    0.0165    0.0354      1.93      2.11         0
   143/499     5.21G      1.05     0.283         0      1.34       131       320    0.0212     0.082    0.0151    0.0337      1.93      2.11         0
   144/499     5.21G      1.05     0.298         0      1.35       147       320    0.0193    0.0747    0.0129    0.0306      1.93      2.11         0
   145/499     5.21G      1.11     0.247         0      1.35        73       576    0.0172    0.0866    0.0151    0.0288      1.94      2.16         0
   146/499     5.21G     0.962     0.229         0      1.19       105       576    0.0156     0.079     0.013     0.026      1.94      2.16         0
   147/499     5.21G     0.997     0.202         0       1.2       137       576    0.0158    0.0826    0.0135    0.0265      1.94      2.17         0
   148/499     5.21G      1.02     0.231         0      1.26       126       576    0.0151    0.0781    0.0124    0.0253      1.93      2.16         0
   149/499     5.21G      1.01     0.277         0      1.28       128       320    0.0149    0.0616   0.00791     0.024      1.92      2.11         0
   150/499     5.21G      1.04     0.284         0      1.32       128       320     0.013    0.0549   0.00608    0.0211      1.92      2.11         0
   151/499     5.21G      1.03     0.272         0       1.3       135       320    0.0138    0.0598   0.00707    0.0225      1.92      2.12         0
   152/499     5.21G      1.01     0.263         0      1.27       124       352    0.0121    0.0535   0.00454    0.0198      1.92      2.12         0
   153/499     5.21G     0.947     0.251         0       1.2       103       352     0.011    0.0477   0.00248    0.0179      1.92      2.12         0
   154/499     5.21G     0.947     0.237         0      1.18       173       352    0.0116    0.0525    0.0024     0.019      1.92      2.12         0
   155/499     5.21G     0.936     0.236         0      1.17       101       352    0.0117    0.0525   0.00194    0.0191      1.92      2.12         0
   156/499     5.21G     0.795     0.224         0      1.02       136       512    0.0103    0.0539   0.00175    0.0173      1.92      2.16         0
   157/499     5.21G     0.714     0.223         0     0.936       113       512    0.0104    0.0553   0.00173    0.0175      1.92      2.16         0
   158/499     5.21G     0.718     0.227         0     0.946       196       512    0.0104    0.0535   0.00145    0.0174      1.92      2.15         0
   159/499     5.21G     0.723     0.228         0     0.952       100       512    0.0105    0.0541   0.00156    0.0176      1.92      2.15         0
   160/499     5.21G     0.999     0.252         0      1.25        92       320     0.017    0.0727   0.00187    0.0275      1.92      2.12         0
   161/499     5.21G     0.994     0.272         0      1.27       161       320    0.0182    0.0735   0.00191    0.0292      1.92      2.11         0
   162/499     5.21G     0.999      0.25         0      1.25       112       320    0.0188    0.0798   0.00218    0.0304      1.92      2.12         0
   163/499     5.21G      1.14     0.256         0       1.4       114       608    0.0136    0.0693   0.00163    0.0228      1.93      2.16         0
   164/499     5.21G      1.53     0.221         0      1.75       177       608    0.0121    0.0646   0.00164    0.0204      1.93      2.17         0
   165/499     5.21G      1.51     0.225         0      1.73       176       608    0.0122     0.066   0.00164    0.0206      1.93      2.18         0
   166/499     5.21G       1.5     0.241         0      1.74       130       608    0.0128    0.0668   0.00177    0.0214      1.93      2.17         0
   167/499     5.21G     0.963     0.239         0       1.2       190       544    0.0163    0.0784   0.00198    0.0271      1.92      2.15         0
   168/499     5.21G     0.796     0.233         0      1.03       158       544     0.015    0.0735   0.00205    0.0249      1.92      2.15         0
   169/499     5.21G     0.789      0.22         0      1.01       144       544    0.0144    0.0685   0.00184    0.0239      1.92      2.15         0
   170/499     5.21G     0.775     0.219         0     0.995       116       480    0.0143    0.0664   0.00209    0.0235      1.92      2.14         0
   171/499     5.21G     0.725     0.223         0     0.948       171       480    0.0159    0.0676   0.00202    0.0257      1.91      2.13         0
   172/499     5.21G     0.725     0.217         0     0.942       122       480    0.0134    0.0584   0.00236    0.0218      1.91      2.14         0
   173/499     5.21G     0.718      0.21         0     0.928       162       480    0.0135    0.0569   0.00256    0.0219      1.91      2.13         0
   174/499     5.21G     0.757     0.214         0     0.971       112       416    0.0143    0.0573   0.00363    0.0228      1.91      2.13         0
   175/499     5.21G      0.79     0.224         0      1.01       138       416    0.0131    0.0487   0.00252    0.0206      1.91      2.12         0
   176/499     5.21G     0.793     0.236         0      1.03       106       416    0.0131    0.0491   0.00301    0.0207      1.91      2.12         0
   177/499     5.21G     0.789     0.221         0      1.01       147       416    0.0135    0.0527   0.00409    0.0215      1.91      2.12         0
   178/499     5.21G     0.726     0.228         0     0.954       127       480    0.0127    0.0513   0.00373    0.0204      1.91      2.13         0
   179/499     5.21G     0.711     0.213         0     0.925        99       480    0.0126    0.0535   0.00419    0.0204      1.91      2.13         0
   180/499     5.21G     0.702     0.218         0      0.92       116       480    0.0127    0.0535   0.00413    0.0206      1.91      2.13         0
   181/499     5.21G      0.74     0.203         0     0.943       119       352    0.0132    0.0517   0.00422     0.021      1.91      2.12         0
   182/499     5.21G     0.929     0.245         0      1.17       119       352    0.0132    0.0503    0.0038    0.0209      1.91      2.12         0
   183/499     5.21G     0.933     0.242         0      1.18       107       352    0.0117    0.0444   0.00276    0.0185      1.91      2.12         0
   184/499     5.21G     0.928     0.219         0      1.15       151       352    0.0118    0.0483   0.00292    0.0189      1.92      2.12         0
   185/499     5.21G     0.847     0.214         0      1.06       126       416    0.0101     0.044   0.00245    0.0164      1.92      2.13         0
   186/499     5.21G     0.771     0.223         0     0.994       158       416   0.00836    0.0366   0.00199    0.0136      1.92      2.13         0
   187/499     5.21G      0.78     0.219         0         1       138       416   0.00779    0.0343   0.00183    0.0127      1.93      2.13         0
   188/499     5.21G     0.772     0.207         0     0.979       175       416   0.00768    0.0353   0.00183    0.0126      1.93      2.14         0
   189/499     5.21G      1.36     0.229         0      1.59       125       608   0.00612    0.0307   0.00154    0.0102      1.94      2.16         0
   190/499     5.21G      1.42     0.211         0      1.63        97       608   0.00717    0.0374   0.00171     0.012      1.95      2.18         0
   191/499     5.21G      1.49     0.221         0      1.71       116       608   0.00627    0.0319    0.0016    0.0105      1.94      2.17         0
   192/499     5.21G      1.16     0.243         0       1.4       127       416   0.00829    0.0372   0.00178    0.0136      1.93      2.14         0
   193/499     5.21G     0.769     0.212         0      0.98       179       416   0.00906    0.0408   0.00207    0.0148      1.92      2.14         0
   194/499     5.21G     0.778     0.219         0     0.996       222       416   0.00941     0.041   0.00203    0.0153      1.92      2.13         0
   195/499     5.21G      0.77     0.221         0     0.991       130       416   0.00917    0.0396   0.00194    0.0149      1.92      2.13         0
   196/499     5.21G     0.771      0.23         0         1       136       416   0.00976    0.0424   0.00208    0.0159      1.92      2.13         0
   197/499     5.21G     0.772     0.212         0     0.983       117       416   0.00941    0.0428   0.00225    0.0154      1.92      2.14         0
   198/499     5.21G      0.76     0.216         0     0.977        96       416   0.00978     0.043   0.00197    0.0159      1.92      2.13         0
   199/499     5.21G     0.767     0.218         0     0.985       155       416   0.00975     0.042   0.00179    0.0158      1.92      2.13         0
   200/499     5.21G     0.827     0.211         0      1.04       122       384   0.00995     0.042    0.0018    0.0161      1.91      2.13         0
   201/499     5.21G     0.818     0.212         0      1.03        81       384   0.00958    0.0418    0.0018    0.0156      1.92      2.13         0
   202/499     5.21G     0.819     0.227         0      1.05       189       384   0.00907    0.0372   0.00142    0.0146      1.92      2.13         0
   203/499     5.21G     0.951     0.218         0      1.17        96       576   0.00803     0.039   0.00152    0.0133      1.93      2.16         0
   204/499     5.21G       1.2     0.225         0      1.42       141       576   0.00772    0.0386   0.00149    0.0129      1.93      2.17         0
   205/499     5.21G      1.07     0.225         0      1.29       139       576   0.00772    0.0382   0.00141    0.0128      1.93      2.16         0
   206/499     5.21G      1.13     0.219         0      1.35       154       576   0.00826    0.0402   0.00154    0.0137      1.93      2.16         0
   207/499     5.21G     0.922     0.205         0      1.13       156       544   0.00853    0.0418   0.00172    0.0142      1.92      2.16         0
   208/499     5.21G      0.81      0.22         0      1.03       105       544     0.009    0.0436   0.00197    0.0149      1.92      2.16         0
   209/499     5.21G     0.801     0.215         0      1.02       117       544    0.0107    0.0515   0.00364    0.0177      1.91      2.16         0
   210/499     5.21G     0.777     0.217         0     0.994       122       352    0.0121    0.0559   0.00434    0.0199       1.9      2.15         0
   211/499     5.21G     0.898     0.232         0      1.13       127       352    0.0139    0.0541   0.00554    0.0221      1.89      2.13         0
   212/499     5.21G     0.896     0.228         0      1.12       105       352    0.0152    0.0604   0.00839    0.0243      1.89      2.13         0
   213/499     5.21G     0.906     0.236         0      1.14       139       352     0.014    0.0529   0.00584    0.0222      1.89      2.13         0
   214/499     5.21G     0.904     0.243         0      1.15       138       352     0.014    0.0505   0.00525     0.022      1.89      2.12         0
   215/499     5.21G     0.904     0.214         0      1.12       100       352    0.0154    0.0636   0.00899    0.0248      1.89      2.13         0
   216/499     5.21G     0.907     0.226         0      1.13       167       352    0.0139    0.0565   0.00602    0.0224      1.89      2.13         0
   217/499     5.21G     0.894     0.228         0      1.12       127       352    0.0133    0.0535   0.00424    0.0213      1.89      2.13         0
   218/499     5.21G     0.714     0.227         0      0.94       147       480    0.0113    0.0499   0.00237    0.0184      1.89      2.14         0
   219/499     5.21G      0.68     0.212         0     0.893       100       480     0.011    0.0509   0.00199    0.0181      1.89      2.15         0
   220/499     5.21G      0.68     0.217         0     0.898       113       480    0.0115    0.0543   0.00207    0.0189      1.89      2.15         0
   221/499     5.21G     0.752     0.215         0     0.967       174       576    0.0111    0.0547   0.00188    0.0185       1.9      2.16         0
   222/499     5.21G      1.04     0.213         0      1.25        78       576    0.0101    0.0529   0.00216    0.0169       1.9      2.18         0
   223/499     5.21G      1.05     0.222         0      1.27       148       576    0.0106    0.0523   0.00201    0.0176       1.9      2.17         0
   224/499     5.21G      1.13     0.209         0      1.34       121       576    0.0112    0.0553   0.00239    0.0186       1.9      2.17         0
   225/499     5.21G     0.883      0.21         0      1.09       168       544    0.0125    0.0582   0.00309    0.0206      1.89      2.16         0
   226/499     5.21G     0.755     0.215         0      0.97       140       544    0.0131     0.059    0.0037    0.0214      1.89      2.15         0
   227/499     5.21G     0.731     0.222         0     0.954       208       544    0.0128    0.0563   0.00393    0.0208      1.89      2.15         0
   228/499     5.21G      0.69     0.202         0     0.892        90       544    0.0178     0.083    0.0142    0.0293      1.89      2.16         0
   229/499     5.21G     0.872     0.221         0      1.09       191       352    0.0211    0.0719    0.0143    0.0327      1.87      2.13         0
   230/499     5.21G     0.902     0.229         0      1.13       130       352    0.0217    0.0741    0.0153    0.0335      1.87      2.13         0
   231/499     5.21G     0.901     0.218         0      1.12       130       352    0.0214    0.0711    0.0138    0.0329      1.87      2.13         0
   232/499     5.21G     0.851     0.211         0      1.06       109       448    0.0207    0.0808    0.0179     0.033      1.87      2.14         0
   233/499     5.21G     0.705     0.197         0     0.901       118       448    0.0184    0.0767    0.0149    0.0297      1.87      2.14         0
   234/499     5.21G     0.703     0.213         0     0.916       173       448    0.0178    0.0725    0.0131    0.0286      1.88      2.14         0
   235/499     5.21G     0.702     0.207         0     0.909        88       448    0.0181    0.0775    0.0151    0.0293      1.88      2.14         0
   236/499     5.21G     0.951     0.217         0      1.17        86       576     0.016    0.0757    0.0109    0.0264      1.89      2.16         0
   237/499     5.21G      1.05      0.22         0      1.28       134       576    0.0145    0.0679   0.00871    0.0239      1.89      2.16         0
   238/499     5.21G      1.07     0.212         0      1.28       114       576    0.0155    0.0741     0.011    0.0257      1.89      2.17         0
   239/499     5.21G      1.07     0.222         0      1.29       141       576    0.0151    0.0699      0.01    0.0248      1.89      2.16         0
   240/499     5.21G      0.69     0.202         0     0.893       147       448    0.0186     0.083    0.0174    0.0304      1.88      2.15         0
   241/499     5.21G      0.69     0.198         0     0.888        96       448    0.0195    0.0895    0.0215    0.0321      1.88      2.15         0
   242/499     5.21G     0.686     0.203         0     0.889       122       448    0.0189    0.0834    0.0189    0.0308      1.88      2.15         0
   243/499     5.21G     0.762     0.201         0     0.962       163       352    0.0217    0.0872    0.0207    0.0347      1.87      2.13         0
   244/499     5.21G      0.89     0.217         0      1.11       100       352    0.0232    0.0961    0.0243    0.0374      1.87      2.13         0
   245/499     5.21G     0.888      0.23         0      1.12       124       352    0.0205    0.0818    0.0165    0.0328      1.88      2.13         0
   246/499     5.21G     0.891     0.231         0      1.12       137       352    0.0178    0.0697    0.0118    0.0283      1.88      2.13         0
   247/499     5.21G      0.93     0.208         0      1.14       161       576    0.0139    0.0685   0.00745    0.0231      1.89      2.17         0
   248/499     5.21G      1.05     0.202         0      1.25       179       576    0.0128    0.0636   0.00613    0.0212       1.9      2.18         0
   249/499     5.21G      1.05     0.205         0      1.26       126       576    0.0132     0.066   0.00631     0.022      1.89      2.18         0
   250/499     5.21G     0.937     0.199         0      1.14       109       480    0.0155    0.0773    0.0107    0.0258      1.89      2.18         0
   251/499     5.21G     0.648     0.195         0     0.842       104       480    0.0167    0.0788    0.0134    0.0276      1.88      2.16         0
   252/499     5.21G     0.652     0.211         0     0.863       163       480    0.0166    0.0763    0.0134    0.0273      1.88      2.15         0
   253/499     5.21G     0.648     0.204         0     0.852       130       480    0.0185    0.0852    0.0176    0.0304      1.87      2.16         0
   254/499     5.21G      0.86     0.209         0      1.07       137       576    0.0178     0.084    0.0156    0.0294      1.88      2.16         0
   255/499     5.21G      1.08     0.214         0      1.29       142       576    0.0186    0.0882     0.018    0.0307      1.88      2.17         0
   256/499     5.21G      1.02     0.207         0      1.22       116       576    0.0218     0.105    0.0278    0.0361      1.87      2.17         0
   257/499     5.21G     0.971     0.208         0      1.18       150       576    0.0248     0.119    0.0353    0.0411      1.87      2.17         0
   258/499     5.21G     0.766     0.194         0      0.96       114       416     0.031      0.13    0.0463      0.05      1.86      2.14         0
   259/499     5.21G     0.739     0.206         0     0.945       148       416    0.0309     0.125    0.0438    0.0495      1.86      2.14         0
   260/499     5.21G     0.744     0.212         0     0.955       145       416     0.029      0.11    0.0383    0.0459      1.86      2.14         0
   261/499     5.21G     0.851     0.198         0      1.05       186       608    0.0287     0.122    0.0414    0.0464      1.86      2.15         0
   262/499     5.21G      1.25     0.214         0      1.47       126       608    0.0279     0.126    0.0413    0.0457      1.87      2.17         0
   263/499     5.21G      1.31     0.238         0      1.55       166       608    0.0271     0.119    0.0389    0.0442      1.87      2.16         0
   264/499     5.21G      1.28     0.219         0       1.5       170       608    0.0309     0.139    0.0515    0.0506      1.86      2.17         0
   265/499     5.21G      1.19      0.22         0      1.41       150       576    0.0368     0.171    0.0782    0.0605      1.85      2.17         0
   266/499     5.21G      1.01     0.212         0      1.22       152       576    0.0372     0.166    0.0764    0.0608      1.85      2.16         0
   267/499     5.21G     0.977     0.199         0      1.18        95       576    0.0409     0.185    0.0889     0.067      1.85      2.16         0
   268/499     5.21G      1.02     0.207         0      1.23       113       576    0.0419     0.186     0.089    0.0684      1.84      2.16         0
   269/499     5.21G      1.31     0.212         0      1.52       113       608    0.0453     0.203     0.105     0.074      1.84      2.16         0
   270/499     5.21G      1.35     0.217         0      1.57       154       608    0.0464     0.202     0.108    0.0754      1.84      2.16         0
   271/499     5.21G      1.32     0.202         0      1.53       141       608    0.0522     0.239     0.136    0.0857      1.83      2.17         0
   272/499     5.21G       1.1     0.207         0      1.31       167       448    0.0572     0.238     0.138    0.0922      1.82      2.14         0
   273/499     5.21G     0.718     0.206         0     0.924       103       448    0.0621     0.252     0.148    0.0996      1.81      2.14         0
   274/499     5.21G     0.709     0.205         0     0.914       170       448    0.0593     0.244     0.141    0.0954      1.81      2.14         0
   275/499     5.21G     0.712     0.199         0     0.912       144       448     0.064     0.275     0.168     0.104      1.81      2.15         0
   276/499     5.21G     0.684     0.201         0     0.885       154       544     0.055     0.243     0.139    0.0897      1.82      2.15         0
   277/499     5.21G     0.651     0.194         0     0.845       137       544    0.0566     0.261     0.151     0.093      1.82      2.16         0
   278/499     5.21G     0.692     0.208         0       0.9       136       544    0.0521     0.237     0.127    0.0854      1.83      2.16         0
   279/499     5.21G     0.678     0.207         0     0.885       139       544    0.0507     0.229     0.123    0.0831      1.83      2.15         0
   280/499     5.21G     0.908     0.221         0      1.13       122       352    0.0615     0.257     0.144    0.0992      1.82      2.14         0
   281/499     5.21G     0.898      0.23         0      1.13       155       352    0.0561     0.243     0.129    0.0911      1.82      2.14         0
   282/499     5.21G      0.89     0.228         0      1.12       167       352    0.0527     0.236     0.122    0.0861      1.83      2.14         0
   283/499     5.21G      1.04     0.209         0      1.25       141       608    0.0327     0.155    0.0549     0.054      1.85      2.16         0
   284/499     5.21G      1.31     0.218         0      1.53       115       608    0.0278     0.136    0.0409    0.0462      1.86      2.17         0
   285/499     5.21G      1.32     0.214         0      1.54       120       608    0.0267      0.13    0.0377    0.0443      1.86      2.18         0
   286/499     5.21G      1.31     0.214         0      1.52       121       608    0.0305     0.153    0.0502    0.0508      1.85      2.19         0
   287/499     5.21G      0.82      0.21         0      1.03       176       512     0.034     0.165    0.0602    0.0564      1.84      2.17         0
   288/499     5.21G     0.608      0.21         0     0.817        92       512    0.0369     0.177    0.0712     0.061      1.83      2.17         0
   289/499     5.21G      0.61     0.203         0     0.813       174       512    0.0402     0.192     0.086    0.0664      1.83      2.16         0
   290/499     5.21G     0.613       0.2         0     0.813       164       480    0.0405     0.189    0.0842    0.0666      1.83      2.16         0
   291/499     5.21G     0.623     0.189         0     0.812       157       480     0.046     0.215     0.104    0.0758      1.82      2.16         0
   292/499     5.21G     0.631       0.2         0     0.831       211       480    0.0454     0.205     0.099    0.0743      1.83      2.16         0
   293/499     5.21G      0.63     0.196         0     0.826       109       480    0.0494     0.225     0.113     0.081      1.83      2.16         0
   294/499     5.21G     0.921     0.204         0      1.12       130       608    0.0426     0.192    0.0893    0.0697      1.84      2.17         0
   295/499     5.21G      1.31     0.219         0      1.53       146       608     0.043     0.189    0.0871      0.07      1.84      2.16         0
   296/499     5.21G      1.28     0.209         0      1.49       122       608    0.0456     0.192     0.091    0.0736      1.84      2.16         0
   297/499     5.21G      1.24     0.194         0      1.43       137       608    0.0547     0.235     0.124    0.0888      1.84      2.17         0
   298/499     5.21G     0.847     0.198         0      1.05       151       416    0.0688     0.249      0.14     0.108      1.82      2.14         0
   299/499     5.21G     0.748     0.211         0     0.959       212       416    0.0662      0.23     0.127     0.103      1.82      2.14         0
   300/499     5.21G     0.742     0.199         0     0.941       169       416    0.0679     0.236     0.132     0.105      1.82      2.14         0
   301/499     5.21G     0.736      0.19         0     0.926       151       448    0.0678      0.26      0.15     0.108      1.82      2.14         0
   302/499     5.21G     0.679     0.191         0     0.871       128       448    0.0643     0.252     0.141     0.102      1.82      2.14         0
   303/499     5.21G     0.666     0.202         0     0.868       136       448    0.0638      0.26     0.146     0.103      1.82      2.15         0
   304/499     5.21G      0.66       0.2         0     0.859       181       448    0.0535     0.212     0.104    0.0854      1.83      2.14         0
   305/499     5.21G     0.731      0.21         0      0.94        84       384    0.0569     0.223     0.111    0.0907      1.83      2.14         0
   306/499     5.21G     0.783     0.217         0         1       150       384    0.0473     0.185    0.0795    0.0753      1.84      2.14         0
   307/499     5.21G     0.778     0.199         0     0.977       168       384    0.0454     0.187    0.0764     0.073      1.84      2.14         0
   308/499     5.21G     0.765     0.193         0     0.958       117       384    0.0376     0.163    0.0534    0.0611      1.85      2.15         0
   309/499     5.21G     0.703     0.203         0     0.906        84       416    0.0294     0.133    0.0344    0.0482      1.86      2.15         0
   310/499     5.21G       0.7     0.186         0     0.886        84       416     0.025     0.119     0.025    0.0413      1.87      2.17         0
   311/499     5.21G     0.692     0.201         0     0.893       159       416      0.02    0.0891    0.0118    0.0327      1.88      2.15         0
   312/499     5.21G     0.703      0.19         0     0.892        88       384    0.0194    0.0889   0.00993    0.0319      1.88      2.15         0
   313/499     5.21G     0.752     0.193         0     0.944       109       384    0.0184    0.0868    0.0095    0.0303      1.89      2.16         0
   314/499     5.21G     0.754     0.214         0     0.968       130       384     0.015    0.0685   0.00534    0.0246      1.89      2.15         0
   315/499     5.21G     0.742     0.187         0     0.928       140       384    0.0153    0.0753   0.00635    0.0255       1.9      2.18         0
   316/499     5.21G      0.85     0.235         0      1.08       131       320    0.0141     0.061   0.00473    0.0229       1.9      2.14         0
   317/499     5.21G     0.906     0.248         0      1.15        78       320    0.0129    0.0578   0.00367    0.0211       1.9      2.14         0
   318/499     5.21G     0.894     0.248         0      1.14        97       320    0.0121    0.0563   0.00305    0.0199      1.91      2.15         0
   319/499     5.21G     0.897     0.249         0      1.15       136       320    0.0127    0.0565   0.00193    0.0208      1.91      2.14         0
   320/499     5.21G      1.48     0.216         0       1.7       125       608   0.00833    0.0438  0.000376     0.014      1.95       2.2         0
   321/499     5.21G      1.35     0.216         0      1.56       101       608   0.00944    0.0497  0.000493    0.0159      1.94       2.2         0
   322/499     5.21G      1.32     0.216         0      1.54       128       608   0.00996    0.0533  0.000604    0.0168      1.93      2.21         0
   323/499     5.21G      1.19     0.207         0       1.4       142       448    0.0131    0.0666   0.00231    0.0218       1.9      2.18         0
   324/499     5.21G     0.663     0.184         0     0.846       139       448    0.0157    0.0759   0.00447     0.026      1.88      2.16         0
   325/499     5.21G     0.664     0.187         0     0.852       158       448    0.0176    0.0838   0.00765    0.0291      1.87      2.16         0
   326/499     5.21G     0.654     0.193         0     0.847       144       448    0.0195    0.0876    0.0106    0.0319      1.87      2.16         0
   327/499     5.21G     0.707     0.198         0     0.905       169       544    0.0191    0.0915    0.0108    0.0316      1.87      2.17         0
   328/499     5.21G     0.721     0.205         0     0.927       146       544    0.0215    0.0965    0.0171    0.0352      1.86      2.17         0
   329/499     5.21G     0.732     0.198         0      0.93       156       544     0.028     0.126    0.0399    0.0458      1.86      2.17         0
   330/499     5.21G     0.791     0.209         0     0.999       122       352    0.0353     0.134    0.0526    0.0559      1.85      2.16         0
   331/499     5.21G     0.863     0.218         0      1.08       195       352    0.0416      0.12    0.0472    0.0618      1.85      2.15         0
   332/499     5.21G     0.863     0.198         0      1.06       160       352    0.0451     0.132    0.0554    0.0672      1.85      2.15         0
   333/499     5.21G     0.867     0.211         0      1.08       132       352    0.0464     0.142    0.0634      0.07      1.85      2.15         0
   334/499     5.21G     0.882      0.21         0      1.09       105       352    0.0512     0.162    0.0775    0.0778      1.84      2.15         0
   335/499     5.21G     0.867     0.212         0      1.08       168       352    0.0464     0.137    0.0596    0.0694      1.84      2.15         0
   336/499     5.21G     0.862      0.22         0      1.08       122       352    0.0433     0.133    0.0569    0.0653      1.84      2.14         0
   337/499     5.21G     0.858     0.207         0      1.06       174       352    0.0403     0.132    0.0553    0.0617      1.84      2.14         0
   338/499     5.21G     0.783       0.2         0     0.983        90       384    0.0365     0.144    0.0593    0.0583      1.84      2.15         0
   339/499     5.21G     0.761     0.193         0     0.954       215       384     0.031     0.114    0.0402    0.0488      1.85      2.15         0
   340/499     5.21G     0.751     0.184         0     0.935       152       384    0.0287     0.115    0.0391     0.046      1.85      2.15         0
   341/499     5.21G     0.745     0.189         0     0.934       117       384    0.0255     0.109    0.0314    0.0413      1.85      2.16         0
   342/499     5.21G     0.747     0.192         0      0.94       176       384    0.0205    0.0828    0.0154    0.0329      1.86      2.15         0
   343/499     5.21G     0.735     0.198         0     0.934       145       384    0.0189    0.0773    0.0113    0.0303      1.86      2.15         0
   344/499     5.21G     0.734     0.192         0     0.925       118       384    0.0181    0.0781    0.0102    0.0294      1.86      2.15         0
   345/499     5.21G     0.814     0.223         0      1.04       144       320    0.0176    0.0701   0.00749    0.0282      1.87      2.14         0
   346/499     5.21G     0.884      0.22         0       1.1        94       320    0.0172    0.0753    0.0074     0.028      1.87      2.15         0
   347/499     5.21G     0.875     0.224         0       1.1       118       320    0.0167    0.0674   0.00495    0.0268      1.87      2.14         0
   348/499     5.21G     0.878     0.233         0      1.11       136       320    0.0168    0.0701   0.00279    0.0271      1.88      2.14         0
   349/499     5.21G     0.813     0.207         0      1.02       135       352    0.0174    0.0761   0.00265    0.0283      1.88      2.15         0
   350/499     5.21G     0.805       0.2         0         1       112       352     0.017    0.0784   0.00267     0.028      1.88      2.15         0
   351/499     5.21G     0.803     0.202         0         1       130       352    0.0185    0.0848   0.00291    0.0304      1.89      2.15         0
   352/499     5.21G      0.83     0.218         0      1.05       134       576    0.0201     0.102   0.00211    0.0336      1.91      2.18         0
   353/499     5.21G      1.16      0.22         0      1.38       107       576    0.0162    0.0911   0.00154    0.0275      1.92      2.21         0
   354/499     5.21G      1.12     0.209         0      1.32       127       576    0.0168    0.0933    0.0016    0.0285      1.91      2.21         0
   355/499     5.21G      1.09       0.2         0      1.29       127       576    0.0166    0.0923   0.00158    0.0281      1.91      2.21         0
   356/499     5.21G     0.808     0.201         0      1.01        90       512    0.0177    0.0915    0.0041    0.0297      1.89      2.19         0
   357/499     5.21G     0.663     0.205         0     0.868        92       512    0.0164    0.0838   0.00311    0.0275      1.88      2.19         0
   358/499     5.21G      0.65     0.201         0     0.851       117       512    0.0166    0.0808   0.00523    0.0275      1.87      2.18         0
   359/499     5.21G     0.637      0.21         0     0.846       129       512    0.0176    0.0808   0.00653    0.0289      1.86      2.18         0
   360/499     5.21G      1.01      0.21         0      1.22       144       576    0.0201    0.0933    0.0135    0.0331      1.86      2.19         0
   361/499     5.21G     0.923     0.202         0      1.13       121       576    0.0245     0.108    0.0281      0.04      1.85      2.19         0
   362/499     5.21G         1     0.224         0      1.23       131       576    0.0289      0.12     0.042    0.0466      1.85      2.18         0
   363/499     5.21G      0.83     0.208         0      1.04       154       448    0.0341     0.124    0.0467    0.0536      1.84      2.17         0
   364/499     5.21G      0.66     0.196         0     0.857        98       448    0.0431     0.159    0.0738    0.0678      1.84      2.16         0
   365/499     5.21G     0.662     0.178         0      0.84       100       448    0.0493     0.194     0.101    0.0786      1.83      2.17         0
   366/499     5.21G     0.665     0.191         0     0.857       123       448    0.0501      0.19    0.0994    0.0794      1.84      2.16         0
   367/499     5.21G     0.807     0.196         0         1       131       576    0.0498     0.217     0.118     0.081      1.84      2.18         0
   368/499     5.21G     0.903     0.193         0       1.1       124       576    0.0522     0.226     0.127    0.0848      1.84      2.18         0
   369/499     5.21G     0.845       0.2         0      1.05       115       576     0.054     0.236     0.135    0.0879      1.85      2.18         0
   370/499     5.21G     0.937     0.216         0      1.15       172       416    0.0558     0.231     0.133    0.0899      1.85      2.16         0
   371/499     5.21G     0.725     0.197         0     0.921       128       416    0.0642     0.256     0.153     0.103      1.84      2.15         0
   372/499     5.21G     0.726     0.183         0     0.909       117       416    0.0673     0.282     0.176     0.109      1.84      2.16         0
   373/499     5.21G     0.717     0.204         0     0.921       161       416    0.0591     0.238     0.139    0.0946      1.85      2.15         0
   374/499     5.21G     0.711     0.207         0     0.918       159       416    0.0558     0.237     0.134    0.0903      1.85      2.16         0
   375/499     5.21G     0.696     0.182         0     0.878       102       416    0.0603     0.269     0.161    0.0985      1.85      2.17         0
   376/499     5.21G     0.695     0.182         0     0.877       100       416    0.0538     0.245     0.137    0.0882      1.86      2.17         0
   377/499     5.21G     0.683     0.201         0     0.885       113       416    0.0443     0.202    0.0979    0.0727      1.87      2.17         0
   378/499     5.21G      1.23     0.222         0      1.45        92       608    0.0239     0.115    0.0335    0.0396       1.9      2.19         0
   379/499     5.21G      1.33     0.222         0      1.55       104       608    0.0212     0.102    0.0284    0.0352       1.9      2.19         0
   380/499     5.21G      1.34     0.212         0      1.56       134       608    0.0235     0.114    0.0325    0.0389       1.9      2.19         0
   381/499     5.21G      1.19     0.207         0      1.39       152       512    0.0306     0.148    0.0536    0.0507      1.88      2.18         0
   382/499     5.21G     0.584     0.196         0      0.78       135       512    0.0372      0.18    0.0787    0.0616      1.86      2.18         0
   383/499     5.21G     0.579      0.19         0     0.769       183       512    0.0364     0.175    0.0764    0.0603      1.85      2.18         0
   384/499     5.21G     0.578     0.194         0     0.772       118       512    0.0407     0.196    0.0933    0.0674      1.84      2.18         0
   385/499     5.21G      1.02     0.211         0      1.23       125       608     0.038     0.183    0.0837    0.0629      1.85      2.19         0
   386/499     5.21G      1.33     0.218         0      1.55       132       608    0.0438     0.206     0.103    0.0723      1.83      2.18         0
   387/499     5.21G      1.29     0.192         0      1.49        89       608    0.0513     0.248     0.133     0.085      1.82      2.19         0
   388/499     5.21G      1.32     0.222         0      1.54        98       608    0.0571     0.265     0.155     0.094      1.81      2.18         0
   389/499     5.21G     0.728       0.2         0     0.928       128       448    0.0681     0.282     0.175      0.11       1.8      2.15         0
   390/499     5.21G     0.664     0.174         0     0.839        85       448    0.0786     0.345     0.232     0.128      1.78      2.16         0
   391/499     5.21G     0.665     0.199         0     0.863       108       448    0.0731     0.287      0.18     0.116      1.79      2.15         0
   392/499     5.21G     0.661     0.188         0     0.849       137       544    0.0783     0.345     0.232     0.128      1.78      2.17         0
   393/499     5.21G     0.635     0.195         0     0.829       130       544    0.0743     0.315     0.204      0.12      1.79      2.17         0
   394/499     5.21G     0.667     0.187         0     0.855       147       544    0.0734     0.304     0.193     0.118      1.79      2.16         0
   395/499     5.21G     0.615     0.179         0     0.794       111       544    0.0781     0.325     0.214     0.126      1.79      2.17         0
   396/499     5.21G     0.632     0.188         0     0.821       124       544    0.0756     0.307     0.196     0.121       1.8      2.16         0
   397/499     5.21G     0.643     0.198         0     0.841       149       544    0.0729     0.295     0.185     0.117      1.81      2.16         0
   398/499     5.21G     0.583      0.19         0     0.773       103       544    0.0783     0.326     0.213     0.126       1.8      2.17         0
   399/499     5.21G     0.693     0.177         0      0.87        70       544      0.08     0.335     0.223     0.129       1.8      2.18         0
   400/499     5.21G     0.595     0.173         0     0.768        82       480    0.0858     0.357     0.243     0.138       1.8      2.17         0
   401/499     5.21G      0.59     0.188         0     0.778       179       480    0.0797     0.316     0.203     0.127       1.8      2.16         0
   402/499     5.21G     0.592     0.184         0     0.777       156       480    0.0782     0.306     0.193     0.125      1.81      2.15         0
   403/499     5.21G     0.705     0.196         0     0.901       149       352    0.0921     0.327      0.22     0.144       1.8      2.14         0
   404/499     5.21G     0.864     0.204         0      1.07       117       352    0.0953     0.336     0.229     0.148      1.79      2.14         0
   405/499     5.21G     0.861     0.205         0      1.07       155       352    0.0939     0.338     0.231     0.147       1.8      2.14         0
   406/499     5.21G     0.859     0.213         0      1.07       138       352    0.0919      0.33     0.225     0.144       1.8      2.14         0
   407/499     5.21G     0.665       0.2         0     0.865       133       480    0.0729     0.284     0.174     0.116      1.81      2.15         0
   408/499     5.21G     0.588     0.187         0     0.775       102       480    0.0718     0.287     0.175     0.115      1.81      2.15         0
   409/499     5.21G     0.594     0.181         0     0.776       147       480    0.0779      0.32     0.207     0.125       1.8      2.16         0
   410/499     5.21G     0.642     0.185         0     0.826       159       608    0.0679     0.276     0.165     0.109      1.82      2.16         0
   411/499     5.21G      1.22      0.21         0      1.43       185       608    0.0594     0.247     0.135    0.0958      1.83      2.17         0
   412/499     5.21G      1.31      0.21         0      1.52       145       608    0.0637     0.275     0.158     0.103      1.82      2.18         0
   413/499     5.21G      1.27     0.202         0      1.47       151       608    0.0595     0.258     0.142    0.0967      1.83      2.18         0
   414/499     5.21G      1.13     0.207         0      1.34       163       352     0.083      0.31     0.201     0.131       1.8      2.14         0
   415/499     5.21G     0.854     0.203         0      1.06       154       352    0.0864     0.312     0.203     0.135       1.8      2.14         0
   416/499     5.21G     0.857     0.222         0      1.08       157       352    0.0841     0.297     0.189     0.131       1.8      2.14         0
   417/499     5.21G     0.853     0.208         0      1.06       115       352    0.0856     0.326     0.218     0.136       1.8      2.14         0
   418/499     5.21G     0.646     0.189         0     0.834        93       544    0.0674     0.297     0.181      0.11      1.81      2.18         0
   419/499     5.21G     0.651     0.186         0     0.837       125       544    0.0647     0.282     0.167     0.105      1.81      2.18         0
   420/499     5.21G     0.678     0.181         0     0.858       161       544    0.0609      0.26     0.145    0.0986      1.82      2.17         0
   421/499     5.21G      0.76     0.188         0     0.948       131       608     0.064     0.284     0.168     0.105      1.82      2.18         0
   422/499     5.21G      1.24     0.204         0      1.44       147       608    0.0558     0.243     0.132    0.0907      1.83      2.17         0
   423/499     5.21G       1.3     0.203         0       1.5       118       608    0.0605     0.267     0.152    0.0986      1.82      2.18         0
   424/499     5.21G      1.27     0.207         0      1.47        65       608    0.0601      0.27     0.154    0.0983      1.82      2.19         0
   425/499     5.21G     0.915     0.186         0       1.1       138       480    0.0693     0.296     0.182     0.112       1.8      2.16         0
   426/499     5.21G     0.595     0.197         0     0.792        81       480    0.0711      0.31     0.194     0.116       1.8      2.17         0
   427/499     5.21G     0.595     0.179         0     0.774        89       480    0.0779      0.34     0.224     0.127      1.79      2.17         0
   428/499     5.21G     0.595     0.192         0     0.787       137       480    0.0665     0.273     0.162     0.107       1.8      2.15         0
   429/499     5.21G     0.683     0.197         0      0.88       152       416    0.0747     0.303     0.191      0.12       1.8      2.15         0
   430/499     5.21G     0.693     0.198         0     0.891       131       416    0.0728     0.285     0.173     0.116       1.8      2.14         0
   431/499     5.21G     0.689     0.192         0     0.881       103       416    0.0761     0.307     0.195     0.122       1.8      2.15         0
   432/499     5.21G     0.686     0.186         0     0.873       134       416    0.0731     0.296     0.184     0.117       1.8      2.15         0
   433/499     5.21G     0.685     0.191         0     0.876       123       416    0.0761     0.307     0.195     0.122       1.8      2.15         0
   434/499     5.21G     0.686     0.185         0     0.872        92       416    0.0752     0.309     0.196     0.121       1.8      2.15         0
   435/499     5.21G     0.689     0.189         0     0.877       174       416    0.0761     0.312       0.2     0.122      1.79      2.15         0
   436/499     5.21G      0.85     0.211         0      1.06       143       320    0.0857     0.319     0.211     0.135      1.79      2.14         0
   437/499     5.21G     0.933     0.248         0      1.18       131       320    0.0795     0.285     0.176     0.124       1.8      2.13         0
   438/499     5.21G     0.944     0.223         0      1.17       163       320    0.0815      0.31       0.2     0.129      1.79      2.13         0
   439/499     5.21G     0.936     0.231         0      1.17       141       320    0.0811     0.299     0.191     0.128       1.8      2.13         0
   440/499     5.21G     0.619      0.19         0     0.809       200       448    0.0632     0.258     0.146     0.102      1.81      2.15         0
   441/499     5.21G     0.623      0.18         0     0.802       116       448    0.0638     0.272      0.16     0.103       1.8      2.16         0
   442/499     5.21G     0.625     0.186         0     0.811       183       448    0.0611     0.253     0.143    0.0985      1.81      2.15         0
   443/499     5.21G     0.696     0.192         0     0.888       151       352    0.0709     0.282     0.169     0.113       1.8      2.14         0
   444/499     5.21G     0.838     0.207         0      1.04       142       352    0.0727     0.282     0.171     0.116       1.8      2.14         0
   445/499     5.21G     0.835     0.199         0      1.03       154       352    0.0727     0.291     0.178     0.116       1.8      2.14         0
   446/499     5.21G     0.821     0.213         0      1.03       135       352    0.0668     0.261     0.149     0.106      1.81      2.14         0
   447/499     5.21G     0.714     0.201         0     0.916       161       416    0.0613     0.251     0.139    0.0986      1.81      2.15         0
   448/499     5.21G     0.672     0.185         0     0.856       147       416     0.063     0.264     0.149     0.102      1.81      2.15         0
   449/499     5.21G     0.666     0.183         0     0.849       172       416    0.0608     0.256     0.141    0.0982      1.81      2.15         0
   450/499     5.21G     0.665     0.183         0     0.848       145       480    0.0588     0.251     0.139    0.0953      1.81      2.15         0
   451/499     5.21G      0.59     0.181         0     0.771       177       480     0.056     0.252     0.136    0.0917      1.81      2.17         0
   452/499     5.21G     0.597     0.195         0     0.792       146       480    0.0497     0.215     0.105    0.0808      1.82      2.16         0
   453/499     5.21G     0.591     0.188         0     0.779        90       480    0.0492     0.218     0.107    0.0803      1.82      2.16         0
   454/499     5.21G     0.662     0.185         0     0.847       143       384    0.0603     0.254     0.139    0.0975      1.81      2.15         0
   455/499     5.21G      0.73     0.184         0     0.913       102       384    0.0621     0.272     0.154     0.101      1.81      2.16         0
   456/499     5.21G     0.741     0.203         0     0.944       104       384     0.059     0.244     0.131     0.095      1.81      2.15         0
   457/499     5.21G     0.726     0.186         0     0.912       111       384    0.0573     0.243     0.129    0.0927      1.81      2.15         0
   458/499     5.21G     0.622      0.19         0     0.812       173       480    0.0477     0.213     0.101    0.0779      1.82      2.17         0
   459/499     5.21G     0.601     0.195         0     0.796       168       480    0.0455     0.197    0.0901    0.0739      1.83      2.16         0
   460/499     5.21G     0.592     0.174         0     0.766       146       480    0.0483     0.219     0.105    0.0792      1.82      2.17         0
   461/499     5.21G     0.596     0.183         0     0.779       158       512    0.0439     0.196    0.0877    0.0717      1.83      2.17         0
   462/499     5.21G     0.582     0.183         0     0.765       185       512    0.0456     0.208    0.0954    0.0748      1.83      2.18         0
   463/499     5.21G     0.576     0.182         0     0.758       122       512    0.0486     0.229     0.111    0.0802      1.83      2.19         0
   464/499     5.21G     0.582     0.192         0     0.775       161       512    0.0424      0.19    0.0834    0.0693      1.83      2.17         0
   465/499     5.21G      0.76     0.211         0     0.972        94       320    0.0605     0.239     0.128    0.0966      1.82      2.14         0
   466/499     5.21G     0.902     0.231         0      1.13       128       320    0.0587     0.224     0.119     0.093      1.82      2.13         0
   467/499     5.21G     0.898     0.226         0      1.12       133       320    0.0624     0.245     0.133    0.0995      1.82      2.14         0
   468/499     5.21G     0.909     0.239         0      1.15       216       320    0.0582     0.219     0.115     0.092      1.82      2.13         0
   469/499     5.21G     0.815     0.199         0      1.01       146       352    0.0561     0.227     0.118    0.0899      1.82      2.14         0
   470/499     5.21G     0.816     0.205         0      1.02       132       352    0.0615     0.258     0.143    0.0992      1.81      2.15         0
   471/499     5.21G     0.808     0.216         0      1.02       109       352    0.0536     0.218      0.11     0.086      1.82      2.14         0
   472/499     5.21G     0.792     0.208         0         1       183       384    0.0485     0.194    0.0964    0.0776      1.83      2.14         0
   473/499     5.21G     0.732     0.187         0     0.919       152       384    0.0522     0.219      0.11    0.0843      1.82      2.15         0
   474/499     5.21G     0.725     0.195         0      0.92       126       384     0.047     0.194    0.0924    0.0756      1.83      2.14         0
   475/499     5.21G     0.722     0.194         0     0.916       106       384    0.0505     0.214     0.105    0.0818      1.82      2.15         0
   476/499     5.21G     0.686      0.19         0     0.877       120       416    0.0483     0.216     0.105     0.079      1.83      2.16         0
   477/499     5.21G     0.671     0.189         0      0.86       192       416    0.0459     0.197    0.0918    0.0744      1.83      2.15         0
   478/499     5.21G     0.664     0.188         0     0.852       117       416    0.0463     0.198    0.0932    0.0751      1.83      2.15         0
   479/499     5.21G     0.666     0.179         0     0.846       116       416    0.0468     0.206    0.0969    0.0763      1.83      2.16         0
   480/499     5.21G     0.902     0.243         0      1.14       180       320    0.0511     0.194    0.0977     0.081      1.83      2.13         0
   481/499     5.21G     0.896     0.232         0      1.13       129       320    0.0488     0.189    0.0908    0.0776      1.83      2.14         0
   482/499     5.21G     0.897     0.235         0      1.13       141       320    0.0526     0.207     0.104    0.0839      1.83      2.13         0
   483/499     5.21G      1.09     0.221         0      1.31       107       608     0.036     0.169    0.0631    0.0593      1.84      2.19         0
   484/499     5.21G      1.31     0.208         0      1.52       112       608    0.0286     0.136    0.0376    0.0473      1.86      2.19         0
   485/499     5.21G       1.4     0.211         0      1.61       120       608    0.0303     0.144     0.042    0.0501      1.85      2.19         0
   486/499     5.21G      1.27     0.199         0      1.47       198       608    0.0284     0.133    0.0364    0.0468      1.85      2.19         0
   487/499     5.21G      1.19       0.2         0      1.39       155       576      0.03     0.142    0.0425    0.0495      1.85      2.19         0
   488/499     5.21G     0.984     0.191         0      1.18       113       576    0.0335     0.161    0.0541    0.0555      1.84      2.19         0
   489/499     5.21G     0.934     0.204         0      1.14       121       576    0.0304     0.143    0.0425    0.0501      1.85      2.18         0
   490/499     5.21G      1.16     0.194         0      1.36       132       608    0.0361     0.174    0.0641    0.0598      1.84       2.2         0
   491/499     5.21G      1.37     0.191         0      1.56        68       608     0.034     0.164    0.0583    0.0563      1.84       2.2         0
   492/499     5.21G       1.3     0.201         0       1.5       142       608    0.0324     0.154     0.051    0.0535      1.84      2.19         0
   493/499     5.21G      1.36     0.212         0      1.58       166       608    0.0335     0.156    0.0535    0.0552      1.84      2.18         0
   494/499     5.21G      1.09     0.211         0      1.31       133       352    0.0489     0.193    0.0964     0.078      1.82      2.14         0
   495/499     5.21G     0.816     0.204         0      1.02       125       352    0.0548     0.222     0.116    0.0878      1.82      2.14         0
   496/499     5.21G     0.817     0.212         0      1.03       131       352    0.0536     0.212     0.109    0.0855      1.82      2.14         0
   497/499     5.21G     0.811     0.205         0      1.02       127       352    0.0551      0.22     0.117    0.0882      1.81      2.14         0
   498/499     5.21G     0.884     0.224         0      1.11       162       320      0.06     0.226     0.123    0.0948      1.81      2.13         0
   499/499     5.21G     0.899     0.226         0      1.12        93       320    0.0511     0.271     0.139    0.0859      1.81      2.14         0
