      0/99     4.02G      2.28      1.21         0      3.49        22       416     0.424     0.448     0.287     0.435      1.57      0.83         0
      1/99     4.03G      1.65     0.935         0      2.59        28       416      0.53     0.598     0.444     0.562      1.34     0.681         0
      2/99     4.03G      1.49     0.824         0      2.31        13       416     0.546     0.682     0.518     0.606      1.25     0.611         0
      3/99     4.03G      1.39     0.775         0      2.17        17       416     0.559     0.709     0.558     0.625      1.19     0.581         0
      4/99     4.03G      1.32      0.74         0      2.07        27       416     0.578      0.75     0.588     0.653      1.13     0.548         0
      5/99     4.03G      1.27     0.699         0      1.96        18       416     0.566     0.772     0.633     0.653      1.11     0.529         0
      6/99     4.03G      1.23     0.683         0      1.91        17       416     0.572     0.797     0.654     0.666      1.06     0.512         0
      7/99     4.03G       1.2     0.654         0      1.85        21       416     0.624     0.789     0.649     0.697      1.04     0.497         0
      8/99     4.03G      1.17      0.65         0      1.82        22       416      0.59     0.816     0.678     0.684      1.01     0.485         0
      9/99     4.03G      1.14     0.626         0      1.77        16       416      0.61     0.823     0.694     0.701     0.989     0.475         0
     10/99     4.03G       1.1     0.619         0      1.72        25       416     0.594     0.824     0.681     0.691     0.987     0.467         0
     11/99     4.03G       1.1     0.599         0       1.7        22       416     0.637      0.81     0.693     0.713     0.968     0.465         0
     12/99     4.03G      1.08     0.593         0      1.67        16       416     0.592     0.837     0.695     0.694     0.966     0.462         0
     13/99     4.03G      1.06     0.576         0      1.64        27       416     0.619     0.828     0.698     0.709     0.953     0.453         0
     14/99     4.03G      1.06     0.565         0      1.62        23       416     0.622     0.839     0.709     0.714     0.944      0.45         0
     15/99     4.03G      1.04     0.557         0       1.6        18       416     0.633     0.834     0.707      0.72     0.943     0.441         0
     16/99     4.03G      1.03     0.557         0      1.59        17       416     0.625     0.832     0.711     0.714     0.931     0.439         0
     17/99     4.03G      1.01     0.544         0      1.55        15       416     0.604     0.837     0.693     0.701     0.935     0.448         0
     18/99     4.03G         1     0.539         0      1.54        14       416     0.637     0.829     0.696      0.72     0.931      0.44         0
     19/99     4.03G     0.983     0.525         0      1.51        18       416     0.632     0.844     0.721     0.723     0.909     0.434         0
     20/99     4.03G     0.978     0.531         0      1.51        22       416     0.637     0.841     0.723     0.725     0.909     0.429         0
     21/99     4.03G     0.968     0.515         0      1.48        22       416     0.627     0.835     0.708     0.716     0.891     0.432         0
     22/99     4.03G      0.95     0.514         0      1.46        19       416     0.638     0.837      0.71     0.724     0.905     0.435         0
     23/99     4.03G     0.954     0.507         0      1.46        20       416     0.686      0.82     0.709     0.747     0.903     0.431         0
     24/99     4.03G      0.94     0.511         0      1.45        21       416     0.616     0.854     0.739     0.716     0.894      0.43         0
     25/99     4.03G     0.921       0.5         0      1.42        14       416     0.612     0.836     0.713     0.707     0.893     0.432         0
     26/99     4.03G     0.932     0.492         0      1.42        17       416     0.635     0.847     0.727     0.726     0.885     0.427         0
     27/99     4.03G     0.916     0.484         0       1.4        16       416     0.638     0.846     0.724     0.727       0.9     0.427         0
     28/99     4.03G       0.9     0.484         0      1.38        22       416     0.627     0.843     0.724     0.719     0.882     0.427         0
     29/99     4.03G     0.893     0.478         0      1.37        20       416      0.66      0.84     0.736     0.739     0.879     0.427         0
     30/99     4.03G     0.871      0.46         0      1.33        18       416      0.65      0.85      0.74     0.737     0.848     0.414         0
     31/99     4.03G     0.842     0.454         0       1.3        10       416     0.648      0.85     0.739     0.735     0.845     0.414         0
     32/99     4.03G     0.845     0.452         0       1.3        21       416     0.651     0.855     0.739     0.739     0.843     0.415         0
     33/99     4.03G     0.824     0.447         0      1.27        23       416     0.653     0.855     0.741      0.74     0.841     0.417         0
     34/99     4.03G     0.828     0.441         0      1.27        25       416     0.657     0.854     0.741     0.743     0.838     0.414         0
     35/99     4.03G     0.817     0.445         0      1.26        14       416     0.652     0.849     0.737     0.737     0.841     0.414         0
     36/99     4.03G     0.816     0.434         0      1.25        19       416     0.657     0.847     0.732      0.74     0.842     0.417         0
     37/99     4.03G     0.816     0.432         0      1.25        21       416     0.668     0.843     0.731     0.746     0.844     0.414         0
     38/99     4.03G     0.814     0.432         0      1.25        12       416     0.657     0.849     0.738     0.741     0.839     0.416         0
     39/99     4.03G     0.804     0.429         0      1.23        21       416     0.662     0.851     0.739     0.745     0.842      0.42         0
     40/99     4.03G      0.81     0.432         0      1.24        18       416     0.669     0.839     0.731     0.745     0.844     0.417         0
     41/99     4.03G     0.809      0.43         0      1.24        23       416     0.655     0.847     0.734     0.739     0.841     0.417         0
     42/99     4.03G     0.813     0.429         0      1.24        25       416     0.654     0.855     0.742     0.741     0.838     0.417         0
     43/99     4.03G     0.792     0.431         0      1.22        22       416     0.683     0.843     0.741     0.755     0.843     0.414         0
     44/99     4.03G     0.807     0.426         0      1.23        13       416     0.678     0.847      0.74     0.753      0.84     0.416         0
     45/99     4.03G     0.788     0.426         0      1.21        18       416     0.663      0.85     0.743     0.745     0.835     0.416         0
     46/99     4.03G     0.797     0.427         0      1.22        19       416     0.662     0.852     0.744     0.745     0.839     0.413         0
     47/99     4.03G     0.785     0.416         0       1.2        14       416     0.671     0.851     0.746      0.75      0.84     0.416         0
     48/99     4.03G     0.787     0.416         0       1.2        18       416     0.665      0.85     0.742     0.746     0.843     0.416         0
     49/99     4.03G     0.783     0.416         0       1.2        21       416     0.667     0.855     0.742     0.749     0.838     0.417         0
     50/99     4.03G     0.792     0.425         0      1.22        23       416     0.675      0.85     0.747     0.753     0.846     0.416         0
     51/99     4.03G     0.772     0.414         0      1.19        22       416     0.675     0.847     0.738     0.752     0.848     0.419         0
     52/99     4.03G      0.79     0.413         0       1.2        13       416     0.664     0.845     0.735     0.744     0.845      0.42         0
     53/99     4.03G     0.783     0.407         0      1.19        25       416     0.671     0.844     0.738     0.747     0.844     0.419         0
     54/99     4.03G     0.772     0.407         0      1.18        17       416     0.685     0.843     0.739     0.756     0.841     0.417         0
     55/99     4.03G     0.774     0.412         0      1.19        16       416     0.669     0.852     0.747      0.75     0.838     0.418         0
     56/99     4.03G     0.777     0.411         0      1.19        22       416     0.672      0.85     0.741      0.75     0.843      0.42         0
     57/99     4.03G     0.773     0.414         0      1.19        19       416     0.684     0.844     0.737     0.756      0.84     0.421         0
     58/99     4.03G      0.77     0.411         0      1.18        23       416     0.681     0.842     0.737     0.753     0.841     0.422         0
     59/99     4.03G     0.774     0.409         0      1.18        12       416     0.679     0.844      0.74     0.752     0.837     0.419         0
     60/99     4.03G     0.763     0.409         0      1.17        11       416     0.667      0.85     0.744     0.747     0.838     0.419         0
     61/99     4.03G     0.764     0.412         0      1.18        23       416     0.675     0.848     0.738     0.752     0.838     0.419         0
     62/99     4.03G     0.754     0.408         0      1.16        17       416     0.674      0.84     0.738     0.748     0.837     0.418         0
     63/99     4.03G     0.753     0.394         0      1.15        17       416     0.662      0.85      0.74     0.744     0.833     0.418         0
     64/99     4.03G      0.76     0.408         0      1.17        17       416     0.683     0.843     0.738     0.755     0.835      0.42         0
     65/99     4.03G     0.764     0.408         0      1.17        14       416     0.679     0.847     0.737     0.754     0.838      0.42         0
     66/99     4.03G      0.76       0.4         0      1.16        24       416     0.677     0.846     0.738     0.752     0.836     0.418         0
     67/99     4.03G     0.757     0.407         0      1.16        27       416     0.684     0.843     0.739     0.755     0.837      0.42         0
     68/99     4.03G     0.756     0.393         0      1.15        24       416      0.69     0.839     0.732     0.757     0.838     0.422         0
     69/99     4.03G     0.755     0.402         0      1.16        15       416     0.676     0.847     0.736     0.752     0.836      0.42         0
     70/99     4.03G     0.757     0.404         0      1.16        28       416     0.669     0.841     0.736     0.745      0.84     0.422         0
     71/99     4.03G     0.755     0.406         0      1.16        18       416     0.672     0.847     0.737     0.749     0.835     0.421         0
     72/99     4.03G     0.756     0.402         0      1.16        17       416     0.667      0.85     0.742     0.747     0.836      0.42         0
     73/99     4.03G     0.747     0.403         0      1.15        15       416     0.676     0.846     0.737     0.752     0.833      0.42         0
     74/99     4.03G      0.76     0.405         0      1.16        33       416     0.694     0.835     0.732     0.758     0.841     0.424         0
     75/99     4.03G     0.758     0.398         0      1.16        17       416     0.679     0.843     0.738     0.752     0.834     0.421         0
     76/99     4.03G     0.759     0.402         0      1.16        15       416     0.676     0.847     0.738     0.752     0.836     0.421         0
     77/99     4.03G      0.75     0.407         0      1.16        18       416     0.668     0.849     0.738     0.747     0.834     0.421         0
     78/99     4.03G     0.765     0.399         0      1.16        23       416     0.672     0.843     0.737     0.748     0.838     0.422         0
     79/99     4.03G     0.756     0.401         0      1.16        13       416     0.667     0.849     0.739     0.747     0.836     0.422         0
     80/99     4.03G     0.756       0.4         0      1.16        15       416     0.667     0.848     0.739     0.747     0.835     0.427         0
     81/99     4.03G     0.751     0.394         0      1.14        14       416     0.672     0.841     0.737     0.747     0.836     0.424         0
     82/99     4.03G     0.755     0.402         0      1.16        19       416      0.68     0.841     0.738     0.752     0.836     0.419         0
     83/99     4.03G     0.747     0.399         0      1.15        22       416     0.679     0.839     0.732      0.75     0.838     0.422         0
     84/99     4.03G     0.752     0.399         0      1.15        25       416     0.682     0.844     0.741     0.755     0.834     0.422         0
     85/99     4.03G     0.747     0.397         0      1.14        14       416     0.676     0.846      0.74     0.752     0.834     0.422         0
     86/99     4.03G      0.75     0.394         0      1.14        19       416     0.675     0.841     0.738     0.749     0.836     0.423         0
     87/99     4.03G      0.76     0.402         0      1.16        25       416     0.675     0.844     0.738      0.75     0.836     0.423         0
     88/99     4.03G     0.751     0.405         0      1.16        20       416     0.668     0.849     0.736     0.748     0.837     0.423         0
     89/99     4.03G     0.755     0.396         0      1.15        30       416     0.691     0.837     0.732     0.757     0.836     0.423         0
     90/99     4.03G     0.748     0.401         0      1.15        17       416     0.676     0.847      0.74     0.752     0.836     0.424         0
     91/99     4.03G     0.745     0.402         0      1.15        14       416     0.679     0.849      0.74     0.755     0.835      0.42         0
     92/99     4.03G     0.757     0.405         0      1.16        18       416     0.694     0.841      0.74     0.761     0.837     0.422         0
     93/99     4.03G     0.756     0.398         0      1.15        16       416      0.67     0.847     0.739     0.748     0.838     0.421         0
     94/99     4.03G      0.74     0.395         0      1.14        29       416     0.675     0.844     0.739      0.75     0.832      0.42         0
     95/99     4.03G     0.752     0.396         0      1.15        22       416     0.679     0.843     0.741     0.752     0.832      0.42         0
     96/99     4.03G      0.75     0.397         0      1.15        18       416     0.678     0.844      0.74     0.752     0.831     0.422         0
     97/99     4.03G      0.74     0.393         0      1.13        17       416     0.674     0.843     0.737     0.749     0.834     0.423         0
     98/99     4.03G     0.754     0.399         0      1.15        23       416     0.688     0.841     0.739     0.757     0.835     0.424         0
     99/99     4.03G     0.752     0.403         0      1.15        15       416     0.112     0.937     0.781       0.2     0.835     0.423         0
