      0/99     5.21G      2.18      1.08         0      3.26         4       608     0.408     0.502     0.315      0.45      1.33     0.842         0
      1/99     5.21G      1.61     0.864         0      2.48         4       608     0.576     0.607     0.452     0.591      1.14     0.695         0
      2/99     5.21G      1.48     0.834         0      2.32        13       480     0.559     0.704     0.564     0.624      1.03      0.63         0
      3/99     5.24G      1.33     0.711         0      2.04         7       320     0.526     0.746     0.609     0.617      1.03     0.601         0
      4/99     5.24G      1.31     0.755         0      2.07         8       608     0.473     0.769      0.59     0.585     0.959     0.576         0
      5/99     5.24G      1.22     0.666         0      1.89         7       544      0.63     0.765     0.642     0.691     0.918     0.527         0
      6/99     5.24G      1.18     0.619         0       1.8         7       576     0.609     0.794     0.669      0.69     0.886     0.505         0
      7/99     5.24G      1.13      0.55         0      1.68         7       448     0.556     0.823     0.684     0.664     0.855     0.493         0
      8/99     5.24G      1.17     0.705         0      1.87         9       384     0.532     0.829     0.665     0.648      0.84     0.495         0
      9/99     5.24G      1.11     0.612         0      1.72         5       608     0.574     0.828      0.68     0.678      0.83     0.479         0
     10/99     5.25G      1.06     0.531         0      1.59        10       352     0.584     0.835     0.698     0.687     0.851     0.465         0
     11/99     5.25G      1.09     0.604         0       1.7         4       384     0.593     0.821     0.702     0.689     0.819     0.467         0
     12/99     5.25G      1.07     0.614         0      1.69         9       608     0.607      0.82     0.693     0.697     0.814      0.46         0
     13/99     5.25G      1.06     0.613         0      1.67         6       352     0.586     0.842     0.702     0.691      0.79     0.452         0
     14/99     5.25G      1.07     0.674         0      1.75        10       320     0.527     0.857     0.693     0.652     0.792     0.459         0
     15/99     5.25G      1.03     0.558         0      1.59         6       480     0.614     0.834     0.708     0.707     0.773     0.442         0
     16/99     5.25G      1.01     0.565         0      1.57         9       448     0.625     0.855     0.737     0.722     0.777     0.432         0
     17/99     5.25G     0.981     0.523         0       1.5         5       576     0.622     0.848     0.722     0.718     0.783     0.439         0
     18/99     5.25G     0.966     0.491         0      1.46         8       448     0.593      0.86     0.732     0.702     0.758     0.428         0
     19/99     5.25G     0.975     0.537         0      1.51         5       320     0.566     0.851     0.694      0.68     0.773     0.443         0
     20/99     5.25G     0.931      0.45         0      1.38        11       608     0.655     0.837     0.716     0.735     0.749     0.432         0
     21/99     5.25G     0.948     0.504         0      1.45         7       384     0.559     0.863     0.705     0.678     0.737     0.433         0
     22/99     5.25G     0.916     0.456         0      1.37        12       320     0.631     0.847     0.718     0.723     0.738     0.422         0
     23/99     5.25G     0.917     0.481         0       1.4         4       608     0.637     0.847     0.721     0.727     0.742     0.422         0
     24/99     5.25G     0.936     0.519         0      1.46        13       576     0.656     0.846     0.726     0.739     0.739     0.421         0
     25/99     5.25G     0.968     0.585         0      1.55         7       576     0.601     0.853     0.721     0.706     0.741     0.433         0
     26/99     5.25G      0.92     0.503         0      1.42         4       352     0.591     0.857     0.715       0.7     0.724     0.433         0
     27/99     5.25G     0.912     0.491         0       1.4         6       480     0.632      0.86     0.742     0.729     0.718     0.418         0
     28/99     5.25G     0.926     0.545         0      1.47         5       480     0.592     0.877     0.747     0.707     0.702     0.419         0
     29/99     5.25G     0.876      0.42         0       1.3         7       416     0.595     0.865     0.741     0.705     0.727     0.417         0
     30/99     5.25G      0.86      0.46         0      1.32        10       480     0.625     0.858     0.733     0.724      0.69     0.405         0
     31/99     5.25G     0.867     0.482         0      1.35         6       448     0.627     0.858     0.738     0.724     0.695     0.406         0
     32/99     5.25G     0.845     0.455         0       1.3         5       384     0.605     0.882     0.745     0.718     0.687     0.411         0
     33/99     5.25G     0.826     0.437         0      1.26         6       576     0.662     0.871     0.756     0.752     0.684     0.401         0
     34/99     5.25G     0.816     0.426         0      1.24         9       448     0.631      0.87     0.747     0.731     0.685     0.402         0
     35/99     5.25G     0.836     0.468         0       1.3        14       416     0.631     0.869      0.74     0.731     0.684     0.406         0
     36/99     5.25G     0.819     0.427         0      1.25        14       608     0.674     0.854     0.744     0.753      0.68     0.402         0
     37/99     5.25G     0.801     0.406         0      1.21         6       416     0.639     0.871     0.755     0.737     0.683     0.403         0
     38/99     5.25G     0.815     0.447         0      1.26         8       448     0.646     0.874     0.754     0.743     0.677     0.403         0
     39/99     5.25G     0.816     0.446         0      1.26        10       480     0.655     0.866     0.751     0.746     0.676     0.403         0
     40/99     5.25G     0.793     0.376         0      1.17         4       576     0.676     0.857     0.744     0.756     0.674     0.398         0
     41/99     5.25G     0.781     0.384         0      1.17         4       480     0.643     0.872     0.756      0.74     0.675     0.398         0
     42/99     5.25G     0.798     0.406         0       1.2         8       448     0.642     0.873     0.752      0.74      0.68     0.399         0
     43/99     5.25G     0.839     0.502         0      1.34         5       320     0.648     0.861     0.741      0.74     0.694     0.416         0
     44/99     5.25G     0.778     0.381         0      1.16         4       576     0.672     0.866     0.753     0.757     0.677     0.399         0
     45/99     5.25G     0.794     0.414         0      1.21        13       608     0.678     0.859     0.752     0.758      0.68     0.397         0
     46/99     5.25G       0.8     0.406         0      1.21        11       448     0.651      0.87     0.748     0.744     0.678       0.4         0
     47/99     5.25G     0.764     0.366         0      1.13        11       512     0.665      0.87     0.762     0.754     0.668     0.398         0
     48/99     5.25G     0.816     0.477         0      1.29         6       512     0.655      0.87     0.759     0.748     0.677     0.401         0
     49/99     5.25G     0.792     0.405         0       1.2        11       544     0.663     0.867      0.75     0.752     0.672     0.396         0
     50/99     5.25G     0.815     0.457         0      1.27         4       384     0.625     0.877     0.749      0.73     0.686     0.407         0
     51/99     5.25G     0.793     0.424         0      1.22         5       608     0.664     0.852     0.749     0.746     0.682     0.401         0
     52/99     5.25G     0.767     0.387         0      1.15        13       576     0.668     0.866     0.757     0.755     0.674     0.397         0
     53/99     5.25G     0.785     0.417         0       1.2        13       320     0.645      0.87     0.749     0.741     0.693     0.419         0
     54/99     5.25G     0.795     0.432         0      1.23        12       576     0.674      0.87     0.759      0.76     0.676       0.4         0
     55/99     5.25G     0.754     0.359         0      1.11         4       352     0.642     0.868     0.745     0.738     0.685     0.411         0
     56/99     5.25G     0.804     0.443         0      1.25        10       512     0.667     0.872     0.756     0.756     0.672     0.398         0
     57/99     5.25G     0.808     0.465         0      1.27         6       480      0.65     0.876     0.755     0.746     0.678     0.403         0
     58/99     5.25G     0.797     0.454         0      1.25         7       320     0.641     0.874     0.752      0.74     0.689     0.414         0
     59/99     5.25G      0.81     0.465         0      1.28         8       544     0.664      0.87     0.764     0.753     0.677     0.399         0
     60/99     5.25G     0.767     0.409         0      1.18         6       544     0.661     0.877     0.762     0.754     0.678     0.397         0
     61/99     5.25G      0.76     0.382         0      1.14         4       448     0.664     0.877      0.76     0.756      0.68     0.399         0
     62/99     5.25G     0.774     0.406         0      1.18        13       384     0.638     0.874      0.75     0.737      0.68     0.407         0
     63/99     5.25G     0.798     0.443         0      1.24         9       352     0.618     0.879     0.746     0.726     0.684      0.41         0
     64/99     5.25G     0.751     0.366         0      1.12         4       352      0.64      0.87      0.75     0.737     0.686      0.41         0
     65/99     5.25G     0.772     0.402         0      1.17        18       480     0.671      0.88     0.768     0.761     0.675     0.398         0
     66/99     5.25G     0.774     0.415         0      1.19         5       576     0.675      0.87     0.762      0.76     0.674     0.396         0
     67/99     5.25G     0.755     0.365         0      1.12         5       544     0.674      0.87     0.762      0.76     0.675     0.396         0
     68/99     5.25G     0.765       0.4         0      1.16        14       544     0.679     0.875     0.761     0.764     0.673     0.396         0
     69/99     5.25G     0.759     0.388         0      1.15         8       384      0.64     0.879     0.754     0.741     0.683     0.405         0
     70/99     5.25G     0.768     0.406         0      1.17         9       448     0.659     0.877     0.759     0.753     0.679     0.403         0
     71/99     5.25G     0.769     0.403         0      1.17         5       448     0.656     0.875      0.76      0.75     0.674     0.399         0
     72/99     5.25G      0.77      0.42         0      1.19         8       576     0.663     0.874     0.761     0.754     0.672     0.396         0
     73/99     5.25G     0.764     0.392         0      1.16         4       384     0.655     0.879     0.758     0.751     0.679     0.404         0
     74/99     5.25G     0.741     0.353         0      1.09        12       448     0.657     0.881     0.767     0.753     0.675     0.399         0
     75/99     5.25G     0.756     0.383         0      1.14         7       544     0.675     0.878     0.764     0.763     0.668     0.395         0
     76/99     5.25G     0.724      0.34         0      1.06         8       576     0.673     0.873     0.762      0.76     0.671     0.395         0
     77/99     5.25G     0.771     0.412         0      1.18         3       320      0.63     0.875      0.75     0.733      0.69     0.411         0
     78/99     5.25G     0.789      0.45         0      1.24         6       480     0.658     0.878     0.762     0.752     0.671     0.398         0
     79/99     5.25G     0.787     0.432         0      1.22         9       448     0.662     0.878      0.76     0.755     0.675     0.398         0
     80/99     5.25G     0.753     0.378         0      1.13        12       384     0.648     0.879     0.757     0.746     0.682     0.404         0
     81/99     5.25G     0.737     0.375         0      1.11        10       512     0.675     0.871     0.763     0.761     0.671     0.398         0
     82/99     5.25G     0.747      0.38         0      1.13        15       320     0.659     0.863     0.749     0.748     0.689     0.415         0
     83/99     5.25G     0.787     0.436         0      1.22        11       608     0.675     0.863      0.76     0.757     0.674     0.397         0
     84/99     5.25G     0.746     0.368         0      1.11         2       608     0.673     0.861     0.758     0.755     0.674     0.398         0
     85/99     5.25G     0.761     0.407         0      1.17         8       320     0.646     0.862     0.741     0.738     0.693     0.417         0
     86/99     5.25G     0.793     0.451         0      1.24         5       512      0.67     0.863     0.757     0.755     0.675       0.4         0
     87/99     5.25G     0.751      0.37         0      1.12         8       480     0.662     0.877      0.76     0.754     0.672     0.398         0
     88/99     5.25G     0.762     0.395         0      1.16        16       480      0.66     0.881     0.768     0.755     0.671     0.398         0
     89/99     5.25G     0.746     0.384         0      1.13         7       512      0.67     0.876     0.762     0.759      0.67     0.396         0
     90/99     5.25G     0.766     0.416         0      1.18         6       544     0.676     0.866     0.755     0.759     0.669     0.397         0
     91/99     5.25G     0.761     0.408         0      1.17        12       416     0.663     0.877      0.76     0.755     0.676     0.404         0
     92/99     5.25G      0.75     0.384         0      1.13         4       512     0.671     0.871     0.762     0.758     0.669     0.397         0
     93/99     5.25G      0.77     0.409         0      1.18         7       352     0.652     0.878     0.756     0.748     0.682     0.409         0
     94/99     5.25G     0.725     0.337         0      1.06         8       544      0.68      0.87     0.762     0.764     0.673     0.396         0
     95/99     5.25G     0.773     0.413         0      1.19         6       512     0.679     0.869     0.755     0.762      0.67     0.398         0
     96/99     5.25G     0.771     0.417         0      1.19         8       448     0.668     0.871     0.761     0.756     0.672     0.402         0
     97/99     5.25G     0.754     0.387         0      1.14        10       576     0.674     0.868     0.756     0.759     0.668     0.398         0
     98/99     5.25G     0.759     0.391         0      1.15         8       576     0.673      0.87      0.76     0.759     0.669     0.396         0
     99/99     5.25G     0.761     0.387         0      1.15         5       576       0.1     0.951     0.799     0.182     0.669     0.397         0
