     0/499     4.22G      1.99      29.4         0      31.4       134       608         0         0         0         0      4.33       nan         0
     1/499     4.23G      1.99      28.6         0      30.6       138       608  0.000607   0.00416  8.69e-06   0.00106      3.23      28.2         0
     2/499     4.23G      2.06      27.3         0      29.4       148       608  0.000631   0.00436  1.59e-05    0.0011      3.23      26.5         0
     3/499     4.23G      1.92      25.6         0      27.5       109       608  0.000952   0.00654  2.28e-05   0.00166      3.24      25.2         0
     4/499     4.23G      1.98      23.6         0      25.6       165       608   0.00128   0.00891  2.31e-05   0.00223      3.22      22.9         0
     5/499     4.23G      1.89      21.4         0      23.3       160       608   0.00115   0.00773  3.82e-05   0.00201      3.22      20.5         0
     6/499     4.23G      1.93      19.2         0      21.1       149       608   0.00103   0.00654   8.6e-05   0.00178      3.21      18.1         0
     7/499     4.23G      1.87        17         0      18.8       149       608  0.000971   0.00614  5.99e-05   0.00168      3.21      16.5         0
     8/499     4.23G      1.85      14.7         0      16.6       142       608   0.00072   0.00456  1.73e-05   0.00124      3.21      14.1         0
     9/499     4.23G      1.89      12.7         0      14.6       174       608   0.00106   0.00674  1.88e-05   0.00183      3.21        12         0
    10/499     4.23G      1.88      10.8         0      12.6       141       608   0.00107   0.00693   1.9e-05   0.00186      3.21      9.99         0
    11/499     4.23G      1.75         9         0      10.8        71       608   0.00139   0.00911  2.88e-05   0.00241      3.21      8.81         0
    12/499     4.23G       1.7      7.44         0      9.14       139       608   0.00115   0.00753  3.64e-05     0.002      3.22      7.24         0
    13/499     4.23G       1.6      6.11         0      7.71        75       608   0.00138   0.00872  5.88e-05   0.00238      3.23      5.92         0
    14/499     4.23G      1.56      4.99         0      6.55       135       608   0.00182    0.0109  8.22e-05   0.00312      3.25      4.83         0
    15/499     4.23G       1.6      4.05         0      5.65       189       608         0         0         0         0      3.25      4.23         0
    16/499     4.23G      1.53      3.27         0       4.8       115       608         0         0         0         0      3.28       3.5         0
    17/499     4.23G      1.56      2.67         0      4.23       123       608         0         0         0         0      3.29      2.94         0
    18/499     4.23G      1.48      2.17         0      3.65       168       608         0         0         0         0      3.33      2.53         0
    19/499     4.23G      1.52       1.8         0      3.32       189       608         0         0         0         0      3.34      2.31         0
    20/499     4.23G      1.61       1.5         0      3.11       120       608         0         0         0         0      3.38      2.06         0
    21/499     4.23G       1.5      1.28         0      2.78       103       608         0         0         0         0      3.39      1.89         0
    22/499     4.23G      1.55      1.13         0      2.68       167       608         0         0         0         0       3.4      1.76         0
    23/499     4.23G      1.45     0.994         0      2.45        96       608         0         0         0         0      3.42       1.7         0
    24/499     4.23G      1.49     0.885         0      2.38        84       608         0         0         0         0      3.42      1.63         0
    25/499     4.23G      1.52     0.822         0      2.35       125       608         0         0         0         0      3.42      1.58         0
    26/499     4.23G      1.53     0.733         0      2.26       166       608         0         0         0         0      3.43      1.55         0
    27/499     4.23G      1.46     0.713         0      2.17       105       608         0         0         0         0      3.42      1.54         0
    28/499     4.23G      1.57     0.687         0      2.26       159       608         0         0         0         0      3.41      1.53         0
    29/499     4.23G      1.42     0.602         0      2.02       100       608         0         0         0         0      3.42      1.53         0
    30/499     4.23G      1.46     0.612         0      2.07       143       608         0         0         0         0       3.4      1.53         0
    31/499     4.23G      1.47     0.583         0      2.05       132       608         0         0         0         0       3.4      1.53         0
    32/499     4.23G      1.47     0.554         0      2.03       132       608         0         0         0         0       3.4      1.54         0
    33/499     4.23G      1.48     0.508         0      1.99       140       608         0         0         0         0      3.39      1.55         0
    34/499     4.23G      1.45      0.49         0      1.94       128       608         0         0         0         0      3.39      1.56         0
    35/499     4.23G      1.49     0.517         0      2.01       189       608         0         0         0         0      3.37      1.57         0
    36/499     4.23G      1.45     0.502         0      1.96       140       608         0         0         0         0      3.38      1.58         0
    37/499     4.23G      1.52       0.5         0      2.02       124       608         0         0         0         0      3.38       1.6         0
    38/499     4.23G      1.46     0.471         0      1.93       154       608         0         0         0         0      3.38      1.61         0
    39/499     4.23G      1.43     0.448         0      1.87       142       608         0         0         0         0       3.4      1.62         0
    40/499     4.23G      1.49     0.473         0      1.97       166       608         0         0         0         0       3.4      1.63         0
    41/499     4.23G      1.49     0.444         0      1.94       114       608         0         0         0         0       3.4      1.64         0
    42/499     4.23G      1.38     0.447         0      1.83       169       608         0         0         0         0       3.4      1.65         0
    43/499     4.23G      1.47     0.423         0      1.89       161       608         0         0         0         0      3.41      1.66         0
    44/499     4.23G      1.44     0.445         0      1.88        87       608         0         0         0         0      3.41      1.66         0
    45/499     4.23G      1.48     0.426         0      1.91       141       608         0         0         0         0       3.4      1.67         0
    46/499     4.23G       1.5     0.406         0       1.9       170       608         0         0         0         0      3.41      1.68         0
    47/499     4.23G      1.45     0.403         0      1.86       171       608         0         0         0         0      3.41      1.69         0
    48/499     4.23G      1.37     0.367         0      1.73        78       608         0         0         0         0      3.42      1.69         0
    49/499     4.23G      1.51     0.386         0      1.89       192       608         0         0         0         0       3.4       1.7         0
    50/499     4.23G      1.48     0.397         0      1.88       153       608         0         0         0         0       3.4       1.7         0
    51/499     4.23G      1.48     0.401         0      1.88       180       608         0         0         0         0       3.4      1.71         0
    52/499     4.23G      1.44     0.365         0       1.8       130       608         0         0         0         0       3.4      1.71         0
    53/499     4.23G      1.52     0.374         0       1.9       144       608         0         0         0         0       3.4      1.72         0
    54/499     4.23G      1.51      0.36         0      1.87       150       608         0         0         0         0       3.4      1.72         0
    55/499     4.23G      1.47      0.39         0      1.86       171       608         0         0         0         0       3.4      1.73         0
    56/499     4.23G       1.4      0.34         0      1.74       153       608         0         0         0         0       3.4      1.73         0
    57/499     4.23G      1.42     0.326         0      1.75       113       608         0         0         0         0      3.41      1.73         0
    58/499     4.23G      1.41     0.345         0      1.76       136       608         0         0         0         0       3.4      1.74         0
    59/499     4.23G      1.43     0.345         0      1.78       113       608         0         0         0         0       3.4      1.74         0
    60/499     4.23G      1.37     0.331         0      1.71       152       608         0         0         0         0       3.4      1.74         0
    61/499     4.23G       1.5     0.338         0      1.84       116       608         0         0         0         0       3.4      1.74         0
    62/499     4.23G      1.46     0.326         0      1.79        91       608         0         0         0         0      3.39      1.74         0
    63/499     4.23G      1.51     0.327         0      1.84       131       608         0         0         0         0       3.4      1.75         0
    64/499     4.23G      1.55     0.335         0      1.88       119       608   0.00168  0.000594  9.05e-06  0.000877      3.41      1.75         0
    65/499     4.23G      1.47     0.343         0      1.81       143       608  0.000633  0.000198  3.74e-06  0.000302      3.39      1.75         0
    66/499     4.23G      1.46     0.302         0      1.76        82       608   0.00115  0.000594  5.88e-06  0.000784       3.4      1.75         0
    67/499     4.23G       1.5     0.294         0      1.79       135       608  0.000972  0.000594  5.96e-06  0.000738       3.4      1.76         0
    68/499     4.23G      1.43     0.322         0      1.75        89       608   0.00123  0.000792  8.14e-06  0.000965       3.4      1.76         0
    69/499     4.23G      1.39     0.293         0      1.68       127       608   0.00171   0.00139  9.78e-06   0.00153       3.4      1.76         0
    70/499     4.23G      1.51     0.315         0      1.83       170       608   0.00161   0.00119  8.54e-06   0.00137       3.4      1.76         0
    71/499     4.23G      1.43     0.302         0      1.74       126       608   0.00183   0.00158  1.04e-05    0.0017       3.4      1.76         0
    72/499     4.23G      1.36     0.288         0      1.64       148       608   0.00171   0.00158  1.05e-05   0.00165       3.4      1.76         0
    73/499     4.23G      1.42     0.279         0       1.7       111       608   0.00164   0.00178   1.2e-05   0.00171       3.4      1.76         0
    74/499     4.23G      1.39     0.271         0      1.66       120       608   0.00151   0.00218   1.3e-05   0.00179      3.41      1.77         0
    75/499     4.23G      1.48      0.29         0      1.77       117       608   0.00182   0.00198  1.43e-05    0.0019      3.39      1.77         0
    76/499     4.23G      1.46     0.294         0      1.75       140       608   0.00202   0.00218  2.51e-05   0.00209      3.39      1.76         0
    77/499     4.23G      1.47     0.278         0      1.75       206       608   0.00183   0.00238  2.79e-05   0.00207      3.39      1.77         0
    78/499     4.23G      1.45     0.266         0      1.72        98       608   0.00164   0.00277  3.32e-05   0.00206       3.4      1.77         0
    79/499     4.23G      1.45      0.26         0      1.71       153       608   0.00206   0.00337  3.52e-05   0.00255      3.39      1.77         0
    80/499     4.23G      1.37     0.258         0      1.63        77       608   0.00211   0.00357  3.72e-05   0.00265      3.39      1.77         0
    81/499     4.23G      1.42     0.261         0      1.69       116       608   0.00195   0.00297  3.68e-05   0.00236      3.39      1.77         0
    82/499     4.23G      1.38      0.26         0      1.64        84       608   0.00298   0.00515  4.27e-05   0.00377      3.39      1.77         0
    83/499     4.23G      1.41     0.248         0      1.66        96       608   0.00296   0.00515  4.27e-05   0.00376      3.38      1.77         0
    84/499     4.23G      1.42      0.25         0      1.66       131       608   0.00288   0.00436  3.94e-05   0.00347      3.37      1.76         0
    85/499     4.23G      1.37     0.232         0      1.61       114       608   0.00304   0.00594  8.81e-05   0.00402      3.38      1.77         0
    86/499     4.23G      1.39     0.243         0      1.63       136       608   0.00364   0.00654  8.62e-05   0.00468      3.38      1.77         0
    87/499     4.23G      1.39     0.228         0      1.62       138       608   0.00329   0.00634  0.000177   0.00433      3.38      1.77         0
    88/499     4.23G      1.38     0.223         0      1.61       147       608   0.00364   0.00733  0.000204   0.00486      3.38      1.77         0
    89/499     4.23G      1.45     0.231         0      1.68       125       608   0.00428   0.00792  0.000211   0.00556      3.37      1.77         0
    90/499     4.23G      1.27     0.226         0       1.5       134       608   0.00417   0.00753   0.00023   0.00537      3.36      1.77         0
    91/499     4.23G      1.32     0.235         0      1.55       109       608   0.00539   0.00911  0.000226   0.00677      3.35      1.77         0
    92/499     4.23G      1.42     0.232         0      1.65       138       608   0.00621   0.00951  0.000259   0.00751      3.35      1.77         0
    93/499     4.23G      1.42     0.227         0      1.65       159       608   0.00537    0.0105   0.00507    0.0071      3.34      1.77         0
    94/499     4.23G      1.38     0.207         0      1.58       119       608   0.00625    0.0123   0.00509   0.00829      3.34      1.77         0
    95/499     4.23G      1.46     0.208         0      1.67        90       608   0.00558    0.0121   0.00509   0.00763      3.34      1.77         0
    96/499     4.23G       1.4     0.205         0       1.6        86       608   0.00582    0.0129   0.00511   0.00801      3.34      1.77         0
    97/499     4.23G      1.37     0.203         0      1.58       126       608   0.00576    0.0125   0.00511   0.00788      3.33      1.78         0
    98/499     4.23G      1.36     0.216         0      1.58       195       608   0.00668    0.0135   0.00511   0.00893      3.33      1.77         0
    99/499     4.23G      1.42     0.202         0      1.62       105       608   0.00656    0.0149   0.00513    0.0091      3.33      1.78         0
   100/499     4.23G      1.32     0.209         0      1.53       218       608   0.00696    0.0151   0.00263   0.00952      3.33      1.78         0
   101/499     4.23G      1.28     0.206         0      1.49       157       608   0.00673    0.0141   0.00511   0.00911      3.32      1.78         0
   102/499     4.23G      1.36     0.183         0      1.54       125       608   0.00653    0.0158   0.00516   0.00925      3.33      1.79         0
   103/499     4.23G      1.27     0.201         0      1.48        98       608   0.00668    0.0153   0.00513   0.00929      3.32      1.78         0
   104/499     4.23G      1.27     0.189         0      1.46       141       608   0.00647     0.016   0.00518   0.00922      3.33      1.79         0
   105/499     4.23G      1.22     0.183         0       1.4       110       608    0.0065    0.0164   0.00271   0.00932      3.33       1.8         0
   106/499     4.23G      1.19      0.19         0      1.38       152       608   0.00654    0.0172   0.00274   0.00948      3.34      1.81         0
   107/499     4.23G      1.19     0.203         0       1.4       128       608   0.00597    0.0153   0.00517   0.00858      3.34      1.81         0
   108/499     4.23G      1.15     0.201         0      1.35       144       608   0.00563    0.0149   0.00267   0.00816      3.35      1.82         0
   109/499     4.23G      1.16     0.185         0      1.34       148       608   0.00523    0.0137   0.00259   0.00757      3.36      1.83         0
   110/499     4.23G      1.16     0.184         0      1.35       116       608    0.0052    0.0139   0.00258   0.00757      3.36      1.84         0
   111/499     4.23G      1.15     0.183         0      1.33       130       608   0.00536    0.0143   0.00509   0.00779      3.35      1.85         0
   112/499     4.23G      1.15     0.192         0      1.34       105       608     0.006     0.016   0.00511   0.00873      3.36      1.87         0
   113/499     4.23G      1.14     0.185         0      1.32       180       608   0.00561    0.0149   0.00259   0.00814      3.36      1.88         0
   114/499     4.23G      1.03     0.186         0      1.21       130       608   0.00648     0.017   0.00181   0.00939      3.36      1.89         0
   115/499     4.23G      1.09     0.182         0      1.27       197       608   0.00531    0.0143   0.00259   0.00774      3.36      1.89         0
   116/499     4.23G      1.02     0.172         0      1.19       169       608   0.00568    0.0158   0.00136   0.00837      3.37      1.91         0
   117/499     4.23G     0.961     0.192         0      1.15       138       608   0.00603    0.0153  0.000444   0.00864      3.37      1.91         0
   118/499     4.23G     0.961     0.186         0      1.15       161       608   0.00616     0.016   0.00113    0.0089      3.39      1.91         0
   119/499     4.23G      0.95     0.179         0      1.13       111       608   0.00604     0.016    0.0014   0.00877      3.38      1.92         0
   120/499     4.23G     0.952     0.178         0      1.13       106       608   0.00627    0.0168    0.0011   0.00913      3.38      1.92         0
   121/499     4.23G     0.851     0.168         0      1.02       160       608   0.00495    0.0141   0.00103   0.00733      3.38      1.93         0
   122/499     4.23G      0.89     0.186         0      1.08        98       608   0.00468    0.0131  0.000961    0.0069      3.39      1.93         0
   123/499     4.23G     0.911     0.175         0      1.09        92       608   0.00527    0.0155   0.00109   0.00786       3.4      1.96         0
   124/499     4.23G     0.907     0.169         0      1.08       131       608   0.00474    0.0141  0.000798   0.00709      3.39      1.96         0
   125/499     4.23G     0.876     0.171         0      1.05        74       608   0.00457    0.0143  0.000688   0.00693       3.4      1.98         0
   126/499     4.23G     0.881     0.163         0      1.04        87       608   0.00448    0.0143  0.000648   0.00682       3.4      1.98         0
   127/499     4.23G     0.907     0.182         0      1.09       121       608   0.00398    0.0113  0.000545   0.00588      3.38      1.94         0
   128/499     4.23G     0.844     0.182         0      1.03        96       608   0.00394    0.0119   0.00513   0.00592      3.39      1.95         0
   129/499     4.23G     0.829     0.173         0         1       142       608   0.00463    0.0137   0.00517   0.00691      3.38      1.95         0
   130/499     4.23G     0.843     0.174         0      1.02        95       608   0.00432    0.0129   0.00515   0.00647      3.39      1.95         0
   131/499     4.23G     0.844     0.177         0      1.02        87       608    0.0041    0.0119    0.0051   0.00609      3.39      1.94         0
   132/499     4.23G     0.795     0.179         0     0.973       123       608    0.0049    0.0145   0.00517   0.00733      3.41      1.95         0
   133/499     4.23G     0.815     0.167         0     0.982       180       608   0.00432    0.0133   0.00511   0.00652      3.42      1.96         0
   134/499     4.23G     0.803     0.169         0     0.971       161       608   0.00384    0.0119   0.00174   0.00581      3.42      1.97         0
   135/499     4.23G     0.758     0.162         0      0.92       139       608   0.00339    0.0101    0.0017   0.00508      3.43      1.97         0
   136/499     4.23G     0.786     0.166         0     0.952       111       608    0.0038    0.0123   0.00508   0.00581      3.44         2         0
   137/499     4.23G      0.74     0.158         0     0.898       136       608   0.00382    0.0113   0.00507   0.00571      3.43      1.96         0
   138/499     4.23G     0.735     0.168         0     0.904       119       608   0.00373    0.0109   0.00507   0.00555      3.42      1.94         0
   139/499     4.23G     0.787      0.17         0     0.958       167       608   0.00397    0.0109   0.00505   0.00582      3.41      1.92         0
   140/499     4.23G     0.757      0.17         0     0.926        80       608   0.00455    0.0129   0.00507   0.00673      3.42      1.92         0
   141/499     4.23G     0.726     0.165         0     0.891       112       608   0.00456    0.0137   0.00511   0.00683      3.42      1.92         0
   142/499     4.23G     0.691     0.164         0     0.855       138       608   0.00476    0.0141   0.00137   0.00712      3.42      1.93         0
   143/499     4.23G     0.736     0.164         0       0.9       131       608    0.0046    0.0137   0.00512   0.00689      3.42      1.92         0
   144/499     4.23G     0.739     0.172         0     0.911       147       608    0.0054    0.0153   0.00517   0.00798      3.41      1.91         0
   145/499     4.23G     0.711     0.162         0     0.873        73       608   0.00483    0.0147   0.00514   0.00726      3.43      1.92         0
   146/499     4.23G     0.725     0.166         0      0.89       105       608   0.00435    0.0127    0.0026   0.00648      3.42      1.91         0
   147/499     4.23G     0.732     0.153         0     0.885       137       608   0.00442    0.0139   0.00262    0.0067      3.43      1.91         0
   148/499     4.23G     0.687     0.166         0     0.853       126       608   0.00481    0.0143   0.00138   0.00719      3.43      1.88         0
   149/499     4.23G     0.692     0.165         0     0.857       128       608   0.00491    0.0143   0.00137   0.00731      3.42      1.87         0
   150/499     4.23G     0.692     0.172         0     0.865       128       608   0.00469    0.0139   0.00138     0.007      3.43      1.87         0
   151/499     4.23G     0.717     0.158         0     0.875       135       608    0.0047    0.0145   0.00215    0.0071      3.42      1.87         0
   152/499     4.23G     0.698     0.162         0      0.86       124       608   0.00532     0.016   0.00277   0.00799      3.43      1.87         0
   153/499     4.23G     0.652      0.16         0     0.812       103       608   0.00535    0.0153   0.00266   0.00792      3.42      1.85         0
   154/499     4.23G      0.68     0.153         0     0.833       173       608   0.00474    0.0141   0.00265   0.00709      3.43      1.86         0
   155/499     4.23G     0.681     0.156         0     0.837       101       608   0.00473    0.0137   0.00262   0.00703      3.43      1.85         0
   156/499     4.23G     0.663     0.156         0     0.819       136       608   0.00458    0.0135   0.00262   0.00684      3.43      1.85         0
   157/499     4.23G     0.642     0.153         0     0.795       113       608   0.00415    0.0125   0.00257   0.00623      3.44      1.86         0
   158/499     4.23G     0.674     0.159         0     0.833       196       608   0.00426    0.0119   0.00256   0.00627      3.44      1.84         0
   159/499     4.23G     0.648     0.156         0     0.805       100       608   0.00403    0.0115   0.00256   0.00597      3.43      1.84         0
   160/499     4.23G     0.633     0.149         0     0.781        92       608   0.00385    0.0117   0.00255   0.00579      3.44      1.84         0
   161/499     4.23G     0.655     0.168         0     0.822       161       608   0.00423    0.0117   0.00257   0.00621      3.43      1.83         0
   162/499     4.23G     0.667     0.154         0     0.821       112       608    0.0045    0.0139   0.00515   0.00679      3.44      1.85         0
   163/499     4.23G     0.599     0.157         0     0.755       114       608   0.00441    0.0127   0.00508   0.00655      3.43      1.84         0
   164/499     4.23G     0.651     0.152         0     0.803       177       608   0.00493    0.0145   0.00518   0.00736      3.43      1.84         0
   165/499     4.23G     0.605     0.155         0     0.761       176       608    0.0052    0.0156    0.0052   0.00781      3.42      1.84         0
   166/499     4.23G     0.621     0.167         0     0.788       130       608   0.00575    0.0168   0.00538   0.00857      3.42      1.83         0
   167/499     4.23G      0.64     0.166         0     0.806       190       608   0.00527    0.0143   0.00517   0.00769      3.42      1.82         0
   168/499     4.23G     0.614     0.162         0     0.776       158       608   0.00558     0.016    0.0052   0.00828      3.42      1.81         0
   169/499     4.23G     0.618     0.162         0      0.78       144       608   0.00612    0.0176   0.00533   0.00908      3.42      1.82         0
   170/499     4.23G     0.566     0.154         0     0.719       116       608   0.00633    0.0186   0.00549   0.00945      3.42      1.82         0
   171/499     4.23G     0.594     0.152         0     0.746       171       608   0.00596    0.0168   0.00279    0.0088      3.41      1.81         0
   172/499     4.23G     0.564     0.152         0     0.716       122       608   0.00579    0.0172   0.00545   0.00867      3.41      1.83         0
   173/499     4.23G     0.553     0.146         0     0.699       162       608   0.00566    0.0166   0.00278   0.00845      3.42      1.82         0
   174/499     4.23G     0.577     0.152         0     0.729       112       608    0.0057    0.0174   0.00539    0.0086      3.42      1.83         0
   175/499     4.23G      0.56     0.153         0     0.713       138       608   0.00565     0.016   0.00271   0.00835      3.41      1.81         0
   176/499     4.23G      0.57     0.161         0     0.731       106       608   0.00548    0.0155   0.00522   0.00809      3.41       1.8         0
   177/499     4.23G     0.555     0.151         0     0.707       147       608   0.00557    0.0164   0.00529   0.00832      3.41      1.81         0
   178/499     4.23G     0.546     0.153         0       0.7       127       608   0.00618    0.0168   0.00275   0.00905       3.4       1.8         0
   179/499     4.23G     0.543     0.146         0      0.69        99       608   0.00564    0.0162   0.00278   0.00837      3.41       1.8         0
   180/499     4.23G     0.533      0.15         0     0.683       116       608   0.00587    0.0164   0.00278   0.00866      3.42      1.79         0
   181/499     4.23G     0.541     0.137         0     0.677       119       608   0.00596     0.017   0.00276   0.00883      3.42      1.79         0
   182/499     4.23G     0.563     0.154         0     0.717       119       608   0.00577    0.0166   0.00274   0.00857      3.42      1.79         0
   183/499     4.23G     0.555     0.149         0     0.704       107       608   0.00589    0.0164   0.00275   0.00867      3.42      1.79         0
   184/499     4.23G     0.524     0.139         0     0.663       151       608    0.0056    0.0166   0.00282   0.00838      3.43       1.8         0
   185/499     4.23G     0.533     0.141         0     0.674       126       608   0.00517    0.0149   0.00274   0.00767      3.43      1.79         0
   186/499     4.23G      0.51     0.146         0     0.656       158       608    0.0053    0.0149    0.0052   0.00781      3.44      1.79         0
   187/499     4.23G     0.553     0.148         0     0.701       138       608   0.00561    0.0155   0.00276   0.00824      3.43      1.79         0
   188/499     4.23G     0.539     0.142         0     0.681       175       608   0.00519    0.0151   0.00274   0.00772      3.44       1.8         0
   189/499     4.23G     0.536     0.148         0     0.684       125       608   0.00544    0.0151   0.00275   0.00799      3.43      1.79         0
   190/499     4.23G     0.526     0.137         0     0.663        97       608   0.00536    0.0162   0.00526   0.00806      3.42       1.8         0
   191/499     4.23G     0.529     0.145         0     0.675       116       608   0.00587    0.0168   0.00537   0.00871      3.42      1.79         0
   192/499     4.23G     0.512     0.155         0     0.668       127       608   0.00594    0.0155   0.00276   0.00858      3.43      1.77         0
   193/499     4.23G     0.544     0.144         0     0.688       179       608   0.00573    0.0162   0.00274   0.00847      3.42      1.79         0
   194/499     4.23G     0.528     0.149         0     0.677       222       608    0.0058     0.016   0.00274   0.00852      3.43      1.79         0
   195/499     4.23G     0.502     0.146         0     0.648       130       608   0.00524    0.0147   0.00272   0.00772      3.42      1.78         0
   196/499     4.23G     0.509     0.153         0     0.662       136       608   0.00535    0.0153   0.00519   0.00792      3.42      1.78         0
   197/499     4.23G      0.49     0.142         0     0.632       117       608    0.0052    0.0158   0.00273   0.00784      3.42      1.78         0
   198/499     4.23G     0.513     0.139         0     0.652        96       608   0.00555    0.0162   0.00524   0.00827      3.42      1.78         0
   199/499     4.23G     0.515     0.145         0      0.66       155       608   0.00504    0.0147   0.00523    0.0075      3.42      1.78         0
   200/499     4.23G     0.511     0.137         0     0.648       122       608    0.0053    0.0155   0.00518   0.00789      3.42      1.78         0
   201/499     4.23G      0.51     0.139         0     0.649        81       608   0.00609    0.0178   0.00553   0.00908      3.42      1.78         0
   202/499     4.23G     0.505     0.147         0     0.652       189       608   0.00567    0.0156   0.00274   0.00833      3.42      1.76         0
   203/499     4.23G     0.525     0.143         0     0.668        96       608   0.00583    0.0168   0.00291   0.00866      3.42      1.77         0
   204/499     4.23G     0.499     0.148         0     0.647       141       608   0.00596    0.0174   0.00297   0.00888      3.42      1.76         0
   205/499     4.23G     0.516     0.148         0     0.664       139       608   0.00628    0.0176   0.00309   0.00927      3.42      1.76         0
   206/499     4.23G     0.516     0.149         0     0.665       154       608   0.00565    0.0156   0.00284    0.0083      3.41      1.76         0
   207/499     4.23G     0.498     0.138         0     0.636       156       608   0.00586    0.0172     0.003   0.00874      3.42      1.77         0
   208/499     4.23G     0.506     0.145         0     0.651       105       608   0.00566    0.0166   0.00293   0.00844      3.42      1.78         0
   209/499     4.23G     0.507      0.14         0     0.647       117       608   0.00576     0.017     0.003   0.00861      3.42      1.78         0
   210/499     4.23G     0.486     0.142         0     0.627       122       608   0.00608    0.0186   0.00297   0.00917      3.43      1.79         0
   211/499     4.23G     0.503     0.142         0     0.645       127       608   0.00614    0.0182   0.00299   0.00918      3.43      1.78         0
   212/499     4.23G     0.471     0.143         0     0.614       105       608   0.00589     0.018    0.0029   0.00888      3.43      1.79         0
   213/499     4.23G     0.488     0.143         0     0.632       139       608   0.00605     0.017   0.00409   0.00893      3.42      1.77         0
   214/499     4.23G     0.464     0.148         0     0.612       138       608   0.00642    0.0164   0.00281   0.00924      3.43      1.75         0
   215/499     4.23G     0.495     0.138         0     0.633       100       608   0.00588     0.018   0.00289   0.00887      3.44      1.78         0
   216/499     4.23G     0.481      0.14         0     0.621       167       608   0.00658    0.0186   0.00296   0.00972      3.43      1.77         0
   217/499     4.23G     0.487     0.136         0     0.623       127       608   0.00652    0.0182   0.00293   0.00961      3.42      1.75         0
   218/499     4.23G     0.482     0.148         0     0.629       147       608   0.00669    0.0162   0.00281   0.00948      3.41      1.73         0
   219/499     4.23G     0.497     0.139         0     0.636       100       608   0.00621     0.016    0.0028   0.00895      3.42      1.73         0
   220/499     4.23G     0.477     0.141         0     0.618       113       608   0.00628    0.0172   0.00289    0.0092      3.42      1.74         0
   221/499     4.23G     0.463     0.143         0     0.606       174       608   0.00611     0.017   0.00287   0.00899      3.42      1.74         0
   222/499     4.23G     0.497     0.139         0     0.636        78       608   0.00563    0.0168   0.00285   0.00844      3.43      1.74         0
   223/499     4.23G     0.497     0.145         0     0.642       148       608   0.00664    0.0178   0.00284   0.00968      3.42      1.73         0
   224/499     4.23G     0.466     0.137         0     0.603       121       608    0.0059    0.0164   0.00273   0.00869      3.43      1.73         0
   225/499     4.23G     0.468     0.136         0     0.603       168       608   0.00654    0.0174   0.00283   0.00951      3.42      1.72         0
   226/499     4.23G     0.464     0.143         0     0.607       140       608   0.00679    0.0182   0.00287   0.00989      3.42      1.72         0
   227/499     4.23G     0.475     0.144         0     0.619       208       608   0.00654     0.017   0.00277   0.00945      3.42      1.71         0
   228/499     4.23G     0.474     0.136         0     0.611        90       608   0.00549    0.0166   0.00277   0.00825      3.43      1.73         0
   229/499     4.23G     0.451     0.131         0     0.582       191       608   0.00711    0.0188   0.00291    0.0103      3.43       1.7         0
   230/499     4.23G     0.456     0.137         0     0.593       130       608   0.00712    0.0184    0.0029    0.0103      3.42       1.7         0
   231/499     4.23G     0.468     0.133         0       0.6       130       608   0.00758    0.0196   0.00324    0.0109      3.42       1.7         0
   232/499     4.23G     0.478     0.136         0     0.614       109       608   0.00684    0.0184   0.00289   0.00998      3.42      1.71         0
   233/499     4.23G     0.463     0.132         0     0.595       118       608   0.00667    0.0176   0.00288   0.00968      3.42       1.7         0
   234/499     4.23G     0.471      0.14         0     0.611       173       608   0.00734    0.0182   0.00293    0.0105      3.42      1.69         0
   235/499     4.23G     0.459     0.135         0     0.593        88       608   0.00681    0.0176    0.0029   0.00982      3.42      1.69         0
   236/499     4.23G     0.461     0.141         0     0.603        86       608   0.00721    0.0184   0.00228    0.0104      3.43       1.7         0
   237/499     4.23G     0.471     0.142         0     0.613       134       608   0.00702    0.0174   0.00162      0.01      3.41       1.7         0
   238/499     4.23G     0.454     0.136         0      0.59       114       608   0.00629    0.0164   0.00155    0.0091      3.43       1.7         0
   239/499     4.23G     0.474     0.142         0     0.615       141       608    0.0071    0.0172    0.0022    0.0101      3.42      1.69         0
   240/499     4.23G     0.456     0.133         0     0.589       147       608   0.00698    0.0194   0.00233    0.0103      3.42      1.71         0
   241/499     4.23G     0.432     0.132         0     0.565        96       608   0.00582    0.0168    0.0022   0.00865      3.44      1.71         0
   242/499     4.23G     0.463     0.137         0       0.6       122       608   0.00758    0.0202   0.00305     0.011      3.42       1.7         0
   243/499     4.23G     0.431     0.129         0     0.561       163       608   0.00636     0.017   0.00534   0.00926      3.43       1.7         0
   244/499     4.23G     0.451      0.13         0      0.58       100       608   0.00689    0.0196   0.00552    0.0102      3.42      1.71         0
   245/499     4.23G     0.449     0.138         0     0.587       124       608   0.00687    0.0184   0.00545      0.01      3.43       1.7         0
   246/499     4.23G     0.453     0.135         0     0.588       137       608   0.00717     0.018   0.00546    0.0103      3.42      1.69         0
   247/499     4.23G     0.432     0.131         0     0.563       161       608   0.00806     0.021   0.00331    0.0116      3.41      1.68         0
   248/499     4.23G     0.447      0.13         0     0.577       179       608   0.00702    0.0178   0.00291    0.0101      3.41      1.67         0
   249/499     4.23G     0.447     0.132         0     0.579       126       608   0.00743    0.0188   0.00297    0.0107      3.42      1.68         0
   250/499     4.23G     0.452     0.128         0      0.58       109       608   0.00686    0.0176   0.00222   0.00988      3.42      1.68         0
   251/499     4.23G     0.447     0.131         0     0.577       104       608   0.00763    0.0188   0.00191    0.0109      3.42      1.68         0
   252/499     4.23G     0.442     0.134         0     0.576       163       608   0.00765     0.018   0.00187    0.0107      3.42      1.67         0
   253/499     4.23G     0.445     0.136         0     0.581       130       608    0.0078    0.0196   0.00175    0.0112      3.42      1.68         0
   254/499     4.23G     0.455     0.133         0     0.588       137       608   0.00803    0.0192   0.00211    0.0113      3.41      1.67         0
   255/499     4.23G     0.441     0.139         0      0.58       142       608   0.00804      0.02   0.00204    0.0115      3.41      1.67         0
   256/499     4.23G     0.447     0.133         0      0.58       116       608   0.00742    0.0198   0.00235    0.0108      3.41      1.67         0
   257/499     4.23G     0.446     0.136         0     0.581       150       608   0.00662    0.0178   0.00203   0.00965      3.41      1.67         0
   258/499     4.23G     0.427     0.123         0      0.55       114       608    0.0069    0.0186   0.00211    0.0101      3.42      1.67         0
   259/499     4.23G     0.428      0.13         0     0.557       148       608   0.00762    0.0192   0.00214    0.0109      3.42      1.67         0
   260/499     4.23G     0.442     0.135         0     0.576       145       608    0.0083    0.0192    0.0022    0.0116       3.4      1.66         0
   261/499     4.23G     0.448     0.131         0     0.579       186       608   0.00783    0.0198   0.00571    0.0112      3.41      1.67         0
   262/499     4.23G     0.439      0.13         0     0.569       126       608   0.00919    0.0226   0.00583    0.0131       3.4      1.66         0
   263/499     4.23G     0.427     0.144         0     0.571       166       608   0.00777    0.0188   0.00548     0.011       3.4      1.67         0
   264/499     4.23G     0.435     0.132         0     0.567       170       608   0.00796    0.0202   0.00326    0.0114      3.41      1.66         0
   265/499     4.23G     0.437     0.137         0     0.575       150       608   0.00788    0.0214   0.00581    0.0115      3.41      1.67         0
   266/499     4.23G     0.434     0.134         0     0.568       152       608   0.00888    0.0214   0.00343    0.0125      3.41      1.66         0
   267/499     4.23G     0.433     0.126         0      0.56        95       608   0.00785    0.0192   0.00561    0.0112      3.41      1.66         0
   268/499     4.23G     0.441     0.131         0     0.572       113       608   0.00839    0.0198   0.00563    0.0118      3.41      1.66         0
   269/499     4.23G     0.445     0.129         0     0.574       113       608   0.00892    0.0222   0.00589    0.0127      3.41      1.66         0
   270/499     4.23G     0.429     0.131         0     0.559       154       608   0.00802    0.0192   0.00554    0.0113      3.42      1.67         0
   271/499     4.23G      0.43     0.124         0     0.555       141       608   0.00784    0.0204   0.00568    0.0113      3.41      1.67         0
   272/499     4.23G     0.426      0.13         0     0.556       167       608   0.00716    0.0176   0.00548    0.0102      3.41      1.66         0
   273/499     4.23G     0.436     0.135         0     0.571       103       608   0.00858    0.0204   0.00574    0.0121      3.41      1.65         0
   274/499     4.23G     0.423     0.128         0     0.551       170       608   0.00816    0.0198   0.00581    0.0116      3.41      1.65         0
   275/499     4.23G     0.426     0.125         0     0.551       144       608   0.00604    0.0158   0.00194   0.00875      3.42      1.66         0
   276/499     4.23G     0.434     0.132         0     0.566       154       608   0.00693    0.0166   0.00196   0.00979       3.4      1.66         0
   277/499     4.23G     0.429     0.126         0     0.555       137       608   0.00716    0.0186   0.00553    0.0103      3.41      1.66         0
   278/499     4.23G     0.429     0.131         0     0.561       136       608   0.00594    0.0151   0.00527   0.00852      3.41      1.66         0
   279/499     4.23G     0.443     0.137         0     0.579       139       608   0.00685    0.0166   0.00546    0.0097      3.41      1.66         0
   280/499     4.23G     0.426     0.126         0     0.552       122       608   0.00695    0.0182   0.00552    0.0101      3.41      1.66         0
   281/499     4.23G     0.421     0.132         0     0.553       155       608   0.00747    0.0196   0.00563    0.0108       3.4      1.66         0
   282/499     4.23G      0.42     0.129         0     0.549       167       608   0.00746    0.0206   0.00573     0.011      3.41      1.67         0
   283/499     4.23G     0.416     0.122         0     0.538       141       608   0.00804    0.0196   0.00565    0.0114      3.39      1.65         0
   284/499     4.23G      0.41     0.132         0     0.542       115       608   0.00958    0.0224    0.0059    0.0134       3.4      1.65         0
   285/499     4.23G     0.421     0.129         0     0.551       120       608   0.00996    0.0224   0.00257    0.0138       3.4      1.64         0
   286/499     4.23G      0.42     0.128         0     0.549       121       608   0.00765    0.0192   0.00221    0.0109       3.4      1.64         0
   287/499     4.23G     0.412     0.129         0     0.542       176       608   0.00888     0.021   0.00247    0.0125      3.41      1.64         0
   288/499     4.23G     0.438     0.133         0     0.571        92       608   0.00841    0.0194   0.00188    0.0117      3.41      1.64         0
   289/499     4.23G      0.42     0.127         0     0.547       174       608    0.0082     0.019   0.00207    0.0115      3.41      1.65         0
   290/499     4.23G     0.417     0.126         0     0.543       164       608   0.00888      0.02   0.00262    0.0123       3.4      1.64         0
   291/499     4.23G     0.405     0.123         0     0.527       157       608    0.0108    0.0261   0.00229    0.0153      3.41      1.64         0
   292/499     4.23G     0.412     0.124         0     0.536       211       608   0.00894    0.0196   0.00225    0.0123      3.41      1.63         0
   293/499     4.23G     0.417     0.128         0     0.545       109       608   0.00974    0.0236   0.00198    0.0138      3.41      1.63         0
   294/499     4.23G     0.399     0.124         0     0.523       130       608   0.00945    0.0214   0.00215    0.0131       3.4      1.64         0
   295/499     4.23G     0.428     0.132         0      0.56       146       608   0.00917    0.0204   0.00207    0.0126      3.41      1.63         0
   296/499     4.23G     0.405     0.126         0     0.531       122       608    0.0102    0.0222    0.0027     0.014       3.4      1.63         0
   297/499     4.23G     0.406     0.117         0     0.522       137       608   0.00984     0.025    0.0023    0.0141      3.41      1.64         0
   298/499     4.23G     0.416     0.126         0     0.542       151       608    0.0083    0.0198   0.00155    0.0117       3.4      1.63         0
   299/499     4.23G     0.411     0.134         0     0.544       212       608   0.00858    0.0192   0.00177    0.0119      3.41      1.64         0
   300/499     4.23G     0.416     0.122         0     0.538       169       608   0.00905    0.0204   0.00211    0.0125       3.4      1.64         0
   301/499     4.23G     0.405     0.118         0     0.523       151       608   0.00828      0.02   0.00179    0.0117      3.41      1.64         0
   302/499     4.23G     0.419     0.122         0     0.541       128       608   0.00863     0.021   0.00175    0.0122      3.42      1.65         0
   303/499     4.23G     0.417     0.128         0     0.545       136       608    0.0102    0.0256   0.00218    0.0146      3.41      1.65         0
   304/499     4.23G     0.391     0.127         0     0.518       181       608    0.0112     0.024   0.00228    0.0152       3.4      1.64         0
   305/499     4.23G     0.406     0.134         0      0.54        84       608   0.00832    0.0192   0.00148    0.0116      3.41      1.64         0
   306/499     4.23G       0.4     0.131         0     0.531       150       608   0.00811    0.0186   0.00191    0.0113      3.41      1.63         0
   307/499     4.23G     0.407     0.118         0     0.525       168       608   0.00773    0.0182   0.00165    0.0109      3.41      1.64         0
   308/499     4.23G     0.413     0.119         0     0.532       117       608   0.00874     0.021   0.00203    0.0123      3.41      1.64         0
   309/499     4.23G     0.406     0.129         0     0.535        84       608   0.00737    0.0166   0.00155    0.0102      3.41      1.64         0
   310/499     4.23G      0.42     0.122         0     0.542        84       608   0.00905    0.0216   0.00211    0.0128      3.41      1.64         0
   311/499     4.23G     0.403     0.131         0     0.533       159       608   0.00996    0.0196   0.00189    0.0132       3.4      1.63         0
   312/499     4.23G       0.4     0.118         0     0.518        88       608   0.00939     0.019   0.00188    0.0126      3.41      1.63         0
   313/499     4.23G     0.399      0.12         0     0.519       109       608    0.0101    0.0218   0.00179    0.0138      3.41      1.63         0
   314/499     4.23G     0.395     0.131         0     0.526       130       608    0.0104    0.0192   0.00165    0.0135      3.41      1.63         0
   315/499     4.23G     0.403     0.113         0     0.516       140       608   0.00893    0.0208   0.00175    0.0125      3.41      1.64         0
   316/499     4.23G     0.411     0.129         0      0.54       131       608   0.00998    0.0202   0.00185    0.0134       3.4      1.63         0
   317/499     4.23G     0.401     0.125         0     0.526        78       608    0.0098    0.0202   0.00172    0.0132      3.41      1.62         0
   318/499     4.23G       0.4     0.124         0     0.524        97       608     0.012    0.0267   0.00213    0.0166       3.4      1.62         0
   319/499     4.23G     0.408     0.128         0     0.537       136       608     0.013    0.0256   0.00239    0.0173       3.4      1.63         0
   320/499     4.23G     0.407     0.122         0      0.53       125       608    0.0119    0.0236    0.0022    0.0158       3.4      1.62         0
   321/499     4.23G      0.38     0.123         0     0.503       101       608    0.0125    0.0242   0.00224    0.0165       3.4      1.61         0
   322/499     4.23G     0.383     0.121         0     0.504       128       608    0.0115    0.0236    0.0019    0.0155      3.41      1.61         0
   323/499     4.23G     0.398      0.12         0     0.517       142       608    0.0113     0.024   0.00187    0.0154       3.4      1.61         0
   324/499     4.23G     0.383     0.114         0     0.497       139       608    0.0126    0.0263   0.00228    0.0171       3.4       1.6         0
   325/499     4.23G      0.42     0.117         0     0.537       158       608    0.0113    0.0242   0.00225    0.0154       3.4      1.61         0
   326/499     4.23G     0.392     0.117         0     0.509       144       608    0.0145    0.0277   0.00265     0.019      3.39       1.6         0
   327/499     4.23G     0.409     0.121         0      0.53       169       608    0.0109    0.0226   0.00208    0.0147       3.4      1.61         0
   328/499     4.23G     0.385     0.125         0      0.51       146       608    0.0132    0.0248   0.00215    0.0173      3.39       1.6         0
   329/499     4.23G     0.396      0.12         0     0.517       156       608    0.0118    0.0252   0.00215    0.0161       3.4      1.61         0
   330/499     4.23G     0.391     0.122         0     0.513       122       608    0.0112    0.0228   0.00206     0.015      3.39       1.6         0
   331/499     4.23G     0.397     0.129         0     0.526       195       608    0.0138     0.025   0.00254    0.0178      3.39      1.61         0
   332/499     4.23G     0.391     0.116         0     0.507       160       608    0.0121    0.0242   0.00227    0.0161      3.39      1.61         0
   333/499     4.23G     0.404     0.121         0     0.525       132       608    0.0123     0.025   0.00239    0.0165       3.4      1.61         0
   334/499     4.23G     0.396     0.119         0     0.515       105       608     0.014    0.0281   0.00228    0.0187      3.41      1.61         0
   335/499     4.23G     0.386     0.123         0     0.509       168       608    0.0126    0.0236   0.00212    0.0164       3.4      1.61         0
   336/499     4.23G     0.401     0.127         0     0.529       122       608    0.0123     0.025   0.00217    0.0165      3.39      1.61         0
   337/499     4.23G      0.39     0.122         0     0.512       174       608    0.0125    0.0244   0.00212    0.0165       3.4       1.6         0
   338/499     4.23G     0.404      0.12         0     0.524        90       608    0.0123    0.0267   0.00205    0.0168      3.41      1.61         0
   339/499     4.23G     0.389     0.116         0     0.504       215       608    0.0137    0.0263   0.00261     0.018       3.4       1.6         0
   340/499     4.23G     0.378     0.112         0      0.49       152       608    0.0138    0.0293   0.00292    0.0188       3.4      1.61         0
   341/499     4.23G     0.397     0.116         0     0.513       117       608    0.0128    0.0269   0.00244    0.0174      3.41      1.61         0
   342/499     4.23G     0.398     0.118         0     0.516       176       608    0.0133    0.0228   0.00236    0.0168       3.4       1.6         0
   343/499     4.23G     0.379     0.122         0     0.501       145       608    0.0139    0.0238   0.00254    0.0175       3.4       1.6         0
   344/499     4.23G     0.387     0.119         0     0.505       118       608    0.0144    0.0265   0.00244    0.0187       3.4       1.6         0
   345/499     4.23G     0.405     0.126         0     0.531       144       608    0.0133    0.0236   0.00238     0.017       3.4      1.61         0
   346/499     4.23G     0.376     0.114         0     0.489        94       608     0.013     0.026   0.00215    0.0173      3.41      1.61         0
   347/499     4.23G     0.382     0.121         0     0.503       118       608    0.0142     0.024   0.00213    0.0179       3.4      1.61         0
   348/499     4.23G     0.381      0.12         0     0.501       136       608    0.0158    0.0267   0.00258    0.0199       3.4       1.6         0
   349/499     4.23G     0.371     0.118         0     0.489       135       608    0.0143    0.0248   0.00219    0.0181      3.39      1.59         0
   350/499     4.23G     0.395     0.114         0     0.509       112       608    0.0141    0.0267   0.00232    0.0185      3.41       1.6         0
   351/499     4.23G      0.39     0.116         0     0.506       130       608    0.0146    0.0277   0.00224    0.0191       3.4       1.6         0
   352/499     4.23G      0.37     0.125         0     0.496       134       608    0.0161    0.0265   0.00242      0.02      3.39      1.58         0
   353/499     4.23G     0.392     0.126         0     0.518       107       608    0.0134    0.0269   0.00237    0.0179      3.39      1.59         0
   354/499     4.23G     0.397      0.12         0     0.518       127       608    0.0125     0.024   0.00216    0.0165       3.4      1.59         0
   355/499     4.23G     0.392     0.115         0     0.506       127       608    0.0136    0.0273   0.00271    0.0182      3.39      1.58         0
   356/499     4.23G     0.384     0.116         0       0.5        90       608    0.0134     0.026   0.00291    0.0177      3.39      1.58         0
   357/499     4.23G     0.376     0.122         0     0.499        92       608    0.0113    0.0238   0.00261    0.0153       3.4      1.59         0
   358/499     4.23G      0.39     0.119         0      0.51       117       608    0.0128    0.0283   0.00279    0.0176       3.4      1.58         0
   359/499     4.23G     0.367     0.118         0     0.485       129       608    0.0141    0.0252   0.00255    0.0181       3.4      1.58         0
   360/499     4.23G     0.396     0.119         0     0.515       144       608    0.0138    0.0252   0.00258    0.0178       3.4      1.58         0
   361/499     4.23G     0.379     0.113         0     0.492       121       608    0.0142    0.0246   0.00245     0.018       3.4      1.57         0
   362/499     4.23G      0.39     0.122         0     0.511       131       608    0.0159     0.026   0.00288    0.0197      3.39      1.57         0
   363/499     4.23G     0.381     0.116         0     0.497       154       608    0.0144    0.0254   0.00227    0.0184      3.39      1.57         0
   364/499     4.23G     0.383     0.117         0       0.5        98       608    0.0152    0.0279   0.00222    0.0197      3.39      1.57         0
   365/499     4.23G     0.379     0.106         0     0.485       100       608    0.0155    0.0311   0.00284    0.0207       3.4      1.57         0
   366/499     4.23G     0.384      0.11         0     0.494       123       608    0.0155    0.0269   0.00262    0.0196      3.39      1.57         0
   367/499     4.23G     0.373     0.115         0     0.487       131       608    0.0145    0.0267   0.00233    0.0188      3.39      1.58         0
   368/499     4.23G     0.379     0.111         0      0.49       124       608    0.0182    0.0307    0.0034    0.0229      3.39      1.58         0
   369/499     4.23G      0.38     0.116         0     0.496       115       608    0.0171    0.0283   0.00289    0.0213       3.4      1.57         0
   370/499     4.23G     0.379     0.127         0     0.506       172       608    0.0144    0.0246   0.00254    0.0182      3.39      1.57         0
   371/499     4.23G     0.368     0.119         0     0.486       128       608    0.0144    0.0269   0.00255    0.0188      3.39      1.57         0
   372/499     4.23G     0.371     0.114         0     0.485       117       608    0.0157    0.0313   0.00314    0.0209       3.4      1.58         0
   373/499     4.23G     0.383     0.125         0     0.508       161       608    0.0159    0.0252    0.0026    0.0195      3.39      1.58         0
   374/499     4.23G      0.39     0.127         0     0.517       159       608    0.0131    0.0246   0.00239    0.0171       3.4      1.57         0
   375/499     4.23G     0.378     0.112         0      0.49       102       608    0.0132    0.0269    0.0024    0.0177      3.41      1.58         0
   376/499     4.23G     0.365     0.113         0     0.478       100       608    0.0147    0.0299   0.00333    0.0197       3.4      1.58         0
   377/499     4.23G     0.373     0.122         0     0.495       113       608    0.0151    0.0287   0.00284    0.0198       3.4      1.57         0
   378/499     4.23G     0.396     0.126         0     0.522        92       608     0.014    0.0265   0.00261    0.0183       3.4      1.57         0
   379/499     4.23G     0.376      0.12         0     0.496       104       608    0.0153    0.0275   0.00282    0.0197      3.39      1.57         0
   380/499     4.23G     0.386     0.116         0     0.502       134       608     0.018    0.0319   0.00374     0.023       3.4      1.56         0
   381/499     4.23G     0.384     0.114         0     0.498       152       608    0.0165    0.0271   0.00307    0.0205      3.39      1.56         0
   382/499     4.23G     0.372     0.117         0      0.49       135       608    0.0156    0.0289   0.00276    0.0203       3.4      1.56         0
   383/499     4.23G     0.386     0.115         0     0.501       183       608    0.0148    0.0254   0.00253    0.0187       3.4      1.56         0
   384/499     4.23G     0.379     0.115         0     0.494       118       608    0.0138    0.0252   0.00256    0.0179      3.41      1.56         0
   385/499     4.23G     0.382     0.117         0     0.499       125       608    0.0158    0.0263   0.00448    0.0197      3.39      1.55         0
   386/499     4.23G      0.39     0.117         0     0.506       132       608    0.0166    0.0238   0.00439    0.0196       3.4      1.55         0
   387/499     4.23G     0.369     0.101         0      0.47        89       608    0.0145    0.0265   0.00309    0.0187      3.41      1.55         0
   388/499     4.23G     0.381     0.123         0     0.503        98       608    0.0164    0.0281   0.00327    0.0207      3.41      1.56         0
   389/499     4.23G     0.358     0.116         0     0.474       128       608     0.017    0.0271   0.00321    0.0209      3.39      1.55         0
   390/499     4.23G     0.371     0.108         0     0.479        85       608    0.0125    0.0234   0.00282    0.0163      3.41      1.56         0
   391/499     4.23G     0.381     0.118         0     0.499       108       608     0.016    0.0258   0.00275    0.0198      3.39      1.56         0
   392/499     4.23G     0.376     0.116         0     0.493       137       608    0.0146    0.0301   0.00335    0.0197       3.4      1.57         0
   393/499     4.23G     0.376     0.116         0     0.492       130       608    0.0161    0.0283   0.00335    0.0205      3.39      1.56         0
   394/499     4.23G     0.362      0.11         0     0.472       147       608    0.0165    0.0275    0.0028    0.0206       3.4      1.56         0
   395/499     4.23G     0.369     0.108         0     0.477       111       608    0.0172    0.0281   0.00291    0.0213       3.4      1.56         0
   396/499     4.23G     0.376     0.112         0     0.488       124       608    0.0172    0.0283   0.00319    0.0214      3.39      1.56         0
   397/499     4.23G     0.369      0.12         0     0.489       149       608    0.0154    0.0265   0.00337    0.0195       3.4      1.58         0
   398/499     4.23G     0.375     0.117         0     0.492       103       608    0.0124    0.0246   0.00312    0.0165       3.4      1.58         0
   399/499     4.23G     0.384     0.104         0     0.488        70       608    0.0141    0.0273   0.00326    0.0186      3.41      1.57         0
   400/499     4.23G     0.358     0.103         0     0.461        82       608    0.0116    0.0244   0.00303    0.0157      3.41      1.56         0
   401/499     4.23G     0.362     0.117         0     0.479       179       608    0.0144    0.0256    0.0026    0.0184       3.4      1.56         0
   402/499     4.23G     0.383      0.11         0     0.493       156       608    0.0169    0.0271   0.00291    0.0208      3.39      1.56         0
   403/499     4.23G      0.37     0.114         0     0.484       149       608    0.0171    0.0275   0.00274    0.0211      3.39      1.56         0
   404/499     4.23G     0.375     0.108         0     0.484       117       608    0.0157    0.0265   0.00257    0.0197      3.39      1.55         0
   405/499     4.23G     0.356     0.107         0     0.463       155       608    0.0158    0.0267   0.00241    0.0199       3.4      1.55         0
   406/499     4.23G     0.367     0.114         0     0.481       138       608      0.02    0.0315   0.00315    0.0245      3.39      1.55         0
   407/499     4.23G     0.377     0.118         0     0.495       133       608    0.0181    0.0273   0.00269    0.0218      3.39      1.54         0
   408/499     4.23G     0.363     0.112         0     0.475       102       608    0.0161    0.0269   0.00258    0.0202      3.39      1.55         0
   409/499     4.23G     0.353      0.11         0     0.463       147       608     0.015    0.0256   0.00242    0.0189      3.39      1.54         0
   410/499     4.23G     0.357      0.11         0     0.467       159       608    0.0181    0.0277   0.00278    0.0219      3.39      1.55         0
   411/499     4.23G      0.36     0.115         0     0.474       185       608    0.0159    0.0242   0.00277    0.0192       3.4      1.55         0
   412/499     4.23G     0.369     0.118         0     0.487       145       608    0.0157    0.0277   0.00264    0.0201       3.4      1.56         0
   413/499     4.23G     0.359     0.111         0      0.47       151       608    0.0158    0.0277   0.00256    0.0201      3.39      1.55         0
   414/499     4.23G     0.369     0.111         0      0.48       163       608    0.0177    0.0265   0.00251    0.0212      3.39      1.56         0
   415/499     4.23G     0.364     0.111         0     0.475       154       608    0.0185    0.0289   0.00262    0.0226      3.39      1.56         0
   416/499     4.23G     0.361     0.116         0     0.476       157       608    0.0169     0.025    0.0029    0.0202      3.39      1.56         0
   417/499     4.23G      0.36      0.11         0      0.47       115       608     0.019    0.0319   0.00349    0.0238      3.39      1.55         0
   418/499     4.23G      0.36      0.11         0      0.47        93       608    0.0156    0.0303   0.00391    0.0206       3.4      1.56         0
   419/499     4.23G     0.356     0.111         0     0.467       125       608    0.0175    0.0293   0.00389    0.0219       3.4      1.55         0
   420/499     4.23G     0.367      0.11         0     0.477       161       608    0.0186    0.0275   0.00381    0.0222      3.39      1.56         0
   421/499     4.23G     0.369     0.108         0     0.477       131       608    0.0169    0.0283   0.00381    0.0212       3.4      1.55         0
   422/499     4.23G     0.363     0.112         0     0.475       147       608    0.0166    0.0244   0.00381    0.0197       3.4      1.55         0
   423/499     4.23G     0.359      0.11         0      0.47       118       608    0.0196    0.0313   0.00437    0.0241      3.39      1.54         0
   424/499     4.23G     0.356     0.112         0     0.467        65       608     0.018    0.0285   0.00393    0.0221       3.4      1.55         0
   425/499     4.23G     0.373     0.107         0     0.481       138       608    0.0183    0.0297   0.00331    0.0226       3.4      1.54         0
   426/499     4.23G     0.355     0.116         0     0.471        81       608    0.0178    0.0307   0.00356    0.0226       3.4      1.53         0
   427/499     4.23G     0.376     0.111         0     0.486        89       608    0.0174    0.0313   0.00443    0.0223      3.41      1.53         0
   428/499     4.23G     0.364     0.116         0      0.48       137       608    0.0194    0.0293    0.0031    0.0234      3.39      1.55         0
   429/499     4.23G      0.37     0.118         0     0.488       152       608    0.0178    0.0305   0.00368    0.0225      3.39      1.54         0
   430/499     4.23G     0.355     0.117         0     0.473       131       608    0.0186    0.0275   0.00321    0.0222      3.39      1.54         0
   431/499     4.23G      0.36     0.111         0     0.472       103       608    0.0199    0.0293   0.00367    0.0237      3.39      1.55         0
   432/499     4.23G     0.355     0.108         0     0.462       134       608    0.0194    0.0283   0.00329    0.0231      3.39      1.54         0
   433/499     4.23G     0.348     0.114         0     0.462       123       608    0.0203    0.0291   0.00333    0.0239      3.39      1.54         0
   434/499     4.23G     0.357     0.109         0     0.466        92       608    0.0195    0.0319   0.00382    0.0242      3.39      1.53         0
   435/499     4.23G     0.354     0.112         0     0.466       174       608    0.0192    0.0311   0.00379    0.0237      3.39      1.54         0
   436/499     4.23G     0.363     0.106         0     0.469       143       608    0.0214    0.0325   0.00382    0.0258      3.39      1.53         0
   437/499     4.23G      0.36     0.115         0     0.475       131       608    0.0191    0.0297   0.00356    0.0232      3.39      1.53         0
   438/499     4.23G      0.36     0.106         0     0.466       163       608    0.0198    0.0347    0.0038    0.0252      3.39      1.52         0
   439/499     4.23G     0.353     0.107         0      0.46       141       608      0.02    0.0321   0.00378    0.0247      3.39      1.52         0
   440/499     4.23G     0.337      0.11         0     0.447       200       608    0.0215    0.0291   0.00336    0.0248      3.38      1.52         0
   441/499     4.23G     0.357     0.105         0     0.462       116       608    0.0205    0.0365   0.00391    0.0262      3.38      1.53         0
   442/499     4.23G     0.357      0.11         0     0.467       183       608    0.0242    0.0345   0.00404    0.0285      3.38      1.53         0
   443/499     4.23G     0.359     0.109         0     0.467       151       608    0.0217    0.0345   0.00404    0.0267      3.39      1.53         0
   444/499     4.23G     0.371     0.111         0     0.481       142       608    0.0218    0.0331   0.00385    0.0263      3.39      1.54         0
   445/499     4.23G     0.348     0.102         0      0.45       154       608    0.0231    0.0353   0.00397    0.0279      3.38      1.53         0
   446/499     4.23G      0.35     0.114         0     0.464       135       608    0.0191    0.0277   0.00297    0.0226      3.39      1.55         0
   447/499     4.23G     0.362     0.113         0     0.475       161       608    0.0217    0.0307   0.00359    0.0254      3.39      1.55         0
   448/499     4.23G     0.362     0.109         0     0.471       147       608    0.0195    0.0301   0.00319    0.0237       3.4      1.54         0
   449/499     4.23G     0.363     0.108         0     0.472       172       608    0.0213    0.0327   0.00305    0.0258      3.39      1.55         0
   450/499     4.23G      0.35     0.104         0     0.454       145       608    0.0191    0.0281   0.00383    0.0227       3.4      1.54         0
   451/499     4.23G     0.349     0.109         0     0.458       177       608    0.0183    0.0303   0.00405    0.0228      3.39      1.54         0
   452/499     4.23G     0.347     0.113         0      0.46       146       608    0.0189    0.0271   0.00297    0.0223      3.39      1.54         0
   453/499     4.23G     0.343     0.111         0     0.454        90       608    0.0166     0.026   0.00371    0.0202       3.4      1.55         0
   454/499     4.23G     0.351     0.106         0     0.457       143       608    0.0189    0.0305   0.00414    0.0234      3.39      1.54         0
   455/499     4.23G     0.338     0.103         0     0.441       102       608    0.0184    0.0321   0.00405    0.0234       3.4      1.54         0
   456/499     4.23G     0.342      0.11         0     0.452       104       608    0.0218    0.0327   0.00362    0.0262      3.39      1.54         0
   457/499     4.23G     0.367     0.108         0     0.476       111       608    0.0196    0.0311   0.00408     0.024      3.39      1.54         0
   458/499     4.23G     0.358     0.113         0     0.471       173       608    0.0191    0.0295     0.004    0.0232      3.39      1.53         0
   459/499     4.23G     0.357     0.113         0      0.47       168       608    0.0186    0.0244   0.00374    0.0211       3.4      1.54         0
   460/499     4.23G     0.363     0.105         0     0.467       146       608     0.021    0.0345   0.00446    0.0261       3.4      1.53         0
   461/499     4.23G     0.354     0.106         0      0.46       158       608    0.0206    0.0283   0.00395    0.0239      3.39      1.53         0
   462/499     4.23G     0.345     0.104         0     0.449       185       608     0.019    0.0303   0.00323    0.0234       3.4      1.53         0
   463/499     4.23G     0.352     0.105         0     0.457       122       608    0.0205    0.0349   0.00454    0.0258      3.39      1.52         0
   464/499     4.23G      0.33     0.111         0     0.441       161       608    0.0217    0.0289   0.00413    0.0248      3.39      1.52         0
   465/499     4.23G     0.356     0.105         0     0.461        94       608    0.0228    0.0303   0.00445    0.0261      3.39      1.53         0
   466/499     4.23G     0.347     0.107         0     0.453       128       608    0.0239    0.0295    0.0043    0.0264      3.39      1.53         0
   467/499     4.23G     0.342     0.105         0     0.447       133       608    0.0192    0.0261   0.00386    0.0221       3.4      1.53         0
   468/499     4.23G      0.34     0.107         0     0.447       216       608    0.0209    0.0267   0.00293    0.0234      3.39      1.53         0
   469/499     4.23G     0.354     0.105         0     0.459       146       608    0.0258    0.0323   0.00468    0.0287      3.39      1.53         0
   470/499     4.23G     0.346     0.103         0      0.45       132       608      0.02    0.0313   0.00391    0.0244       3.4      1.52         0
   471/499     4.23G     0.352     0.113         0     0.465       109       608    0.0201    0.0289   0.00392    0.0237      3.39      1.53         0
   472/499     4.23G     0.361     0.109         0      0.47       183       608    0.0287    0.0311   0.00429    0.0299      3.38      1.53         0
   473/499     4.23G     0.345     0.102         0     0.447       152       608    0.0265    0.0329   0.00396    0.0294      3.39      1.52         0
   474/499     4.23G     0.339     0.106         0     0.444       126       608    0.0267    0.0345   0.00416    0.0301      3.38      1.53         0
   475/499     4.23G     0.346     0.106         0     0.453       106       608    0.0219    0.0305   0.00352    0.0255      3.39      1.53         0
   476/499     4.23G     0.343     0.105         0     0.448       120       608    0.0197    0.0307   0.00325     0.024       3.4      1.53         0
   477/499     4.23G     0.351     0.109         0     0.459       192       608    0.0239    0.0307   0.00351    0.0269      3.39      1.53         0
   478/499     4.23G     0.345     0.106         0     0.451       117       608    0.0234    0.0313   0.00372    0.0268      3.39      1.52         0
   479/499     4.23G     0.354     0.102         0     0.457       116       608    0.0204    0.0325   0.00355    0.0251       3.4      1.52         0
   480/499     4.23G     0.343     0.106         0     0.449       180       608    0.0242    0.0299   0.00332    0.0267      3.39      1.52         0
   481/499     4.23G     0.364     0.106         0      0.47       129       608    0.0245    0.0335   0.00366    0.0283      3.38      1.52         0
   482/499     4.23G     0.353     0.106         0     0.459       141       608     0.022    0.0333   0.00396    0.0265      3.39      1.52         0
   483/499     4.23G     0.348     0.103         0     0.452       107       608    0.0209    0.0349   0.00336    0.0261      3.39      1.52         0
   484/499     4.23G     0.345     0.105         0      0.45       112       608    0.0222    0.0351   0.00436    0.0272      3.39      1.52         0
   485/499     4.23G     0.352     0.109         0     0.461       120       608     0.021    0.0325   0.00388    0.0255      3.39      1.53         0
   486/499     4.23G     0.342     0.103         0     0.445       198       608    0.0236    0.0337   0.00405    0.0278      3.38      1.53         0
   487/499     4.23G     0.337     0.105         0     0.441       155       608    0.0238    0.0343   0.00411    0.0281      3.38      1.54         0
   488/499     4.23G     0.341     0.104         0     0.445       113       608    0.0214    0.0333   0.00389     0.026      3.38      1.53         0
   489/499     4.23G     0.355     0.113         0     0.468       121       608    0.0236    0.0323   0.00407    0.0273      3.38      1.54         0
   490/499     4.23G     0.339     0.107         0     0.446       132       608    0.0204    0.0319   0.00382    0.0249      3.38      1.53         0
   491/499     4.23G     0.356    0.0958         0     0.452        68       608    0.0219    0.0341   0.00382    0.0266      3.39      1.53         0
   492/499     4.23G     0.343     0.102         0     0.445       142       608     0.024    0.0368   0.00371    0.0291      3.38      1.54         0
   493/499     4.23G     0.346      0.11         0     0.456       166       608    0.0233    0.0325   0.00337    0.0272      3.38      1.54         0
   494/499     4.23G     0.356     0.107         0     0.463       133       608    0.0239    0.0333   0.00339    0.0278      3.38      1.54         0
   495/499     4.23G     0.333     0.104         0     0.437       125       608    0.0225    0.0331   0.00316    0.0268      3.38      1.54         0
   496/499     4.23G     0.341     0.111         0     0.451       131       608    0.0242    0.0301   0.00297    0.0268      3.39      1.55         0
   497/499     4.23G     0.332     0.105         0     0.437       127       608    0.0245    0.0319    0.0033    0.0277      3.38      1.54         0
   498/499     4.23G     0.336     0.101         0     0.436       162       608    0.0249    0.0307   0.00334    0.0275      3.39      1.53         0
   499/499     4.23G     0.335     0.108         0     0.443        93       608    0.0108    0.0319   0.00292    0.0161       3.4      1.54         0
