     0/499     4.02G      2.08      29.5         0      31.5       203       416         0         0         0         0      3.26       nan         0
     1/499     4.02G      2.08      28.6         0      30.7       286       416         0         0         0         0      3.26       nan         0
     2/499     4.02G      2.06      27.3         0      29.4       230       416         0         0         0         0      3.26       nan         0
     3/499     4.02G       2.1      25.6         0      27.7       185       416  0.000729   0.00456  0.000185   0.00126      2.02        25         0
     4/499     4.02G      2.09      23.6         0      25.7       226       416  0.000784   0.00495  0.000769   0.00135      2.01      22.8         0
     5/499     4.02G      2.07      21.5         0      23.6       196       416  0.000794   0.00475  0.000114   0.00136      1.99      20.4         0
     6/499     4.02G      2.03      19.3         0      21.3       225       416   0.00129   0.00733     5e-05   0.00219      1.98      17.9         0
     7/499     4.02G      2.02        17         0      19.1       196       416   0.00194    0.0109  8.13e-05   0.00329      1.96      16.3         0
     8/499     4.02G      1.95      14.9         0      16.8       231       416   0.00331    0.0178   0.00205   0.00559      1.95        14         0
     9/499     4.02G      1.91      12.8         0      14.7       224       416   0.00598    0.0307   0.00221      0.01      1.93      11.9         0
    10/499     4.02G      1.91      10.9         0      12.8       265       416    0.0135    0.0721   0.00303    0.0228      1.91      9.95         0
    11/499     4.02G      1.87      9.15         0        11       184       416    0.0186     0.103   0.00227    0.0315       1.9      8.79         0
    12/499     4.02G      1.72      7.63         0      9.35       225       416    0.0268     0.153    0.0065    0.0455      1.89      7.24         0
    13/499     4.02G      1.72       6.3         0      8.02       203       416    0.0326     0.185   0.00941    0.0554      1.88      5.95         0
    14/499     4.02G      1.71      5.21         0      6.92       206       416    0.0373     0.205   0.00965    0.0631      1.88      4.89         0
    15/499     4.02G      1.69      4.28         0      5.97       209       416         0         0         0         0      1.89      4.31         0
    16/499     4.02G      1.59      3.53         0      5.12       194       416         0         0         0         0       1.9       3.6         0
    17/499     4.02G      1.66      2.91         0      4.57       274       416         0         0         0         0      1.92      3.06         0
    18/499     4.02G      1.64      2.44         0      4.09       240       416         0         0         0         0      1.93      2.67         0
    19/499     4.02G      1.66      2.07         0      3.74       199       416         0         0         0         0      1.94      2.46         0
    20/499     4.02G      1.65      1.81         0      3.46       227       416         0         0         0         0      1.94      2.24         0
    21/499     4.02G      1.73       1.6         0      3.33       149       416         0         0         0         0      1.94      2.07         0
    22/499     4.02G      1.61      1.47         0      3.08       218       416         0         0         0         0      1.93      1.96         0
    23/499     4.02G      1.59      1.36         0      2.95       226       416         0         0         0         0      1.92      1.91         0
    24/499     4.02G      1.64      1.23         0      2.87       230       416         0         0         0         0      1.91      1.85         0
    25/499     4.02G      1.62      1.16         0      2.77       228       416         0         0         0         0       1.9      1.82         0
    26/499     4.02G      1.61      1.06         0      2.67       217       416         0         0         0         0      1.88       1.8         0
    27/499     4.02G      1.48       1.1         0      2.58       235       416         0         0         0         0      1.87      1.79         0
    28/499     4.02G      1.59      1.04         0      2.63       245       416         0         0         0         0      1.86      1.79         0
    29/499     4.02G      1.61      0.92         0      2.54       265       416         0         0         0         0      1.85      1.79         0
    30/499     4.02G      1.61     0.935         0      2.55       242       416         0         0         0         0      1.84      1.79         0
    31/499     4.02G      1.53     0.895         0      2.42       225       416         0         0         0         0      1.84       1.8         0
    32/499     4.02G       1.5     0.855         0      2.36       237       416         0         0         0         0      1.84       1.8         0
    33/499     4.02G      1.53     0.797         0      2.33       300       416         0         0         0         0      1.84      1.81         0
    34/499     4.02G      1.63     0.805         0      2.44       160       416         0         0         0         0      1.84      1.82         0
    35/499     4.02G      1.62     0.785         0       2.4       252       416         0         0         0         0      1.84      1.83         0
    36/499     4.02G      1.51      0.79         0       2.3       263       416         0         0         0         0      1.85      1.84         0
    37/499     4.02G       1.5     0.784         0      2.28       227       416         0         0         0         0      1.86      1.86         0
    38/499     4.02G      1.54     0.766         0       2.3       261       416         0         0         0         0      1.87      1.87         0
    39/499     4.02G      1.57      0.69         0      2.26       207       416         0         0         0         0      1.88      1.87         0
    40/499     4.02G      1.52     0.748         0      2.27       236       416         0         0         0         0      1.88      1.89         0
    41/499     4.02G      1.58     0.687         0      2.27       244       416         0         0         0         0      1.88       1.9         0
    42/499     4.02G       1.5     0.691         0      2.19       212       416         0         0         0         0      1.87       1.9         0
    43/499     4.02G      1.49     0.663         0      2.15       175       416         0         0         0         0      1.87      1.91         0
    44/499     4.02G       1.5     0.681         0      2.19       247       416         0         0         0         0      1.87      1.92         0
    45/499     4.02G      1.51      0.67         0      2.18       146       416     0.857   0.00119   0.00429   0.00237      1.87      1.93         0
    46/499     4.02G      1.43     0.652         0      2.08       273       416      0.75   0.00297   0.00438   0.00592      1.86      1.93         0
    47/499     4.02G      1.52     0.667         0      2.19       229       416     0.562   0.00535     0.005    0.0106      1.87      1.94         0
    48/499     4.02G      1.43     0.603         0      2.03       172       416     0.535    0.0198    0.0152    0.0382      1.87      1.94         0
    49/499     4.02G      1.57     0.616         0      2.19       207       416     0.486    0.0303    0.0213    0.0571      1.88      1.95         0
    50/499     4.02G      1.59     0.626         0      2.22       210       416     0.394    0.0396    0.0227     0.072      1.88      1.95         0
    51/499     4.02G      1.57     0.635         0      2.21       184       416      0.36    0.0458    0.0243    0.0812      1.89      1.96         0
    52/499     4.02G      1.56     0.587         0      2.15       175       416      0.31    0.0735     0.034     0.119      1.89      1.96         0
    53/499     4.02G      1.59     0.606         0      2.19       190       416     0.284    0.0753    0.0326     0.119      1.89      1.96         0
    54/499     4.02G      1.48     0.565         0      2.04       300       416     0.266     0.102    0.0412     0.148      1.89      1.96         0
    55/499     4.02G       1.5     0.616         0      2.12       220       416     0.256    0.0971    0.0367     0.141      1.89      1.96         0
    56/499     4.02G       1.6      0.53         0      2.13       178       416     0.218     0.132    0.0476     0.164      1.88      1.96         0
    57/499     4.02G      1.49     0.544         0      2.03       242       416       0.2     0.128    0.0445     0.156      1.87      1.96         0
    58/499     4.02G      1.52     0.549         0      2.07       218       416     0.189     0.147    0.0497     0.165      1.86      1.96         0
    59/499     4.02G      1.58      0.56         0      2.14       232       416      0.18      0.14     0.048     0.158      1.86      1.96         0
    60/499     4.02G      1.55      0.52         0      2.07       215       416     0.172     0.153     0.051     0.162      1.85      1.96         0
    61/499     4.02G      1.47     0.555         0      2.02       189       416     0.168     0.157    0.0513     0.162      1.85      1.96         0
    62/499     4.02G      1.48     0.505         0      1.99       234       416     0.164     0.172    0.0581     0.168      1.85      1.96         0
    63/499     4.02G      1.49     0.516         0      2.01       196       416     0.165     0.183    0.0615     0.173      1.85      1.96         0
    64/499     4.02G      1.51     0.525         0      2.03       220       416      0.16     0.188    0.0629     0.173      1.85      1.96         0
    65/499     4.02G      1.51     0.553         0      2.07       304       416     0.158      0.19    0.0638     0.172      1.85      1.96         0
    66/499     4.02G      1.52     0.486         0         2       249       416      0.15     0.199    0.0653     0.171      1.86      1.96         0
    67/499     4.02G       1.6     0.481         0      2.08       290       416     0.147     0.202    0.0675      0.17      1.86      1.96         0
    68/499     4.02G      1.55     0.516         0      2.07       214       416     0.141     0.207    0.0687     0.168      1.87      1.96         0
    69/499     4.02G       1.4      0.47         0      1.87       194       416     0.134     0.212    0.0711     0.164      1.87      1.95         0
    70/499     4.02G      1.52     0.475         0      1.99       210       416     0.126     0.213    0.0718     0.159      1.88      1.95         0
    71/499     4.02G      1.51      0.49         0         2       227       416     0.125     0.211    0.0703     0.157      1.89      1.95         0
    72/499     4.02G      1.44     0.455         0       1.9       239       416     0.119     0.213    0.0715     0.152      1.89      1.95         0
    73/499     4.02G      1.46     0.448         0      1.91       221       416     0.115     0.217    0.0724      0.15       1.9      1.95         0
    74/499     4.02G      1.47     0.438         0      1.91       225       416     0.111     0.217    0.0725     0.147       1.9      1.95         0
    75/499     4.02G      1.52     0.444         0      1.97       226       416      0.11     0.219    0.0741     0.146      1.91      1.95         0
    76/499     4.02G      1.51      0.42         0      1.93       162       416     0.107     0.223    0.0768     0.145      1.91      1.94         0
    77/499     4.02G      1.52     0.429         0      1.95       200       416     0.105     0.221    0.0767     0.142       1.9      1.95         0
    78/499     4.02G      1.52     0.409         0      1.93       211       416     0.104     0.223     0.079     0.142      1.89      1.94         0
    79/499     4.02G      1.51     0.396         0       1.9       222       416     0.103     0.226    0.0817     0.141      1.89      1.94         0
    80/499     4.02G      1.45     0.376         0      1.83       223       416     0.101     0.229    0.0823     0.141      1.88      1.94         0
    81/499     4.02G      1.53     0.401         0      1.93       261       416     0.101     0.233    0.0854     0.141      1.87      1.94         0
    82/499     4.02G      1.53     0.382         0      1.91       288       416     0.101     0.235    0.0868     0.141      1.87      1.94         0
    83/499     4.02G      1.52     0.366         0      1.88       241       416     0.101     0.238    0.0888     0.142      1.86      1.93         0
    84/499     4.02G       1.5     0.354         0      1.85       303       416     0.103     0.243     0.092     0.145      1.86      1.93         0
    85/499     4.02G      1.56      0.34         0       1.9       267       416     0.107     0.253    0.0997      0.15      1.86      1.93         0
    86/499     4.02G      1.56      0.35         0      1.91       292       416     0.107     0.256     0.101     0.151      1.86      1.93         0
    87/499     4.02G      1.51     0.343         0      1.85       224       416      0.11     0.262     0.104     0.155      1.86      1.93         0
    88/499     4.02G      1.51     0.339         0      1.85       223       416     0.113     0.268     0.112     0.159      1.86      1.93         0
    89/499     4.02G      1.56     0.345         0       1.9       293       416     0.113      0.27     0.113      0.16      1.86      1.93         0
    90/499     4.02G      1.55     0.309         0      1.86       294       416     0.115     0.276     0.121     0.162      1.85      1.93         0
    91/499     4.02G      1.52     0.338         0      1.86       290       416     0.115     0.277     0.122     0.163      1.85      1.93         0
    92/499     4.02G      1.52     0.313         0      1.83       226       416     0.117     0.281     0.129     0.165      1.85      1.93         0
    93/499     4.02G      1.54     0.324         0      1.86       200       416     0.122     0.289     0.134     0.171      1.84      1.93         0
    94/499     4.02G      1.45     0.304         0      1.75       157       416     0.126     0.296     0.143     0.176      1.84      1.94         0
    95/499     4.02G      1.52     0.319         0      1.84       232       416     0.126     0.298     0.146     0.177      1.84      1.94         0
    96/499     4.02G      1.51     0.301         0      1.81       232       416     0.137     0.319     0.168     0.191      1.83      1.94         0
    97/499     4.02G      1.47     0.293         0      1.77       201       416     0.144     0.332     0.182     0.201      1.83      1.94         0
    98/499     4.02G       1.5     0.298         0       1.8       236       416      0.15     0.342     0.191     0.208      1.82      1.94         0
    99/499     4.02G      1.51     0.291         0      1.81       192       416     0.158     0.356     0.208     0.219      1.82      1.94         0
   100/499     4.02G      1.56     0.321         0      1.88       215       416     0.166     0.372     0.224     0.229      1.81      1.94         0
   101/499     4.02G      1.46     0.289         0      1.74       232       416     0.176     0.392     0.249     0.243       1.8      1.94         0
   102/499     4.02G      1.37     0.265         0      1.64       166       416     0.188     0.415     0.274     0.258      1.79      1.95         0
   103/499     4.02G      1.41     0.283         0      1.69       286       416     0.193     0.421     0.285     0.265      1.78      1.94         0
   104/499     4.02G      1.44     0.285         0      1.73       222       416     0.207     0.446     0.308     0.283      1.77      1.94         0
   105/499     4.02G      1.43      0.27         0       1.7       223       416     0.222     0.481     0.345     0.304      1.75      1.95         0
   106/499     4.02G      1.41     0.283         0       1.7       179       416     0.234     0.504      0.37     0.319      1.74      1.96         0
   107/499     4.02G      1.44     0.293         0      1.73       179       416     0.229       0.5     0.365     0.315      1.73      1.96         0
   108/499     4.02G      1.44     0.306         0      1.75       263       416     0.235     0.512     0.378     0.322      1.72      1.96         0
   109/499     4.02G      1.34     0.278         0      1.62       170       416      0.24     0.533     0.395     0.331       1.7      1.96         0
   110/499     4.02G      1.39     0.285         0      1.67       203       416     0.235     0.524     0.385     0.325       1.7      1.96         0
   111/499     4.02G      1.33     0.278         0       1.6       225       416     0.241     0.533     0.395     0.332      1.69      1.96         0
   112/499     4.02G      1.38     0.288         0      1.67       195       416     0.246     0.542     0.404     0.339      1.68      1.96         0
   113/499     4.02G      1.36     0.271         0      1.63       247       416     0.242     0.533     0.393     0.333      1.68      1.96         0
   114/499     4.02G      1.27     0.284         0      1.56       226       416     0.234     0.524     0.381     0.323      1.68      1.97         0
   115/499     4.02G       1.3     0.284         0      1.58       233       416     0.231     0.526      0.38     0.321      1.68      1.98         0
   116/499     4.02G      1.24     0.258         0       1.5       177       416     0.233     0.528     0.384     0.324      1.67      1.99         0
   117/499     4.02G      1.26     0.287         0      1.55       179       416     0.231      0.51     0.367     0.318      1.68         2         0
   118/499     4.02G       1.2     0.295         0       1.5       266       416     0.227       0.5     0.354     0.312       1.7      2.01         0
   119/499     4.02G      1.17     0.268         0      1.44       205       416     0.233     0.526     0.371     0.323      1.68      2.03         0
   120/499     4.02G      1.11     0.269         0      1.38       204       416     0.234     0.528     0.371     0.325      1.68      2.05         0
   121/499     4.02G      1.12     0.263         0      1.39       227       416     0.236     0.535     0.378     0.327      1.67      2.05         0
   122/499     4.02G      1.04     0.281         0      1.32       221       416     0.234     0.533     0.381     0.325      1.68      2.06         0
   123/499     4.02G      1.02     0.271         0      1.29       244       416     0.244     0.559     0.407     0.339      1.65      2.07         0
   124/499     4.02G      1.05     0.269         0      1.32       209       416     0.236     0.546     0.396      0.33      1.67      2.07         0
   125/499     4.02G      1.01     0.268         0      1.28       180       416     0.239     0.544     0.391     0.332      1.67      2.08         0
   126/499     4.02G     0.982     0.263         0      1.25       216       416     0.244     0.557     0.404     0.339      1.65       2.1         0
   127/499     4.02G     0.983     0.275         0      1.26       220       416     0.234     0.548     0.397     0.328      1.65       2.1         0
   128/499     4.02G     0.989      0.29         0      1.28       232       416     0.235     0.547       0.4     0.329      1.64       2.1         0
   129/499     4.02G     0.927     0.277         0       1.2       160       416     0.241     0.564     0.419     0.337      1.64      2.11         0
   130/499     4.02G     0.881     0.268         0      1.15       225       416     0.245     0.577     0.429     0.344      1.66      2.12         0
   131/499     4.02G      0.94     0.275         0      1.21       211       416     0.241     0.564      0.42     0.338      1.66      2.11         0
   132/499     4.02G     0.961     0.285         0      1.25       299       416      0.24      0.56     0.413     0.336      1.65      2.12         0
   133/499     4.02G     0.912     0.261         0      1.17       231       416     0.248     0.568     0.415     0.345      1.63      2.13         0
   134/499     4.02G     0.898     0.258         0      1.16       261       416     0.255     0.583     0.434     0.355      1.63      2.13         0
   135/499     4.02G     0.886      0.26         0      1.15       217       416      0.25     0.581     0.433     0.349      1.64      2.12         0
   136/499     4.02G     0.896      0.27         0      1.17       216       416     0.254     0.587     0.441     0.354      1.63       2.1         0
   137/499     4.02G     0.894     0.261         0      1.16       233       416     0.262     0.595     0.455     0.364      1.62      2.08         0
   138/499     4.02G     0.862     0.271         0      1.13       233       416      0.26     0.587     0.446     0.361      1.63      2.08         0
   139/499     4.02G      0.84     0.257         0       1.1       233       416     0.263     0.584     0.447     0.362      1.62      2.07         0
   140/499     4.02G     0.884     0.283         0      1.17       252       416      0.26     0.568     0.431     0.357      1.63      2.06         0
   141/499     4.02G     0.834     0.265         0       1.1       214       416     0.262      0.58     0.439     0.361      1.62      2.06         0
   142/499     4.02G     0.834     0.251         0      1.09       248       416     0.266     0.571      0.43     0.363      1.62      2.04         0
   143/499     4.02G     0.861     0.267         0      1.13       185       416      0.26     0.561     0.418     0.355      1.63      2.03         0
   144/499     4.02G     0.849     0.268         0      1.12       219       416     0.263     0.562     0.418     0.358      1.64      2.03         0
   145/499     4.02G     0.805     0.259         0      1.06       236       416     0.264     0.572     0.423     0.362      1.63      2.04         0
   146/499     4.02G     0.854     0.264         0      1.12       210       416     0.269     0.573     0.425     0.367      1.63      2.04         0
   147/499     4.02G     0.807     0.239         0      1.05       223       416     0.267      0.59     0.437     0.368      1.61      2.04         0
   148/499     4.02G     0.773     0.252         0      1.03       178       416     0.273     0.587     0.435     0.373       1.6      2.02         0
   149/499     4.02G     0.842     0.259         0       1.1       150       416     0.278     0.588     0.431     0.377      1.61      2.01         0
   150/499     4.02G      0.76     0.265         0      1.03       243       416     0.274     0.572     0.418      0.37      1.61         2         0
   151/499     4.02G     0.736     0.246         0     0.982       233       416     0.274      0.59     0.435     0.374       1.6      2.01         0
   152/499     4.02G     0.771     0.258         0      1.03       232       416     0.277     0.591     0.435     0.377       1.6         2         0
   153/499     4.02G     0.728     0.248         0     0.976       234       416     0.281      0.59     0.438     0.381      1.61      1.99         0
   154/499     4.02G     0.791     0.241         0      1.03       176       416     0.278     0.588     0.434     0.377      1.61         2         0
   155/499     4.02G     0.721     0.248         0     0.968       206       416     0.281     0.573     0.427     0.377      1.61      1.98         0
   156/499     4.02G      0.77     0.243         0      1.01       219       416     0.277     0.564     0.415     0.372      1.62      1.98         0
   157/499     4.02G     0.743      0.25         0     0.993       205       416     0.282     0.575     0.428     0.379      1.61      1.99         0
   158/499     4.02G     0.734     0.255         0     0.989       254       416     0.281      0.57     0.422     0.376      1.62      1.98         0
   159/499     4.02G     0.723     0.251         0     0.974       247       416     0.289     0.584     0.433     0.386      1.61      1.97         0
   160/499     4.02G     0.714     0.246         0      0.96       219       416     0.295     0.598     0.445     0.395       1.6      1.96         0
   161/499     4.02G       0.7      0.27         0      0.97       212       416     0.298     0.604     0.452     0.399      1.58      1.95         0
   162/499     4.02G     0.766     0.244         0      1.01       234       416     0.301     0.615      0.46     0.404      1.58      1.95         0
   163/499     4.02G     0.752     0.256         0      1.01       302       416     0.299     0.599     0.446     0.399       1.6      1.94         0
   164/499     4.02G      0.71     0.246         0     0.956       153       416     0.298     0.602     0.449     0.399       1.6      1.95         0
   165/499     4.02G     0.703     0.254         0     0.957       261       416     0.308     0.598     0.448     0.407      1.59      1.94         0
   166/499     4.02G     0.683      0.26         0     0.943       264       416     0.301     0.583     0.435     0.397      1.61      1.94         0
   167/499     4.02G     0.744     0.277         0      1.02       229       416     0.301     0.569     0.427     0.394      1.62      1.93         0
   168/499     4.02G     0.694     0.249         0     0.942       138       416     0.297     0.583     0.438     0.394      1.61      1.93         0
   169/499     4.02G     0.698     0.258         0     0.955       272       416     0.311     0.597      0.45     0.409       1.6      1.92         0
   170/499     4.02G     0.678     0.249         0     0.927       182       416     0.303     0.593     0.445     0.401       1.6      1.91         0
   171/499     4.02G     0.702     0.243         0     0.944       172       416      0.31     0.602     0.457     0.409      1.59      1.91         0
   172/499     4.02G     0.668     0.248         0     0.916       207       416     0.303     0.603     0.454     0.404      1.59      1.91         0
   173/499     4.02G       0.7     0.244         0     0.944       188       416     0.297     0.601     0.455     0.397      1.59      1.91         0
   174/499     4.02G     0.704     0.241         0     0.945       221       416      0.31     0.602     0.459     0.409       1.6       1.9         0
   175/499     4.02G     0.674     0.241         0     0.915       183       416      0.31     0.602     0.457     0.409      1.59      1.91         0
   176/499     4.02G     0.678      0.27         0     0.947       228       416      0.31     0.591     0.451     0.407      1.61       1.9         0
   177/499     4.02G     0.689     0.238         0     0.927       221       416     0.306     0.606     0.459     0.407      1.59       1.9         0
   178/499     4.02G     0.612     0.256         0     0.868       200       416     0.311       0.6     0.457      0.41      1.58      1.89         0
   179/499     4.02G     0.663     0.236         0     0.899       204       416     0.312     0.613     0.465     0.413      1.58      1.89         0
   180/499     4.02G     0.658      0.24         0     0.898       213       416     0.322     0.623     0.474     0.425      1.57      1.87         0
   181/499     4.02G     0.658     0.239         0     0.897       218       416     0.322     0.619      0.47     0.424      1.57      1.87         0
   182/499     4.02G     0.637     0.241         0     0.879       247       416     0.324     0.611     0.464     0.423      1.58      1.86         0
   183/499     4.02G     0.659      0.24         0     0.899       207       416     0.316     0.619     0.467     0.419      1.58      1.87         0
   184/499     4.02G     0.655     0.246         0     0.901       207       416     0.321     0.621     0.472     0.423      1.56      1.87         0
   185/499     4.02G     0.641     0.227         0     0.868       237       416     0.314     0.626     0.471     0.418      1.56      1.86         0
   186/499     4.02G     0.612     0.243         0     0.855       194       416     0.318     0.617     0.468      0.42      1.57      1.85         0
   187/499     4.02G     0.635     0.243         0     0.878       197       416     0.318     0.602     0.454     0.416      1.59      1.85         0
   188/499     4.02G     0.607     0.222         0     0.829       177       416     0.318     0.627     0.475     0.422      1.56      1.84         0
   189/499     4.02G     0.604     0.239         0     0.843       154       416     0.318     0.619      0.47     0.421      1.56      1.83         0
   190/499     4.02G     0.603     0.224         0     0.827       218       416     0.324     0.618     0.466     0.425      1.57      1.82         0
   191/499     4.02G     0.625     0.224         0     0.849       224       416     0.329     0.604      0.45     0.426      1.58      1.81         0
   192/499     4.02G     0.554     0.252         0     0.806       200       416     0.329     0.604      0.45     0.426      1.58      1.81         0
   193/499     4.02G     0.611      0.23         0     0.841       172       416      0.32     0.635     0.472     0.426      1.55      1.83         0
   194/499     4.02G     0.585     0.247         0     0.832       239       416     0.329     0.627     0.461     0.431      1.56      1.82         0
   195/499     4.02G     0.605     0.242         0     0.847       215       416     0.324     0.618     0.455     0.425      1.57      1.81         0
   196/499     4.02G     0.555     0.244         0       0.8       278       416     0.318     0.625     0.467     0.421      1.56      1.81         0
   197/499     4.02G     0.582     0.231         0     0.814       241       416     0.314     0.619      0.46     0.417      1.56       1.8         0
   198/499     4.02G     0.559     0.239         0     0.798       203       416     0.328     0.622     0.474     0.429      1.56      1.79         0
   199/499     4.02G     0.582     0.238         0      0.82       256       416     0.333     0.619     0.473     0.433      1.57      1.79         0
   200/499     4.02G     0.557     0.221         0     0.778       190       416     0.322     0.624     0.477     0.425      1.55      1.78         0
   201/499     4.02G     0.566     0.228         0     0.794       137       416     0.327      0.63     0.483     0.431      1.55      1.78         0
   202/499     4.02G     0.568     0.228         0     0.795       254       416     0.328     0.617      0.47     0.429      1.57      1.78         0
   203/499     4.02G     0.554     0.216         0     0.771       214       416     0.327     0.616      0.47     0.427      1.58      1.77         0
   204/499     4.02G     0.558      0.23         0     0.788       234       416     0.342     0.614      0.47     0.439      1.57      1.76         0
   205/499     4.02G     0.546     0.239         0     0.786       263       416     0.346      0.62     0.472     0.444      1.56      1.75         0
   206/499     4.02G     0.549     0.229         0     0.778       201       416     0.341     0.631     0.481     0.443      1.56      1.75         0
   207/499     4.02G     0.562     0.238         0       0.8       250       416      0.34     0.622      0.47     0.439      1.56      1.75         0
   208/499     4.02G      0.56     0.241         0     0.801       253       416     0.347     0.622     0.473     0.446      1.57      1.75         0
   209/499     4.02G      0.55     0.232         0     0.782       258       416     0.345     0.612     0.458     0.441      1.57      1.75         0
   210/499     4.02G     0.552     0.235         0     0.787       185       416     0.337     0.624     0.461     0.438      1.55      1.75         0
   211/499     4.02G     0.544     0.243         0     0.787       201       416     0.344     0.628     0.466     0.444      1.56      1.75         0
   212/499     4.02G     0.564     0.218         0     0.783       191       416     0.324     0.613     0.452     0.424      1.58      1.76         0
   213/499     4.02G     0.543     0.236         0     0.778       207       416     0.336     0.618     0.453     0.435      1.56      1.75         0
   214/499     4.02G     0.519     0.241         0     0.759       229       416     0.328     0.605     0.438     0.425      1.57      1.75         0
   215/499     4.02G     0.524     0.228         0     0.751       230       416     0.317     0.605     0.433     0.416      1.57      1.75         0
   216/499     4.02G     0.526     0.232         0     0.758       237       416     0.325     0.604     0.437     0.423      1.58      1.73         0
   217/499     4.02G     0.533     0.213         0     0.747       198       416     0.333     0.625     0.457     0.434      1.56      1.72         0
   218/499     4.02G     0.513     0.224         0     0.737       238       416     0.338     0.615     0.449     0.436      1.56      1.72         0
   219/499     4.02G     0.525      0.22         0     0.745       297       416     0.341     0.615     0.451     0.439      1.57      1.71         0
   220/499     4.02G     0.513     0.215         0     0.728       267       416     0.346      0.62     0.461     0.444      1.55      1.71         0
   221/499     4.02G     0.541     0.235         0     0.777       260       416     0.348     0.617     0.461     0.445      1.55      1.71         0
   222/499     4.02G     0.535     0.233         0     0.768       245       416     0.344     0.608     0.457     0.439      1.57      1.71         0
   223/499     4.02G     0.498     0.225         0     0.723       230       416     0.347     0.616     0.467     0.444      1.56       1.7         0
   224/499     4.02G     0.527     0.218         0     0.745       242       416     0.347     0.629      0.47     0.447      1.54       1.7         0
   225/499     4.02G     0.526     0.218         0     0.744       243       416     0.346     0.607     0.447     0.441      1.57       1.7         0
   226/499     4.02G     0.527      0.23         0     0.757       274       416     0.348     0.617     0.457     0.445      1.56      1.69         0
   227/499     4.02G     0.521     0.223         0     0.744       214       416     0.336     0.607     0.445     0.433      1.57       1.7         0
   228/499     4.02G     0.526     0.232         0     0.758       157       416     0.331      0.61     0.447     0.429      1.56       1.7         0
   229/499     4.02G     0.512     0.214         0     0.726       144       416     0.328     0.628      0.46     0.431      1.54      1.69         0
   230/499     4.02G     0.507      0.22         0     0.727       286       416     0.338     0.617     0.451     0.436      1.56      1.69         0
   231/499     4.02G     0.507     0.209         0     0.716       184       416     0.331     0.629     0.464     0.434      1.54      1.69         0
   232/499     4.02G     0.509     0.219         0     0.728       148       416     0.328     0.623     0.465      0.43      1.56      1.68         0
   233/499     4.02G     0.535     0.214         0     0.749       189       416     0.336     0.632     0.478     0.439      1.55      1.68         0
   234/499     4.02G     0.508     0.218         0     0.726       257       416     0.346     0.627     0.475     0.446      1.55      1.67         0
   235/499     4.02G      0.53     0.217         0     0.747       191       416     0.348     0.633     0.478     0.449      1.55      1.66         0
   236/499     4.02G     0.505     0.227         0     0.732       286       416     0.351      0.62     0.468     0.448      1.56      1.67         0
   237/499     4.02G     0.512     0.226         0     0.738       197       416     0.349     0.639     0.471     0.451      1.55      1.68         0
   238/499     4.02G      0.51     0.216         0     0.725       193       416     0.351     0.645     0.484     0.455      1.54      1.67         0
   239/499     4.02G     0.511     0.226         0     0.737       238       416     0.365     0.632     0.476     0.463      1.55      1.66         0
   240/499     4.02G     0.505     0.218         0     0.723       188       416     0.356     0.649     0.488      0.46      1.53      1.66         0
   241/499     4.02G      0.52     0.204         0     0.724       168       416     0.345     0.647     0.481      0.45      1.54      1.66         0
   242/499     4.02G       0.5     0.222         0     0.722       252       416     0.359     0.639     0.476      0.46      1.54      1.66         0
   243/499     4.02G     0.492       0.2         0     0.692       255       416     0.346     0.642     0.479      0.45      1.55      1.66         0
   244/499     4.02G      0.48     0.203         0     0.683       157       416      0.35     0.648     0.483     0.454      1.54      1.66         0
   245/499     4.02G     0.499     0.221         0      0.72       249       416     0.363     0.642     0.487     0.464      1.54      1.65         0
   246/499     4.02G     0.506      0.22         0     0.726       148       416      0.36     0.635     0.484     0.459      1.55      1.64         0
   247/499     4.02G     0.475     0.214         0     0.689       187       416     0.355      0.64     0.484     0.457      1.54      1.64         0
   248/499     4.02G     0.478     0.211         0     0.689       193       416     0.356     0.652     0.492      0.46      1.53      1.64         0
   249/499     4.02G     0.487     0.223         0      0.71       256       416     0.361     0.637      0.48     0.461      1.56      1.65         0
   250/499     4.02G      0.46     0.201         0     0.661       222       416     0.354     0.639     0.476     0.456      1.55      1.64         0
   251/499     4.02G     0.483      0.22         0     0.703       205       416     0.359     0.645     0.488     0.461      1.54      1.65         0
   252/499     4.02G     0.452     0.199         0     0.651       186       416     0.352      0.64     0.484     0.454      1.55      1.64         0
   253/499     4.02G     0.472     0.223         0     0.695       266       416      0.35     0.631     0.474      0.45      1.55      1.64         0
   254/499     4.02G      0.49     0.215         0     0.705       271       416      0.36     0.642     0.489     0.461      1.55      1.64         0
   255/499     4.02G     0.474      0.21         0     0.684       200       416     0.359     0.643     0.487     0.461      1.55      1.63         0
   256/499     4.02G     0.504     0.217         0     0.721       185       416     0.358     0.659     0.498     0.464      1.52      1.63         0
   257/499     4.02G     0.499      0.21         0     0.709       171       416     0.353     0.651     0.488     0.458      1.55      1.62         0
   258/499     4.02G     0.517     0.202         0     0.718       244       416      0.36     0.645     0.482     0.462      1.55      1.62         0
   259/499     4.02G     0.454     0.209         0     0.663       241       416     0.355     0.638     0.479     0.456      1.55      1.63         0
   260/499     4.02G     0.488     0.211         0     0.698       333       416     0.359      0.63     0.477     0.457      1.56      1.63         0
   261/499     4.02G     0.486     0.205         0     0.691       210       416     0.351     0.637     0.479     0.452      1.55      1.63         0
   262/499     4.02G      0.48     0.198         0     0.679       302       416      0.35     0.634     0.476     0.451      1.56      1.62         0
   263/499     4.02G     0.477     0.237         0     0.714       265       416     0.361     0.644     0.482     0.463      1.54      1.63         0
   264/499     4.02G     0.463     0.208         0     0.671       237       416     0.358     0.647     0.484     0.461      1.53      1.62         0
   265/499     4.02G     0.471     0.219         0      0.69       162       416     0.367     0.646     0.485     0.468      1.54      1.63         0
   266/499     4.02G     0.472     0.208         0      0.68       249       416     0.361     0.632     0.469      0.46      1.56      1.62         0
   267/499     4.02G     0.455       0.2         0     0.656       277       416     0.369     0.643     0.483     0.469      1.54      1.62         0
   268/499     4.02G     0.484     0.207         0     0.691       170       416     0.367      0.65     0.491     0.469      1.54      1.61         0
   269/499     4.02G     0.474     0.212         0     0.686       232       416     0.357     0.643     0.485      0.46      1.53      1.62         0
   270/499     4.02G     0.474     0.202         0     0.675       262       416     0.352      0.64     0.479     0.454      1.55      1.63         0
   271/499     4.02G     0.467      0.19         0     0.657       176       416     0.346     0.646     0.483     0.451      1.54      1.62         0
   272/499     4.02G     0.492     0.197         0     0.688       268       416     0.363     0.648     0.487     0.466      1.54      1.61         0
   273/499     4.02G     0.474     0.207         0     0.681       255       416     0.361     0.649     0.486     0.464      1.53      1.61         0
   274/499     4.02G     0.459     0.207         0     0.666       153       416     0.352     0.643     0.484     0.455      1.54      1.61         0
   275/499     4.02G     0.469     0.213         0     0.682       247       416     0.362     0.638     0.483     0.462      1.55      1.61         0
   276/499     4.02G     0.451     0.198         0     0.649       173       416     0.358     0.649     0.486     0.461      1.54      1.61         0
   277/499     4.02G     0.453      0.21         0     0.663       212       416     0.378     0.655     0.503     0.479      1.54      1.61         0
   278/499     4.02G     0.446     0.205         0     0.651       195       416     0.358      0.64     0.485     0.459      1.54       1.6         0
   279/499     4.02G     0.461     0.199         0     0.661       233       416     0.362     0.641     0.489     0.462      1.54       1.6         0
   280/499     4.02G     0.458     0.207         0     0.664       244       416     0.353     0.641     0.483     0.455      1.55      1.61         0
   281/499     4.02G     0.471      0.21         0     0.681       250       416     0.359     0.646     0.486     0.462      1.55       1.6         0
   282/499     4.02G     0.442     0.213         0     0.655       175       416      0.35     0.644     0.481     0.453      1.54      1.61         0
   283/499     4.02G     0.457     0.204         0     0.661       201       416     0.352     0.632     0.472     0.453      1.56       1.6         0
   284/499     4.02G     0.472      0.21         0     0.682       215       416     0.352     0.631     0.471     0.452      1.55       1.6         0
   285/499     4.02G      0.45     0.203         0     0.653       183       416     0.358     0.649     0.484     0.462      1.54      1.59         0
   286/499     4.02G     0.443     0.208         0     0.651       341       416     0.357     0.636     0.475     0.458      1.55      1.58         0
   287/499     4.02G     0.446     0.204         0      0.65       240       416     0.352     0.632     0.473     0.452      1.55      1.58         0
   288/499     4.02G     0.448     0.206         0     0.654       178       416     0.349     0.634     0.474      0.45      1.56      1.59         0
   289/499     4.02G     0.462     0.201         0     0.663       290       416     0.364     0.629     0.472     0.461      1.56      1.59         0
   290/499     4.02G     0.467     0.193         0      0.66       216       416     0.357     0.634     0.472     0.457      1.56      1.58         0
   291/499     4.02G     0.462     0.204         0     0.666       169       416     0.344     0.636      0.46     0.447      1.55      1.58         0
   292/499     4.02G     0.445     0.198         0     0.643       257       416     0.364      0.64      0.48     0.464      1.55      1.57         0
   293/499     4.02G     0.457     0.199         0     0.656       203       416     0.376     0.647     0.486     0.476      1.55      1.58         0
   294/499     4.02G     0.459     0.195         0     0.654       275       416      0.37     0.647     0.484     0.471      1.55      1.58         0
   295/499     4.02G     0.437     0.216         0     0.652       200       416     0.373     0.643     0.487     0.472      1.55      1.59         0
   296/499     4.02G     0.441     0.196         0     0.637       238       416     0.367     0.645     0.484     0.468      1.55      1.58         0
   297/499     4.02G     0.441     0.196         0     0.637       175       416     0.366     0.639     0.476     0.466      1.54      1.56         0
   298/499     4.02G     0.455     0.208         0     0.663       202       416     0.363     0.643     0.483     0.464      1.55      1.57         0
   299/499     4.02G     0.435     0.208         0     0.643       354       416     0.365     0.623     0.476      0.46      1.57      1.57         0
   300/499     4.02G      0.44     0.202         0     0.643       113       416     0.351     0.637     0.478     0.453      1.56      1.56         0
   301/499     4.02G      0.43     0.186         0     0.616       185       416     0.355     0.645     0.484     0.458      1.54      1.56         0
   302/499     4.02G     0.458     0.199         0     0.657       196       416     0.362     0.641     0.485     0.463      1.55      1.56         0
   303/499     4.02G     0.441     0.213         0     0.654       167       416      0.37     0.644     0.491      0.47      1.54      1.56         0
   304/499     4.02G     0.424     0.199         0     0.623       274       416      0.36     0.639      0.48     0.461      1.55      1.58         0
   305/499     4.02G     0.439     0.219         0     0.658       247       416     0.363      0.64     0.482     0.463      1.55      1.57         0
   306/499     4.02G     0.434     0.206         0      0.64       247       416     0.375     0.639     0.485     0.472      1.55      1.57         0
   307/499     4.02G     0.436     0.193         0     0.629       197       416     0.366     0.651     0.492     0.469      1.53      1.56         0
   308/499     4.02G     0.442     0.201         0     0.643       250       416     0.367     0.641     0.486     0.467      1.55      1.56         0
   309/499     4.02G     0.431     0.199         0      0.63       201       416     0.361     0.638     0.479     0.461      1.55      1.57         0
   310/499     4.02G     0.436     0.199         0     0.635       222       416     0.364     0.642     0.484     0.464      1.55      1.56         0
   311/499     4.02G     0.441     0.194         0     0.635       208       416     0.362     0.637     0.479     0.462      1.56      1.57         0
   312/499     4.02G     0.433     0.184         0     0.617       306       416     0.361      0.64     0.482     0.462      1.55      1.57         0
   313/499     4.02G     0.443     0.194         0     0.637       209       416     0.362     0.645     0.483     0.464      1.54      1.56         0
   314/499     4.02G     0.404     0.198         0     0.601       241       416     0.373     0.643     0.489     0.472      1.55      1.56         0
   315/499     4.02G     0.459     0.201         0      0.66       169       416     0.364     0.647     0.486     0.466      1.54      1.56         0
   316/499     4.02G     0.419     0.197         0     0.616       227       416     0.367     0.645     0.487     0.468      1.55      1.56         0
   317/499     4.02G     0.437     0.196         0     0.633       251       416     0.362     0.646     0.485     0.464      1.54      1.56         0
   318/499     4.02G     0.437     0.202         0     0.639       236       416     0.371     0.643     0.489     0.471      1.55      1.56         0
   319/499     4.02G     0.433     0.198         0     0.631       204       416     0.361     0.646     0.485     0.463      1.54      1.56         0
   320/499     4.02G     0.423     0.195         0     0.617       233       416     0.365     0.647     0.487     0.467      1.54      1.56         0
   321/499     4.02G     0.431     0.198         0     0.629       229       416     0.373     0.646     0.491     0.473      1.55      1.56         0
   322/499     4.02G      0.42     0.204         0     0.623       170       416      0.36     0.654     0.491     0.465      1.54      1.55         0
   323/499     4.02G     0.422     0.204         0     0.625       192       416     0.363     0.647     0.486     0.465      1.54      1.56         0
   324/499     4.02G     0.432     0.188         0      0.62       226       416     0.363     0.648     0.488     0.465      1.54      1.56         0
   325/499     4.02G      0.43     0.193         0     0.623       256       416     0.365     0.645     0.488     0.466      1.55      1.55         0
   326/499     4.02G      0.43     0.193         0     0.623       205       416     0.354     0.646     0.484     0.458      1.54      1.56         0
   327/499     4.02G     0.439      0.19         0     0.629       254       416     0.355     0.642     0.483     0.458      1.55      1.56         0
   328/499     4.02G     0.421     0.208         0     0.629       215       416      0.36     0.635     0.479      0.46      1.56      1.57         0
   329/499     4.02G      0.44     0.192         0     0.632       203       416     0.358     0.647     0.486     0.461      1.54      1.56         0
   330/499     4.02G     0.431     0.202         0     0.633       228       416     0.364     0.643     0.486     0.465      1.55      1.56         0
   331/499     4.02G      0.44     0.212         0     0.652       233       416     0.372     0.643      0.49     0.471      1.55      1.56         0
   332/499     4.02G     0.415     0.193         0     0.608       251       416     0.367     0.649     0.488     0.469      1.54      1.55         0
   333/499     4.02G     0.422     0.208         0     0.629       152       416     0.355     0.639     0.475     0.457      1.55      1.57         0
   334/499     4.02G     0.421     0.195         0     0.616       163       416     0.359     0.651     0.491     0.463      1.54      1.56         0
   335/499     4.02G     0.438     0.202         0      0.64       177       416     0.366     0.639     0.481     0.465      1.55      1.56         0
   336/499     4.02G     0.423     0.204         0     0.627       186       416     0.363     0.637     0.479     0.462      1.55      1.55         0
   337/499     4.02G     0.441     0.191         0     0.632       275       416     0.365     0.642     0.487     0.465      1.55      1.55         0
   338/499     4.02G     0.431     0.205         0     0.636       211       416     0.358      0.64     0.479     0.459      1.55      1.56         0
   339/499     4.02G     0.415     0.182         0     0.596       188       416      0.36     0.647     0.483     0.462      1.54      1.54         0
   340/499     4.02G     0.404     0.186         0      0.59       212       416     0.353     0.649     0.482     0.457      1.54      1.55         0
   341/499     4.02G     0.417     0.191         0     0.607       171       416     0.354     0.647     0.479     0.458      1.54      1.54         0
   342/499     4.02G     0.408     0.192         0       0.6       235       416     0.361     0.646     0.485     0.463      1.55      1.56         0
   343/499     4.02G      0.41       0.2         0      0.61       368       416     0.363     0.634     0.478     0.462      1.56      1.56         0
   344/499     4.02G     0.433     0.195         0     0.628       227       416     0.354     0.644     0.482     0.457      1.56      1.56         0
   345/499     4.02G       0.4     0.204         0     0.604       278       416     0.366      0.64     0.486     0.466      1.56      1.56         0
   346/499     4.02G      0.43      0.19         0     0.621       271       416     0.362      0.64     0.484     0.462      1.56      1.56         0
   347/499     4.02G     0.404     0.185         0     0.589       185       416     0.353     0.651     0.489     0.457      1.54      1.54         0
   348/499     4.02G     0.429     0.196         0     0.625       249       416     0.362     0.635     0.478     0.461      1.55      1.55         0
   349/499     4.02G     0.412     0.192         0     0.604       230       416     0.362     0.647     0.487     0.464      1.54      1.54         0
   350/499     4.02G     0.422     0.195         0     0.617       204       416     0.367     0.649     0.489     0.469      1.54      1.54         0
   351/499     4.02G     0.414     0.208         0     0.622       210       416     0.366     0.644     0.488     0.467      1.55      1.55         0
   352/499     4.02G     0.403     0.204         0     0.607       219       416     0.369     0.641     0.488     0.468      1.56      1.55         0
   353/499     4.02G     0.426     0.209         0     0.635       233       416     0.372     0.638     0.484      0.47      1.56      1.56         0
   354/499     4.02G     0.432     0.199         0     0.631       216       416     0.362     0.644     0.486     0.463      1.55      1.56         0
   355/499     4.02G     0.411     0.192         0     0.603       216       416     0.359     0.652     0.491     0.463      1.54      1.55         0
   356/499     4.02G     0.416     0.194         0      0.61       266       416     0.362     0.644     0.485     0.463      1.55      1.55         0
   357/499     4.02G     0.431     0.199         0      0.63       213       416     0.362     0.645     0.487     0.464      1.55      1.55         0
   358/499     4.02G     0.431     0.203         0     0.634       168       416     0.356     0.648     0.485     0.459      1.55      1.55         0
   359/499     4.02G     0.423     0.195         0     0.618       163       416      0.36     0.642     0.484     0.461      1.55      1.55         0
   360/499     4.02G      0.42     0.196         0     0.616       193       416     0.369     0.642     0.488     0.468      1.55      1.54         0
   361/499     4.02G     0.419     0.187         0     0.606       181       416     0.365     0.651     0.495     0.468      1.54      1.54         0
   362/499     4.02G     0.414     0.208         0     0.622       207       416     0.359     0.649     0.489     0.463      1.55      1.55         0
   363/499     4.02G     0.415     0.196         0     0.612       196       416     0.367     0.648     0.489     0.469      1.55      1.54         0
   364/499     4.02G      0.42     0.204         0     0.624       191       416     0.374     0.649     0.493     0.474      1.54      1.54         0
   365/499     4.02G     0.421     0.186         0     0.607       213       416     0.357      0.65     0.489     0.461      1.54      1.54         0
   366/499     4.02G     0.419      0.19         0      0.61       208       416     0.358     0.649     0.486     0.461      1.54      1.54         0
   367/499     4.02G     0.398       0.2         0     0.598       223       416     0.364     0.651      0.49     0.467      1.54      1.54         0
   368/499     4.02G     0.416     0.196         0     0.612       221       416      0.36     0.649     0.484     0.463      1.55      1.55         0
   369/499     4.02G     0.407     0.198         0     0.604       282       416     0.375      0.64     0.487     0.473      1.55      1.54         0
   370/499     4.02G     0.422     0.215         0     0.637       271       416     0.377     0.636     0.482     0.474      1.56      1.54         0
   371/499     4.02G     0.424     0.194         0     0.618       217       416     0.364     0.643     0.484     0.465      1.55      1.55         0
   372/499     4.02G     0.413     0.189         0     0.602       202       416     0.358     0.642      0.48      0.46      1.55      1.55         0
   373/499     4.02G     0.422     0.209         0     0.631       177       416     0.364     0.628     0.471     0.461      1.56      1.56         0
   374/499     4.02G     0.417      0.21         0     0.627       203       416     0.371     0.633      0.48     0.468      1.56      1.55         0
   375/499     4.02G      0.41      0.19         0       0.6       162       416     0.353     0.647     0.479     0.457      1.55      1.54         0
   376/499     4.02G     0.415     0.197         0     0.611       194       416      0.36     0.642      0.48     0.461      1.55      1.55         0
   377/499     4.02G     0.406     0.208         0     0.614       213       416     0.358     0.639     0.474     0.459      1.55      1.56         0
   378/499     4.02G     0.407     0.211         0     0.618       264       416     0.369     0.639     0.478     0.467      1.55      1.56         0
   379/499     4.02G     0.408     0.195         0     0.603       185       416     0.363     0.646     0.482     0.465      1.55      1.55         0
   380/499     4.02G     0.417     0.186         0     0.603       228       416     0.357     0.649      0.48     0.461      1.55      1.55         0
   381/499     4.02G      0.38     0.186         0     0.566       235       416     0.364     0.653     0.489     0.468      1.54      1.54         0
   382/499     4.02G     0.403     0.191         0     0.593       184       416     0.355     0.645     0.477     0.458      1.55      1.55         0
   383/499     4.02G     0.405     0.193         0     0.599       231       416      0.36     0.639     0.476      0.46      1.55      1.55         0
   384/499     4.02G     0.424     0.195         0     0.619       196       416     0.365     0.642     0.483     0.466      1.55      1.54         0
   385/499     4.02G     0.419     0.204         0     0.622       253       416     0.376     0.634      0.48     0.472      1.56      1.55         0
   386/499     4.02G     0.436     0.203         0      0.64       269       416      0.37     0.639     0.483     0.469      1.56      1.54         0
   387/499     4.02G     0.419      0.18         0     0.599       183       416     0.353     0.648     0.484     0.458      1.55      1.54         0
   388/499     4.02G     0.426     0.206         0     0.632       186       416     0.364     0.648     0.487     0.466      1.55      1.54         0
   389/499     4.02G     0.427     0.204         0     0.631       237       416     0.374     0.644     0.491     0.473      1.55      1.54         0
   390/499     4.02G      0.42     0.188         0     0.608       244       416     0.363     0.656     0.496     0.467      1.53      1.54         0
   391/499     4.02G     0.438     0.205         0     0.643       233       416     0.371     0.643     0.489     0.471      1.55      1.54         0
   392/499     4.02G     0.407     0.196         0     0.602       192       416     0.371     0.651     0.497     0.472      1.54      1.53         0
   393/499     4.02G     0.402     0.199         0     0.601       215       416     0.368     0.644      0.49     0.468      1.55      1.54         0
   394/499     4.02G     0.411     0.195         0     0.607       156       416     0.364      0.64     0.484     0.464      1.55      1.54         0
   395/499     4.02G     0.399     0.183         0     0.581       196       416     0.364      0.65     0.491     0.466      1.55      1.54         0
   396/499     4.02G      0.43     0.204         0     0.634       224       416     0.371     0.639     0.484      0.47      1.56      1.55         0
   397/499     4.02G     0.414     0.192         0     0.606       267       416      0.37     0.645      0.49     0.471      1.55      1.54         0
   398/499     4.02G     0.417     0.209         0     0.627       256       416     0.376     0.643      0.49     0.475      1.56      1.55         0
   399/499     4.02G     0.399     0.182         0      0.58       203       416      0.37     0.651     0.496     0.471      1.54      1.54         0
   400/499     4.02G      0.38     0.195         0     0.575       195       416     0.365     0.648      0.49     0.467      1.55      1.54         0
   401/499     4.02G     0.402     0.196         0     0.598       253       416     0.364     0.645     0.488     0.465      1.55      1.55         0
   402/499     4.02G     0.416     0.192         0     0.609       221       416     0.367     0.643     0.489     0.468      1.56      1.55         0
   403/499     4.02G     0.404     0.207         0     0.611       234       416     0.372     0.643     0.492     0.471      1.55      1.54         0
   404/499     4.02G     0.413     0.195         0     0.608       200       416     0.363     0.648     0.489     0.465      1.55      1.55         0
   405/499     4.02G     0.434     0.191         0     0.625       253       416     0.369      0.64     0.487     0.468      1.56      1.55         0
   406/499     4.02G     0.416     0.199         0     0.615       271       416     0.368     0.644     0.491     0.468      1.55      1.54         0
   407/499     4.02G     0.395       0.2         0     0.595       209       416     0.365     0.645      0.49     0.466      1.55      1.54         0
   408/499     4.02G     0.407     0.191         0     0.598       194       416     0.352     0.652     0.489     0.457      1.54      1.54         0
   409/499     4.02G     0.407     0.196         0     0.604       244       416      0.37     0.655     0.501     0.473      1.54      1.53         0
   410/499     4.02G     0.404     0.184         0     0.587       186       416     0.362     0.647     0.488     0.464      1.55      1.53         0
   411/499     4.02G     0.407     0.196         0     0.603       274       416     0.363     0.643     0.487     0.464      1.55      1.53         0
   412/499     4.02G     0.429     0.204         0     0.633       193       416     0.363     0.647     0.489     0.465      1.55      1.54         0
   413/499     4.02G     0.399     0.186         0     0.585       199       416     0.363     0.651     0.495     0.466      1.55      1.54         0
   414/499     4.02G     0.408     0.197         0     0.606       214       416     0.365      0.65     0.495     0.468      1.54      1.54         0
   415/499     4.02G     0.398     0.184         0     0.582       248       416     0.364     0.651     0.496     0.467      1.54      1.53         0
   416/499     4.02G     0.411     0.196         0     0.606       214       416     0.365     0.646      0.49     0.467      1.55      1.53         0
   417/499     4.02G     0.423     0.202         0     0.626       188       416     0.367     0.646      0.49     0.468      1.55      1.53         0
   418/499     4.02G     0.398      0.19         0     0.589       202       416     0.365     0.648      0.49     0.467      1.55      1.53         0
   419/499     4.02G     0.402     0.201         0     0.603       265       416     0.362     0.636     0.479     0.461      1.56      1.54         0
   420/499     4.02G     0.429     0.181         0      0.61       230       416     0.361     0.649     0.489     0.464      1.55      1.54         0
   421/499     4.02G     0.419     0.193         0     0.612       207       416     0.362     0.642     0.485     0.463      1.55      1.54         0
   422/499     4.02G     0.419     0.188         0     0.607       244       416     0.365     0.645     0.487     0.466      1.55      1.53         0
   423/499     4.02G      0.41     0.196         0     0.606       170       416     0.369     0.643     0.488     0.469      1.55      1.54         0
   424/499     4.02G     0.397     0.198         0     0.595       150       416     0.365     0.645     0.487     0.466      1.55      1.54         0
   425/499     4.02G     0.403     0.198         0     0.602       242       416     0.374     0.641     0.488     0.473      1.55      1.54         0
   426/499     4.02G     0.417     0.211         0     0.629       200       416      0.37     0.632     0.477     0.467      1.56      1.54         0
   427/499     4.02G     0.425     0.205         0     0.631       216       416     0.364     0.641     0.482     0.465      1.55      1.54         0
   428/499     4.02G     0.407     0.205         0     0.612       240       416     0.364     0.634     0.476     0.462      1.56      1.55         0
   429/499     4.02G     0.413       0.2         0     0.613       212       416     0.366     0.643     0.485     0.467      1.55      1.55         0
   430/499     4.02G     0.415     0.193         0     0.607       223       416     0.367     0.644     0.488     0.468      1.55      1.54         0
   431/499     4.02G     0.422     0.204         0     0.626       216       416     0.362     0.636     0.478     0.461      1.56      1.55         0
   432/499     4.02G     0.396     0.188         0     0.584       174       416     0.366     0.648     0.487     0.468      1.55      1.54         0
   433/499     4.02G     0.402     0.193         0     0.596       201       416     0.359     0.646     0.483     0.462      1.55      1.54         0
   434/499     4.02G     0.403     0.198         0     0.601       216       416     0.355     0.643     0.477     0.458      1.55      1.54         0
   435/499     4.02G     0.402     0.196         0     0.598       173       416     0.363     0.648     0.483     0.465      1.55      1.54         0
   436/499     4.02G     0.409     0.186         0     0.595       235       416     0.369     0.653     0.494     0.472      1.54      1.53         0
   437/499     4.02G     0.398     0.191         0     0.589       214       416     0.364      0.64     0.482     0.464      1.55      1.54         0
   438/499     4.02G     0.401      0.19         0     0.591       189       416     0.359     0.645      0.48     0.461      1.55      1.53         0
   439/499     4.02G     0.418     0.192         0      0.61       219       416     0.361     0.647     0.483     0.463      1.55      1.53         0
   440/499     4.02G     0.406     0.184         0      0.59       233       416     0.361     0.648     0.485     0.463      1.55      1.53         0
   441/499     4.02G     0.397     0.184         0     0.581       198       416     0.362     0.649     0.487     0.465      1.54      1.53         0
   442/499     4.02G     0.409     0.189         0     0.598       209       416     0.369     0.648     0.491     0.471      1.54      1.52         0
   443/499     4.02G     0.434     0.199         0     0.633       230       416     0.371     0.648     0.492     0.472      1.55      1.53         0
   444/499     4.02G     0.409     0.195         0     0.604       211       416      0.36     0.649     0.488     0.463      1.55      1.53         0
   445/499     4.02G     0.418     0.188         0     0.606       297       416      0.36     0.649     0.487     0.463      1.54      1.53         0
   446/499     4.02G     0.417     0.201         0     0.618       201       416     0.363     0.635      0.48     0.462      1.56      1.53         0
   447/499     4.02G     0.399     0.203         0     0.603       213       416     0.367     0.634     0.479     0.465      1.56      1.53         0
   448/499     4.02G     0.421     0.196         0     0.617       192       416     0.372     0.647     0.494     0.472      1.55      1.53         0
   449/499     4.02G     0.414     0.197         0     0.611       259       416     0.368     0.648     0.492      0.47      1.55      1.53         0
   450/499     4.02G     0.414     0.187         0     0.601       189       416     0.362     0.646     0.488     0.464      1.55      1.53         0
   451/499     4.02G     0.402     0.193         0     0.595       145       416     0.363     0.649     0.489     0.465      1.55      1.53         0
   452/499     4.02G     0.418     0.202         0      0.62       207       416     0.366     0.641     0.486     0.466      1.56      1.54         0
   453/499     4.02G     0.405     0.191         0     0.597       179       416     0.359     0.646     0.485     0.462      1.55      1.53         0
   454/499     4.02G     0.404     0.185         0     0.589       221       416     0.365     0.647     0.488     0.467      1.55      1.53         0
   455/499     4.02G     0.392     0.189         0     0.581       215       416     0.363     0.649     0.487     0.466      1.55      1.53         0
   456/499     4.02G     0.401     0.202         0     0.604       241       416      0.38     0.642     0.492     0.477      1.55      1.53         0
   457/499     4.02G     0.413     0.198         0     0.611       224       416     0.369     0.643     0.488     0.469      1.55      1.53         0
   458/499     4.02G      0.41     0.199         0     0.609       204       416     0.368     0.647      0.49     0.469      1.55      1.52         0
   459/499     4.02G     0.419     0.205         0     0.624       279       416     0.373     0.645     0.491     0.473      1.55      1.53         0
   460/499     4.02G     0.415     0.188         0     0.603       184       416      0.36     0.646     0.486     0.462      1.55      1.53         0
   461/499     4.02G     0.412     0.194         0     0.606       273       416     0.368      0.65     0.495      0.47      1.55      1.53         0
   462/499     4.02G     0.394     0.192         0     0.586       192       416     0.358      0.65     0.488     0.462      1.54      1.53         0
   463/499     4.02G     0.419     0.206         0     0.626       273       416     0.375      0.65     0.496     0.475      1.55      1.53         0
   464/499     4.02G     0.395     0.195         0      0.59       202       416     0.372     0.647      0.49     0.473      1.55      1.52         0
   465/499     4.02G     0.398      0.19         0     0.588       207       416     0.366     0.644     0.487     0.467      1.55      1.52         0
   466/499     4.02G      0.42     0.196         0     0.616       252       416     0.364     0.645     0.488     0.466      1.55      1.53         0
   467/499     4.02G       0.4     0.199         0     0.598       216       416     0.359     0.647     0.488     0.462      1.55      1.53         0
   468/499     4.02G      0.41     0.194         0     0.604       195       416     0.364     0.652     0.496     0.467      1.55      1.52         0
   469/499     4.02G     0.398     0.183         0      0.58       195       416     0.362     0.649     0.488     0.465      1.55      1.53         0
   470/499     4.02G     0.418     0.192         0     0.611       216       416     0.362     0.649      0.49     0.465      1.55      1.51         0
   471/499     4.02G       0.4     0.204         0     0.604       194       416     0.371     0.637     0.483     0.469      1.56      1.53         0
   472/499     4.02G     0.427     0.192         0     0.619       187       416     0.369     0.643     0.489     0.469      1.56      1.52         0
   473/499     4.02G     0.403     0.199         0     0.602       294       416     0.366     0.642     0.488     0.467      1.56      1.53         0
   474/499     4.02G     0.392     0.188         0      0.58       214       416     0.366     0.646     0.489     0.467      1.55      1.53         0
   475/499     4.02G      0.39     0.191         0     0.581       208       416     0.364     0.647     0.489     0.466      1.55      1.52         0
   476/499     4.02G     0.417     0.199         0     0.616       186       416     0.366     0.647     0.489     0.468      1.55      1.53         0
   477/499     4.02G     0.409     0.199         0     0.608       269       416      0.37     0.648      0.49     0.471      1.55      1.52         0
   478/499     4.02G     0.426      0.19         0     0.617       216       416      0.37     0.647     0.491     0.471      1.55      1.53         0
   479/499     4.02G     0.418     0.199         0     0.616       168       416     0.367     0.643     0.486     0.467      1.56      1.53         0
   480/499     4.02G     0.411       0.2         0     0.611       231       416     0.369     0.648      0.49      0.47      1.55      1.54         0
   481/499     4.02G     0.403     0.201         0     0.604       235       416     0.381     0.648     0.498     0.479      1.55      1.53         0
   482/499     4.02G     0.407     0.192         0     0.599       281       416     0.376      0.65     0.501     0.476      1.55      1.53         0
   483/499     4.02G     0.417     0.195         0     0.612       198       416     0.359     0.648     0.489     0.462      1.55      1.54         0
   484/499     4.02G     0.405     0.196         0     0.601       190       416     0.366     0.652     0.498     0.469      1.54      1.53         0
   485/499     4.02G     0.401     0.206         0     0.607       208       416     0.375     0.653     0.501     0.477      1.55      1.53         0
   486/499     4.02G     0.407     0.187         0     0.593       227       416     0.371     0.656       0.5     0.474      1.54      1.51         0
   487/499     4.02G     0.404     0.185         0     0.589       183       416     0.364      0.65     0.493     0.467      1.55      1.52         0
   488/499     4.02G     0.415     0.198         0     0.613       233       416      0.38     0.645     0.494     0.478      1.55      1.52         0
   489/499     4.02G     0.408     0.205         0     0.613       243       416     0.374      0.64     0.488     0.472      1.56      1.53         0
   490/499     4.02G     0.396     0.202         0     0.598       294       416     0.375     0.644      0.49     0.474      1.55      1.52         0
   491/499     4.02G     0.417     0.184         0     0.602       165       416     0.369     0.653     0.497     0.472      1.54      1.52         0
   492/499     4.02G     0.415       0.2         0     0.615       202       416     0.374     0.648     0.492     0.474      1.55      1.52         0
   493/499     4.02G     0.427     0.198         0     0.625       193       416     0.374      0.65     0.497     0.475      1.55      1.51         0
   494/499     4.02G     0.408     0.195         0     0.603       271       416     0.374     0.644      0.49     0.473      1.55      1.53         0
   495/499     4.02G     0.406     0.191         0     0.597       206       416     0.364     0.652     0.495     0.467      1.54      1.52         0
   496/499     4.02G     0.402     0.194         0     0.595       190       416     0.373     0.646     0.489     0.473      1.55      1.52         0
   497/499     4.02G     0.411     0.197         0     0.608       245       416     0.372      0.65     0.495     0.473      1.55      1.51         0
   498/499     4.02G     0.406     0.192         0     0.598       162       416     0.375      0.65     0.497     0.475      1.55      1.52         0
   499/499     4.02G     0.393     0.189         0     0.583       263       416      0.28     0.652     0.495     0.392      1.55      1.52         0
