     0/249     4.22G      3.28      27.3         0      30.6       125       608   0.00743    0.0249   0.00442    0.0114      3.05        23         0
     1/249     4.22G      3.01      17.2         0      20.2       146       608     0.106     0.385    0.0875     0.166      2.69      11.3         0
     2/249     4.22G      2.69      7.76         0      10.4       145       608     0.198     0.079     0.018     0.113      2.51      5.04         0
     3/249     4.22G      2.42       3.3         0      5.72       139       608     0.343     0.149     0.075     0.207      2.17      2.63         0
     4/249     4.22G      2.17      2.37         0      4.53       115       608     0.533     0.184      0.14     0.274      1.95      2.45         0
     5/249     4.22G      2.11      2.56         0      4.66       174       608     0.498     0.187     0.133     0.271      1.91      2.57         0
     6/249     4.22G      2.04      2.48         0      4.52       134       608      0.68     0.245     0.212     0.361       1.8      2.47         0
     7/249     4.22G      1.88      2.45         0      4.33       142       608       0.8     0.243     0.226     0.372      1.73       2.4         0
     8/249     4.22G      1.79      2.35         0      4.13       129       608     0.819     0.265     0.245       0.4      1.65      2.27         0
     9/249     4.22G      1.76      2.21         0      3.97       143       608     0.846     0.254     0.238     0.391      1.64      2.12         0
    10/249     4.22G      1.76      2.05         0      3.81       197       608     0.827     0.254     0.235     0.389      1.62      2.02         0
    11/249     4.22G      1.67      2.01         0      3.68       129       608     0.843     0.248     0.227     0.383      1.58      1.88         0
    12/249     4.22G      1.64      1.86         0       3.5       170       608     0.841     0.268     0.246     0.406      1.54      1.74         0
    13/249     4.22G      1.61      1.72         0      3.33       113       608     0.819      0.37     0.343      0.51      1.52      1.56         0
    14/249     4.22G      1.58      1.51         0       3.1       158       608     0.756     0.495     0.448     0.598      1.51      1.39         0
    15/249     4.22G      1.57      1.34         0      2.92       172       608     0.634     0.593     0.495     0.613      1.48       1.2         0
    16/249     4.22G      1.55       1.2         0      2.75       120       608     0.591     0.646     0.545     0.617       1.5      1.07         0
    17/249     4.22G      1.57      1.02         0       2.6       171       608     0.529     0.684     0.564     0.597      1.46     0.969         0
    18/249     4.22G      1.53     0.941         0      2.47       181       608     0.538     0.702     0.602     0.609      1.47     0.946         0
    19/249     4.22G      1.51     0.911         0      2.42       152       608     0.551     0.753     0.657     0.637      1.43     0.916         0
    20/249     4.22G      1.44     0.904         0      2.34       154       608     0.555       0.8     0.713     0.655      1.37     0.884         0
    21/249     4.22G      1.45     0.829         0      2.28       145       608     0.587     0.827     0.749     0.687      1.38     0.837         0
    22/249     4.22G      1.43     0.801         0      2.23       215       608     0.619     0.838     0.775     0.712      1.37     0.812         0
    23/249     4.22G      1.42     0.791         0      2.21       116       608      0.64     0.839     0.782     0.726      1.39     0.799         0
    24/249     4.22G       1.4     0.729         0      2.13       138       608     0.638     0.847      0.79     0.728      1.35     0.781         0
    25/249     4.22G      1.41     0.717         0      2.12       121       608     0.646     0.858       0.8     0.737      1.34     0.779         0
    26/249     4.22G      1.36     0.685         0      2.04       124       608     0.652     0.858     0.803     0.741      1.33     0.765         0
    27/249     4.22G      1.33     0.706         0      2.04       139       608     0.682     0.866     0.819     0.763      1.29     0.748         0
    28/249     4.22G      1.32     0.681         0         2       190       608     0.697      0.87     0.829     0.774      1.31     0.744         0
    29/249     4.22G      1.32     0.669         0      1.99       179       608      0.69     0.879     0.835     0.773      1.29     0.732         0
    30/249     4.22G      1.29     0.677         0      1.96       169       608     0.711     0.882     0.843     0.788      1.28     0.728         0
    31/249     4.22G      1.27     0.657         0      1.92       193       608     0.714     0.887     0.844     0.791      1.27     0.716         0
    32/249     4.22G      1.25     0.659         0      1.91       155       608     0.699     0.889     0.843     0.783      1.24     0.712         0
    33/249     4.22G      1.24     0.629         0      1.86       144       608     0.694     0.889     0.843      0.78      1.22     0.702         0
    34/249     4.22G      1.19     0.617         0      1.81        98       608     0.697     0.897      0.85     0.784      1.19     0.697         0
    35/249     4.22G       1.2     0.619         0      1.82       119       608     0.687     0.901     0.854      0.78      1.18     0.694         0
    36/249     4.22G      1.19     0.622         0      1.82       122       608      0.69     0.903     0.853     0.782      1.19     0.685         0
    37/249     4.22G      1.17     0.607         0      1.78       116       608      0.72     0.901     0.857       0.8      1.18     0.688         0
    38/249     4.22G      1.16     0.583         0      1.74       113       608     0.728     0.902     0.859     0.806      1.15     0.679         0
    39/249     4.22G      1.13       0.6         0      1.73       121       608     0.742     0.901     0.862     0.814      1.13     0.675         0
    40/249     4.22G       1.1     0.577         0      1.67       165       608     0.747     0.908     0.865      0.82      1.11     0.683         0
    41/249     4.22G       1.1     0.584         0      1.68       174       608     0.767     0.911     0.878     0.833      1.08     0.671         0
    42/249     4.22G      1.07     0.576         0      1.64       134       608     0.779     0.914     0.882     0.841      1.09      0.67         0
    43/249     4.22G      1.05     0.538         0      1.59       140       608       0.8     0.916     0.887     0.854      1.05     0.668         0
    44/249     4.22G     0.997     0.546         0      1.54       113       608      0.81     0.919     0.889     0.861      1.05     0.668         0
    45/249     4.22G     0.997     0.558         0      1.55       158       608     0.821     0.919     0.887     0.867      1.02     0.661         0
    46/249     4.22G     0.979     0.562         0      1.54       155       608     0.849     0.918     0.889     0.882     0.984     0.658         0
    47/249     4.22G     0.935     0.543         0      1.48       127       608     0.849     0.922     0.899     0.884     0.966     0.656         0
    48/249     4.22G     0.913      0.53         0      1.44       142       608     0.846     0.924     0.897     0.883     0.944     0.659         0
    49/249     4.22G     0.892     0.532         0      1.42        95       608     0.857      0.92     0.894     0.887     0.958     0.663         0
    50/249     4.22G     0.893     0.529         0      1.42       136       608     0.859     0.922     0.899      0.89     0.932     0.644         0
    51/249     4.22G     0.869     0.532         0       1.4       138       608     0.859     0.924     0.898      0.89     0.902     0.654         0
    52/249     4.22G     0.854     0.515         0      1.37       128       608     0.844     0.926     0.894     0.883     0.925     0.654         0
    53/249     4.22G     0.865       0.5         0      1.36       116       608     0.852     0.928     0.897     0.888     0.933     0.648         0
    54/249     4.22G     0.861     0.513         0      1.37       159       608      0.86     0.927     0.898     0.892     0.899     0.644         0
    55/249     4.47G     0.791     0.509         0       1.3       125       608     0.857     0.931     0.907     0.892     0.856     0.645         0
    56/249     4.47G     0.803     0.514         0      1.32       146       608     0.866     0.929       0.9     0.896     0.888     0.647         0
    57/249     4.47G     0.827      0.49         0      1.32       145       608      0.87     0.927     0.898     0.897     0.924     0.646         0
    58/249     4.47G     0.831      0.49         0      1.32       139       608     0.855     0.932     0.906     0.892     0.911     0.633         0
    59/249     4.47G     0.807     0.493         0       1.3       115       608     0.871     0.928     0.901     0.899     0.866     0.638         0
    60/249     4.47G     0.795     0.503         0       1.3       174       608     0.878     0.928     0.901     0.903      0.88      0.64         0
    61/249     4.47G     0.789     0.474         0      1.26       134       608     0.877     0.926     0.902     0.901     0.854     0.639         0
    62/249     4.47G      0.77     0.483         0      1.25       142       608     0.877     0.927     0.902     0.901     0.845     0.635         0
    63/249     4.47G     0.762     0.487         0      1.25       129       608     0.879     0.928     0.902     0.903     0.857     0.633         0
    64/249     4.47G     0.764     0.472         0      1.24       143       608     0.876     0.927     0.901     0.901     0.858     0.637         0
    65/249     4.47G     0.772     0.467         0      1.24       197       608     0.877     0.929     0.903     0.902     0.843     0.629         0
    66/249     4.47G     0.764     0.478         0      1.24       129       608     0.878     0.929     0.901     0.903     0.831     0.633         0
    67/249     4.47G     0.739     0.482         0      1.22       170       608     0.886     0.929     0.906     0.907     0.815     0.636         0
    68/249     4.47G     0.726     0.463         0      1.19       113       608     0.876     0.929     0.905     0.902     0.819     0.638         0
    69/249     4.47G     0.734     0.455         0      1.19       158       608     0.876     0.929     0.902     0.902     0.839     0.625         0
    70/249     4.47G     0.738     0.456         0      1.19       172       608     0.868     0.929     0.901     0.898     0.827     0.633         0
    71/249     4.47G     0.723     0.457         0      1.18       120       608     0.877     0.928     0.903     0.902     0.818      0.63         0
    72/249     4.47G     0.739     0.441         0      1.18       171       608     0.874     0.931      0.91     0.902     0.822     0.624         0
    73/249     4.47G     0.733     0.431         0      1.16       181       608     0.888      0.93     0.913     0.908     0.803     0.624         0
    74/249     4.47G     0.712     0.444         0      1.16       152       608     0.885     0.932     0.912     0.908     0.816     0.634         0
    75/249     4.47G     0.704     0.451         0      1.15       154       608     0.884     0.931     0.913     0.907     0.807     0.627         0
    76/249     4.47G     0.702     0.428         0      1.13       145       608     0.882     0.932     0.911     0.906     0.815     0.628         0
    77/249     4.47G     0.717     0.437         0      1.15       215       608     0.879     0.931     0.911     0.904     0.812     0.628         0
    78/249     4.47G     0.706     0.448         0      1.15       116       608     0.879     0.931     0.909     0.904     0.794     0.635         0
    79/249     4.47G     0.691     0.415         0      1.11       138       608     0.878     0.929     0.901     0.903     0.794     0.634         0
    80/249     4.47G     0.681     0.418         0       1.1       121       608     0.879     0.931      0.91     0.904     0.795     0.632         0
    81/249     4.47G     0.702     0.408         0      1.11       124       608     0.874      0.93     0.909     0.901      0.83     0.642         0
    82/249     4.47G     0.691     0.434         0      1.12       139       608     0.882     0.933     0.911     0.907     0.787     0.626         0
    83/249     4.47G     0.689     0.425         0      1.11       190       608     0.891     0.931     0.912     0.911     0.782     0.631         0
    84/249     4.47G     0.675     0.419         0      1.09       179       608     0.881     0.934     0.913     0.907     0.803     0.627         0
    85/249     4.47G     0.676      0.43         0      1.11       169       608     0.885     0.934     0.913     0.909     0.803     0.632         0
    86/249     4.47G     0.674     0.422         0       1.1       193       608     0.881     0.935     0.911     0.907     0.796     0.631         0
    87/249     4.47G     0.683     0.423         0      1.11       155       608     0.883     0.935     0.913     0.909     0.802     0.637         0
    88/249     4.47G     0.688     0.409         0       1.1       144       608      0.89     0.931     0.913      0.91     0.813     0.626         0
    89/249     4.47G     0.684     0.404         0      1.09        98       608     0.884     0.935     0.913     0.909     0.794     0.629         0
    90/249     4.47G     0.685      0.41         0       1.1       119       608     0.882     0.935     0.913     0.908     0.794     0.624         0
    91/249     4.47G      0.65     0.412         0      1.06       122       608     0.889     0.934     0.915     0.911     0.765     0.626         0
    92/249     4.47G     0.644     0.405         0      1.05       116       608     0.891     0.933     0.916     0.912     0.804     0.638         0
    93/249     4.47G     0.667     0.398         0      1.06       113       608     0.889     0.934     0.916     0.911     0.786     0.632         0
    94/249     4.47G     0.655     0.404         0      1.06       121       608      0.89     0.933     0.914     0.911     0.789     0.628         0
    95/249     4.47G     0.633      0.39         0      1.02       125       608     0.888     0.935     0.914     0.911     0.797     0.629         0
    96/249     4.47G     0.654     0.397         0      1.05       146       608     0.899     0.933     0.916     0.916     0.806     0.636         0
    97/249     4.47G     0.652     0.382         0      1.03       145       608     0.896     0.934     0.916     0.914     0.807     0.639         0
    98/249     4.47G     0.654      0.38         0      1.03       139       608     0.885     0.935     0.913      0.91     0.791     0.637         0
    99/249     4.47G     0.645     0.386         0      1.03       115       608      0.89     0.934     0.916     0.912     0.791     0.642         0
   100/249     4.47G     0.659     0.397         0      1.06       174       608     0.894     0.934     0.916     0.914      0.78      0.64         0
   101/249     4.47G     0.646     0.373         0      1.02       134       608     0.895     0.937     0.917     0.915     0.792     0.641         0
   102/249     4.47G     0.641     0.381         0      1.02       142       608     0.891     0.937     0.915     0.913     0.768     0.635         0
   103/249     4.47G     0.626     0.385         0      1.01       129       608     0.895     0.936     0.916     0.915     0.777     0.636         0
   104/249     4.47G     0.622     0.371         0     0.993       143       608     0.893     0.934     0.915     0.913     0.772      0.64         0
   105/249     4.47G      0.64      0.37         0      1.01       197       608      0.89     0.934     0.915     0.911     0.781     0.629         0
   106/249     4.47G     0.642      0.38         0      1.02       129       608     0.893     0.934     0.915     0.913     0.776     0.633         0
   107/249     4.47G     0.626     0.382         0      1.01       170       608     0.895     0.934     0.915     0.914      0.77     0.634         0
   108/249     4.47G     0.624     0.367         0     0.991       113       608     0.888     0.935     0.914     0.911     0.772     0.639         0
   109/249     4.47G     0.648     0.361         0      1.01       158       608      0.89     0.933     0.914     0.911     0.795     0.638         0
   110/249     4.47G     0.636     0.365         0         1       172       608     0.889     0.934     0.915     0.911     0.768     0.641         0
   111/249     4.47G     0.626     0.367         0     0.993       120       608     0.898     0.936     0.916     0.916     0.777     0.634         0
   112/249     4.47G     0.642     0.352         0     0.994       171       608      0.89     0.937     0.915     0.913     0.767      0.63         0
   113/249     4.47G     0.618     0.345         0     0.963       181       608     0.898     0.934     0.916     0.916     0.754      0.63         0
   114/249     4.47G     0.601     0.358         0     0.959       152       608     0.896     0.934     0.915     0.915     0.762     0.641         0
   115/249     4.47G     0.606      0.36         0     0.965       154       608     0.893     0.935     0.915     0.914     0.782     0.644         0
   116/249     4.47G     0.625     0.344         0     0.969       145       608      0.89     0.937     0.916     0.913     0.762     0.643         0
   117/249     4.47G     0.615     0.355         0      0.97       215       608     0.895     0.935     0.916     0.915     0.774     0.642         0
   118/249     4.47G     0.617     0.363         0      0.98       116       608     0.894     0.935     0.915     0.914     0.769     0.655         0
   119/249     4.47G     0.621     0.335         0     0.957       138       608     0.893     0.932     0.915     0.912     0.774      0.65         0
   120/249     4.47G     0.609      0.34         0     0.949       121       608     0.892     0.934     0.915     0.913     0.777     0.649         0
   121/249     4.47G     0.615     0.331         0     0.945       124       608     0.898     0.932     0.915     0.914     0.793     0.657         0
   122/249     4.47G     0.613     0.357         0      0.97       139       608     0.891     0.936     0.915     0.913     0.768     0.639         0
   123/249     4.47G     0.608     0.349         0     0.957       190       608       0.9     0.935     0.916     0.917     0.752     0.644         0
   124/249     4.47G       0.6     0.343         0     0.943       179       608     0.894     0.936     0.917     0.915     0.766     0.644         0
   125/249     4.47G     0.588     0.354         0     0.941       169       608     0.895     0.936     0.916     0.915     0.757     0.645         0
   126/249     4.47G     0.583     0.346         0     0.929       193       608     0.894     0.936     0.916     0.914     0.747     0.651         0
   127/249     4.47G     0.603     0.346         0     0.948       155       608     0.896     0.938     0.917     0.916     0.769     0.653         0
   128/249     4.47G     0.594     0.333         0     0.927       144       608       0.9     0.938     0.917     0.918     0.757     0.643         0
   129/249     4.47G     0.611     0.331         0     0.942        98       608     0.891     0.938     0.914     0.914      0.77     0.651         0
   130/249     4.47G     0.609     0.337         0     0.946       119       608      0.89     0.935     0.915     0.912     0.768     0.653         0
   131/249     4.47G     0.604     0.335         0      0.94       122       608     0.895     0.935     0.916     0.915     0.752     0.655         0
   132/249     4.47G     0.579     0.332         0     0.911       116       608       0.9     0.935     0.917     0.917     0.768     0.664         0
   133/249     4.47G     0.594     0.328         0     0.922       113       608     0.903     0.935     0.917     0.919     0.762     0.653         0
   134/249     4.47G     0.591      0.33         0     0.921       121       608     0.903     0.937     0.917      0.92     0.754     0.653         0
   135/249     4.47G     0.576     0.343         0     0.919       165       608     0.897     0.938     0.915     0.917     0.743     0.655         0
   136/249     4.47G     0.586     0.347         0     0.933       174       608     0.901     0.935     0.915     0.918     0.757     0.649         0
   137/249     4.47G     0.586     0.349         0     0.935       134       608     0.898     0.937     0.915     0.917     0.753      0.65         0
   138/249     4.47G     0.574     0.323         0     0.896       140       608     0.898     0.935     0.916     0.916      0.74     0.639         0
   139/249     4.47G     0.588     0.334         0     0.922       113       608     0.898     0.938     0.916     0.917     0.735     0.647         0
   140/249     4.47G     0.585     0.338         0     0.923       158       608     0.898     0.936     0.915     0.917     0.748     0.643         0
   141/249     4.47G     0.598     0.349         0     0.947       155       608     0.898     0.937     0.915     0.917     0.758     0.638         0
   142/249     4.47G     0.579     0.334         0     0.912       127       608     0.898     0.938     0.915     0.918     0.747     0.639         0
   143/249     4.47G     0.576      0.33         0     0.906       142       608     0.897     0.935     0.915     0.916     0.742     0.636         0
   144/249     4.47G     0.563     0.332         0     0.896        95       608     0.897     0.937     0.915     0.917     0.733     0.635         0
   145/249     4.47G     0.582     0.333         0     0.915       136       608     0.897     0.936     0.914     0.916     0.757     0.634         0
   146/249     4.47G     0.574     0.335         0     0.909       138       608     0.904     0.935     0.915     0.919     0.756     0.643         0
   147/249     4.47G     0.582     0.328         0      0.91       128       608     0.896     0.936     0.913     0.916     0.743     0.648         0
   148/249     4.47G     0.566     0.321         0     0.886       116       608     0.894     0.935     0.915     0.914     0.758     0.645         0
   149/249     4.47G      0.57     0.332         0     0.902       159       608     0.897     0.937     0.914     0.917     0.737      0.65         0
   150/249     4.47G     0.573     0.345         0     0.918       124       608     0.897     0.936     0.914     0.916     0.739     0.642         0
   151/249     4.47G     0.568     0.337         0     0.905       168       608     0.906     0.938     0.916     0.922     0.734     0.636         0
   152/249     4.47G     0.562     0.338         0       0.9       131       608     0.899     0.938     0.915     0.918      0.75     0.632         0
   153/249     4.47G     0.576     0.332         0     0.908       162       608     0.898     0.936     0.916     0.916     0.761     0.628         0
   154/249     4.47G     0.579      0.34         0     0.919       164       608     0.904     0.936     0.916      0.92     0.749     0.637         0
   155/249     4.47G     0.566     0.332         0     0.898       169       608     0.902     0.936     0.916     0.919     0.741     0.632         0
   156/249     4.47G     0.582     0.324         0     0.907       118       608     0.909     0.934     0.917     0.921     0.739     0.637         0
   157/249     4.47G     0.568      0.33         0     0.899       150       608     0.904     0.936     0.916      0.92     0.746     0.634         0
   158/249     4.47G     0.572     0.343         0     0.915       132       608     0.902     0.938     0.915     0.919     0.755     0.631         0
   159/249     4.47G     0.569     0.342         0      0.91       155       608     0.907     0.935     0.914     0.921     0.732     0.639         0
   160/249     4.47G     0.566     0.319         0     0.885       128       608     0.906     0.936     0.915     0.921     0.738     0.638         0
   161/249     4.47G     0.563     0.333         0     0.896       153       608     0.908     0.934     0.915     0.921     0.731     0.629         0
   162/249     4.47G     0.552     0.324         0     0.876       167       608     0.908     0.934     0.916     0.921     0.743     0.633         0
   163/249     4.47G     0.563     0.311         0     0.874       165       608     0.913     0.934     0.916     0.923     0.735     0.639         0
   164/249     4.47G     0.565     0.309         0     0.874       125       608     0.907     0.936     0.918     0.921     0.747     0.636         0
   165/249     4.47G      0.56     0.334         0     0.894       158       608      0.91     0.934     0.918     0.922     0.739     0.642         0
   166/249     4.47G     0.563     0.323         0     0.886       139       608     0.904     0.936     0.916      0.92     0.752     0.636         0
   167/249     4.47G     0.571     0.331         0     0.901       170       608     0.907     0.934     0.917      0.92     0.754      0.63         0
   168/249     4.47G     0.577     0.312         0     0.889       128       608     0.901     0.936     0.918     0.918     0.744     0.638         0
   169/249     4.47G      0.56     0.307         0     0.867       161       608     0.905     0.937     0.919     0.921     0.737     0.638         0
   170/249     4.47G     0.544      0.32         0     0.864       148       608     0.906     0.938     0.919     0.922     0.731     0.639         0
   171/249     4.47G     0.558     0.322         0      0.88       203       608     0.901     0.934     0.917     0.917     0.755     0.644         0
   172/249     4.47G     0.543     0.319         0     0.862       140       608     0.904     0.939     0.921     0.922     0.731     0.638         0
   173/249     4.47G     0.557     0.314         0     0.871       184       608     0.908     0.937     0.918     0.922     0.739     0.637         0
   174/249     4.47G     0.565     0.312         0     0.877       171       608     0.908     0.938     0.918     0.923     0.746     0.639         0
   175/249     4.47G     0.544     0.315         0     0.859       112       608     0.905     0.937     0.917     0.921     0.731     0.642         0
   176/249     4.47G     0.544     0.322         0     0.867       154       608     0.908     0.938     0.918     0.923     0.731     0.645         0
   177/249     4.47G     0.557     0.321         0     0.878       127       608       0.9     0.935     0.916     0.918     0.755     0.645         0
   178/249     4.47G     0.551     0.309         0     0.859       156       608      0.91     0.936     0.916     0.923     0.735     0.637         0
   179/249     4.47G     0.558     0.306         0     0.864       154       608     0.907     0.935     0.917     0.921     0.735     0.637         0
   180/249     4.47G     0.543     0.308         0     0.851       171       608      0.91     0.938     0.918     0.924     0.743     0.645         0
   181/249     4.47G     0.549     0.305         0     0.854       133       608     0.902     0.938     0.916     0.919     0.738     0.642         0
   182/249     4.47G      0.54     0.305         0     0.845       153       608     0.909     0.937     0.916     0.923     0.739     0.649         0
   183/249     4.47G     0.544     0.301         0     0.845       130       608     0.911     0.935     0.917     0.923     0.739     0.645         0
   184/249     4.47G     0.549     0.311         0     0.859       148       608      0.91     0.934     0.917     0.922     0.736     0.651         0
   185/249     4.47G     0.553     0.316         0      0.87       129       608     0.906     0.937     0.916     0.921     0.742     0.653         0
   186/249     4.47G     0.545     0.303         0     0.848       147       608     0.909     0.934     0.916     0.921     0.733     0.652         0
   187/249     4.47G     0.539     0.288         0     0.827       145       608      0.91     0.934     0.915     0.922     0.733     0.652         0
   188/249     4.47G     0.541       0.3         0     0.842       131       608     0.902     0.936     0.917     0.919     0.739     0.646         0
   189/249     4.47G     0.548     0.303         0     0.851       112       608     0.907     0.934     0.917      0.92     0.739     0.652         0
   190/249     4.47G     0.534     0.316         0     0.851       111       608      0.91     0.937     0.917     0.923     0.736     0.652         0
   191/249     4.47G     0.531     0.306         0     0.836       167       608     0.908     0.935     0.916     0.921     0.725      0.65         0
   192/249     4.47G     0.528     0.305         0     0.833       185       608     0.913     0.935     0.917     0.924     0.714     0.654         0
   193/249     4.47G     0.538     0.302         0      0.84       136       608     0.914     0.934     0.916     0.924     0.731     0.649         0
   194/249     4.47G     0.535     0.305         0      0.84       127       608     0.916     0.937     0.916     0.927     0.741     0.656         0
   195/249     4.47G      0.54     0.298         0     0.838       163       608     0.913     0.938     0.915     0.925     0.742     0.656         0
   196/249     4.47G     0.537     0.298         0     0.835       142       608      0.91     0.939     0.915     0.924     0.738     0.655         0
   197/249     4.47G     0.554     0.289         0     0.843       185       608     0.918     0.934     0.917     0.926     0.748     0.661         0
   198/249     4.47G     0.543     0.296         0     0.838       167       608     0.916     0.937     0.917     0.926     0.733     0.656         0
   199/249     4.47G     0.538     0.305         0     0.843       184       608     0.917     0.938     0.919     0.927      0.74      0.65         0
   200/249     4.47G     0.528     0.293         0     0.821       167       608     0.913     0.937     0.918     0.925     0.721     0.653         0
   201/249     4.47G     0.498     0.282         0      0.78       166       608     0.913     0.938     0.918     0.926     0.711     0.649         0
   202/249     4.47G     0.504     0.286         0      0.79       144       608     0.913     0.938     0.918     0.925     0.708     0.646         0
   203/249     4.47G     0.495     0.291         0     0.787       142       608     0.916     0.937     0.919     0.926     0.709     0.646         0
   204/249     4.47G       0.5     0.288         0     0.788       123       608     0.913     0.939     0.918     0.926     0.708      0.65         0
   205/249     4.47G     0.495     0.286         0     0.781       140       608     0.913     0.937     0.918     0.925      0.71     0.653         0
   206/249     4.47G     0.494     0.282         0     0.776       127       608     0.914     0.937     0.918     0.925     0.707     0.654         0
   207/249     4.47G     0.487     0.297         0     0.784       147       608     0.916     0.937     0.917     0.926     0.709     0.658         0
   208/249     4.47G     0.495     0.283         0     0.778       133       608     0.911     0.938     0.917     0.924     0.705     0.656         0
   209/249     4.47G     0.495     0.287         0     0.782       114       608      0.91     0.938     0.917     0.924     0.707     0.656         0
   210/249     4.47G     0.492     0.282         0     0.774       108       608     0.912     0.938     0.917     0.925     0.708     0.655         0
   211/249     4.47G     0.485     0.287         0     0.772       162       608     0.913     0.938     0.918     0.925     0.708     0.655         0
   212/249     4.47G     0.492     0.295         0     0.786       140       608     0.914     0.937     0.917     0.926     0.709     0.656         0
   213/249     4.47G     0.486     0.286         0     0.773       166       608     0.913     0.937     0.918     0.925     0.706     0.656         0
   214/249     4.47G     0.487     0.273         0     0.761       112       608     0.912     0.937     0.917     0.924     0.707     0.656         0
   215/249     4.47G     0.485     0.302         0     0.787       173       608     0.915     0.936     0.918     0.925     0.708     0.658         0
   216/249     4.47G     0.491     0.284         0     0.774       138       608     0.911     0.937     0.917     0.924     0.707     0.655         0
   217/249     4.47G     0.485     0.286         0      0.77       166       608     0.915     0.937     0.918     0.926     0.708     0.659         0
   218/249     4.47G      0.48     0.287         0     0.767       127       608     0.914     0.935     0.917     0.924     0.708     0.657         0
   219/249     4.47G      0.48     0.286         0     0.766       147       608     0.915     0.934     0.917     0.925     0.708     0.658         0
   220/249     4.47G     0.484     0.291         0     0.775       155       608     0.916     0.936     0.917     0.926     0.705     0.661         0
   221/249     4.47G     0.486     0.276         0     0.762       137       608     0.913     0.937     0.917     0.925     0.704     0.662         0
   222/249     4.47G     0.482     0.289         0     0.771       112       608     0.915     0.935     0.918     0.925     0.707     0.659         0
   223/249     4.47G     0.487     0.283         0      0.77       125       608     0.916     0.936     0.919     0.926     0.707     0.665         0
   224/249     4.47G      0.49     0.276         0     0.766       158       608     0.913     0.936     0.918     0.924     0.704     0.666         0
   225/249     4.47G     0.483     0.289         0     0.772       127       608     0.916     0.937     0.918     0.926     0.706     0.665         0
   226/249     4.47G     0.477     0.276         0     0.753       141       608     0.916     0.936     0.918     0.926     0.708     0.666         0
   227/249     4.47G     0.477     0.291         0     0.768       135       608     0.916     0.935     0.918     0.926     0.706     0.669         0
   228/249     4.47G     0.484     0.284         0     0.768       197       608     0.915     0.936     0.918     0.925     0.706     0.664         0
   229/249     4.47G     0.478     0.271         0     0.749       124       608     0.912     0.937     0.918     0.925     0.705     0.663         0
   230/249     4.47G     0.482     0.292         0     0.774       141       608     0.914     0.937     0.919     0.925     0.705      0.67         0
   231/249     4.47G      0.48     0.279         0     0.759       118       608      0.91     0.939     0.919     0.924     0.703     0.664         0
   232/249     4.47G     0.485      0.29         0     0.775       145       608     0.912     0.935     0.917     0.924     0.705     0.664         0
   233/249     4.47G     0.482     0.285         0     0.767       140       608     0.913     0.937     0.918     0.925     0.704     0.664         0
   234/249     4.47G     0.489      0.28         0     0.769       133       608     0.913     0.937     0.918     0.925     0.704     0.667         0
   235/249     4.47G     0.475     0.274         0     0.749       164       608     0.911     0.937     0.917     0.924     0.706     0.664         0
   236/249     4.47G     0.484     0.271         0     0.756       192       608     0.912     0.936     0.917     0.924     0.704     0.663         0
   237/249     4.47G     0.495     0.289         0     0.783       158       608     0.913     0.936     0.917     0.925     0.704     0.664         0
   238/249     4.47G     0.487     0.291         0     0.778       101       608     0.913     0.935     0.917     0.924     0.705     0.664         0
   239/249     4.47G      0.48     0.274         0     0.754       108       608     0.914     0.935     0.918     0.924     0.706     0.664         0
   240/249     4.47G      0.48     0.285         0     0.765       192       608     0.912     0.938     0.918     0.925     0.705     0.667         0
   241/249     4.47G     0.486      0.28         0     0.766       152       608     0.914     0.937     0.919     0.925     0.705     0.665         0
   242/249     4.47G     0.482     0.271         0     0.753       127       608     0.913     0.935     0.918     0.924     0.705     0.666         0
   243/249     4.47G     0.483     0.284         0     0.767       198       608     0.912     0.938     0.918     0.925     0.705      0.66         0
   244/249     4.47G     0.486     0.276         0     0.762       162       608     0.912     0.936     0.917     0.924     0.705     0.667         0
   245/249     4.47G     0.482      0.27         0     0.752       131       608     0.913     0.936     0.917     0.924     0.706     0.663         0
   246/249     4.47G     0.483     0.272         0     0.755       138       608     0.911     0.936     0.917     0.923     0.705     0.663         0
   247/249     4.47G     0.475     0.275         0      0.75       145       608     0.912     0.937     0.917     0.924     0.705     0.666         0
   248/249     4.47G     0.485     0.282         0     0.767       129       608     0.913     0.936     0.917     0.924     0.706     0.669         0
   249/249     4.47G     0.484     0.275         0     0.759       180       608     0.883     0.939      0.92      0.91     0.707     0.667         0
