     0/199     4.02G      2.28       1.2         0      3.48        22       416     0.439     0.473     0.317     0.456      1.53     0.815         0
     1/199     4.03G      1.64     0.927         0      2.57        28       416     0.557      0.61      0.48     0.582      1.34     0.679         0
     2/199     4.03G      1.48     0.812         0      2.29        13       416     0.578     0.671      0.52     0.621      1.24     0.607         0
     3/199     4.03G      1.39     0.765         0      2.15        17       416      0.59     0.712     0.573     0.645      1.18     0.572         0
     4/199     4.03G      1.32     0.727         0      2.04        27       416     0.592     0.742     0.596     0.658      1.14     0.541         0
     5/199     4.03G      1.26     0.688         0      1.95        18       416     0.597     0.784     0.637     0.678      1.12     0.521         0
     6/199     4.03G      1.22     0.673         0      1.89        17       416      0.59     0.798     0.659     0.679      1.06     0.504         0
     7/199     4.03G      1.19     0.645         0      1.83        21       416     0.602     0.785     0.648     0.681      1.05      0.49         0
     8/199     4.03G      1.16      0.64         0       1.8        22       416     0.598     0.803      0.67     0.686      1.01     0.479         0
     9/199     4.03G      1.12     0.614         0      1.74        16       416     0.575      0.83     0.689     0.679     0.994     0.469         0
    10/199     4.03G       1.1     0.609         0      1.71        25       416     0.601     0.816     0.688     0.692     0.981     0.466         0
    11/199     4.03G       1.1     0.589         0      1.68        22       416     0.624     0.823     0.699      0.71     0.967     0.464         0
    12/199     4.03G      1.07     0.585         0      1.66        16       416     0.573     0.846     0.689     0.683     0.949     0.461         0
    13/199     4.03G      1.05     0.567         0      1.62        27       416     0.635     0.824     0.697     0.718     0.949     0.448         0
    14/199     4.03G      1.04     0.557         0       1.6        23       416     0.596     0.835     0.708     0.695     0.933     0.444         0
    15/199     4.03G      1.04     0.549         0      1.59        18       416     0.615      0.84     0.709      0.71     0.935     0.441         0
    16/199     4.03G      1.02     0.549         0      1.57        17       416     0.621     0.843     0.707     0.715     0.932      0.44         0
    17/199     4.03G         1     0.537         0      1.54        15       416     0.619     0.836       0.7     0.711     0.922     0.451         0
    18/199     4.03G         1     0.536         0      1.54        14       416     0.606     0.845      0.71     0.706     0.923     0.435         0
    19/199     4.03G     0.972     0.515         0      1.49        18       416     0.618      0.84     0.712     0.712     0.916     0.434         0
    20/199     4.03G     0.972     0.523         0      1.49        22       416     0.646     0.836     0.716     0.729     0.902     0.435         0
    21/199     4.03G     0.958     0.508         0      1.47        22       416     0.644     0.843     0.725      0.73     0.891      0.44         0
    22/199     4.03G     0.941     0.508         0      1.45        19       416     0.632     0.852     0.727     0.726      0.89     0.429         0
    23/199     4.03G     0.949     0.502         0      1.45        20       416     0.661     0.837     0.715     0.739     0.892      0.43         0
    24/199     4.03G     0.935     0.503         0      1.44        21       416     0.634     0.851      0.73     0.727     0.892     0.435         0
    25/199     4.03G     0.912     0.492         0       1.4        14       416     0.638     0.854     0.726      0.73      0.87     0.426         0
    26/199     4.03G     0.926     0.487         0      1.41        17       416     0.665     0.846     0.729     0.744     0.888      0.43         0
    27/199     4.03G     0.905     0.478         0      1.38        16       416     0.661     0.838     0.714     0.739     0.889      0.43         0
    28/199     4.03G     0.902     0.479         0      1.38        22       416     0.612     0.857     0.717     0.714     0.865     0.431         0
    29/199     4.03G     0.891     0.472         0      1.36        20       416     0.682      0.84     0.731     0.753     0.875     0.424         0
    30/199     4.03G     0.888     0.463         0      1.35        18       416     0.656     0.842     0.726     0.738      0.88     0.432         0
    31/199     4.03G     0.881     0.461         0      1.34        10       416     0.654     0.852      0.73      0.74     0.873     0.425         0
    32/199     4.03G     0.873     0.459         0      1.33        21       416     0.652     0.841     0.729     0.734     0.866     0.428         0
    33/199     4.03G     0.859     0.453         0      1.31        23       416     0.654     0.848     0.736     0.738     0.878     0.429         0
    34/199     4.03G     0.864     0.447         0      1.31        25       416     0.651      0.84     0.731     0.734     0.883     0.429         0
    35/199     4.03G     0.854      0.45         0       1.3        14       416     0.648      0.85     0.729     0.735     0.874     0.431         0
    36/199     4.03G     0.848     0.443         0      1.29        19       416     0.628     0.851     0.721     0.723     0.883     0.423         0
    37/199     4.03G     0.851     0.438         0      1.29        21       416     0.649     0.849     0.729     0.736     0.866     0.426         0
    38/199     4.03G     0.841     0.433         0      1.27        12       416     0.612      0.85     0.729     0.711      0.88     0.432         0
    39/199     4.03G     0.834     0.428         0      1.26        21       416     0.639     0.848     0.726     0.729      0.88     0.437         0
    40/199     4.03G     0.834      0.43         0      1.26        18       416     0.663     0.835     0.724     0.739      0.87     0.429         0
    41/199     4.03G     0.827     0.425         0      1.25        23       416     0.656     0.836     0.727     0.735     0.878     0.433         0
    42/199     4.03G      0.83     0.422         0      1.25        25       416     0.669     0.841     0.725     0.745     0.876     0.437         0
    43/199     4.03G     0.814     0.421         0      1.24        22       416     0.656     0.837     0.726     0.736     0.869     0.439         0
    44/199     4.03G      0.82     0.415         0      1.24        13       416     0.675     0.843     0.732      0.75     0.882     0.444         0
    45/199     4.03G     0.799     0.418         0      1.22        18       416     0.649     0.837     0.729     0.731     0.881     0.444         0
    46/199     4.03G     0.815     0.413         0      1.23        19       416     0.648     0.834     0.728     0.729     0.879      0.45         0
    47/199     4.03G     0.793     0.406         0       1.2        14       416     0.686     0.813     0.708     0.744     0.867      0.45         0
    48/199     4.03G     0.794     0.399         0      1.19        18       416     0.639     0.837     0.719     0.725     0.867     0.449         0
    49/199     4.03G     0.792     0.397         0      1.19        21       416     0.652     0.825     0.712     0.728     0.864     0.457         0
    50/199     4.03G     0.797     0.406         0       1.2        23       416     0.691     0.825     0.714     0.752     0.875      0.45         0
    51/199     4.03G     0.771     0.394         0      1.16        22       416     0.691      0.84     0.734     0.759     0.878     0.451         0
    52/199     4.03G     0.788     0.396         0      1.18        13       416     0.665     0.837     0.722     0.741     0.865     0.456         0
    53/199     4.03G      0.78     0.386         0      1.17        25       416     0.709     0.817     0.718     0.759     0.862     0.455         0
    54/199     4.03G     0.762     0.384         0      1.15        17       416     0.678     0.841     0.733      0.75      0.86     0.441         0
    55/199     4.03G     0.767     0.386         0      1.15        16       416     0.671     0.833     0.729     0.743     0.861     0.441         0
    56/199     4.03G     0.771     0.387         0      1.16        22       416     0.643      0.85     0.739     0.733     0.862      0.43         0
    57/199     4.03G     0.762     0.387         0      1.15        19       416      0.68     0.836     0.717      0.75      0.85     0.447         0
    58/199     4.03G     0.761     0.383         0      1.14        23       416     0.662     0.829     0.708     0.736     0.864     0.454         0
    59/199     4.03G      0.76     0.376         0      1.14        12       416     0.684     0.815     0.712     0.744     0.881     0.452         0
    60/199     4.03G     0.757      0.38         0      1.14        11       416     0.655     0.824     0.711      0.73     0.858     0.455         0
    61/199     4.03G     0.757      0.38         0      1.14        23       416      0.67     0.817     0.703     0.736     0.853     0.449         0
    62/199     4.03G     0.743     0.373         0      1.12        17       416     0.662     0.806     0.698     0.727     0.879     0.475         0
    63/199     4.03G     0.743     0.358         0       1.1        17       416     0.629     0.827     0.712     0.714      0.87     0.474         0
    64/199     4.03G     0.738     0.367         0       1.1        17       416     0.661     0.841     0.738      0.74     0.858     0.458         0
    65/199     4.03G     0.739     0.367         0      1.11        14       416     0.676      0.83     0.716     0.745     0.869     0.466         0
    66/199     4.03G     0.739     0.363         0       1.1        24       416     0.683     0.805     0.701     0.739     0.864     0.476         0
    67/199     4.03G     0.731     0.364         0       1.1        27       416     0.714     0.811     0.714     0.759     0.864     0.472         0
    68/199     4.03G     0.728     0.351         0      1.08        24       416     0.684     0.803     0.696     0.739     0.861     0.466         0
    69/199     4.03G     0.731     0.354         0      1.08        15       416     0.687     0.805      0.71     0.742     0.877     0.484         0
    70/199     4.03G     0.722     0.356         0      1.08        28       416     0.688     0.812     0.714     0.745     0.859      0.47         0
    71/199     4.03G     0.718     0.357         0      1.07        18       416     0.665     0.811     0.708     0.731     0.855      0.47         0
    72/199     4.03G     0.717     0.353         0      1.07        17       416     0.675      0.82     0.719      0.74     0.856     0.462         0
    73/199     4.03G      0.71      0.35         0      1.06        15       416     0.672     0.823      0.72      0.74     0.867     0.463         0
    74/199     4.03G     0.717     0.353         0      1.07        33       416     0.683      0.81     0.706     0.741     0.879     0.473         0
    75/199     4.03G     0.719     0.342         0      1.06        17       416     0.701     0.803     0.701     0.749     0.861     0.493         0
    76/199     4.03G     0.712     0.345         0      1.06        15       416     0.694     0.806     0.707     0.746     0.861     0.465         0
    77/199     4.03G     0.691     0.345         0      1.04        18       416     0.671     0.821     0.709     0.738     0.862     0.469         0
    78/199     4.03G     0.706     0.342         0      1.05        23       416     0.675     0.807     0.704     0.735     0.866     0.493         0
    79/199     4.03G     0.696     0.341         0      1.04        13       416     0.669     0.821     0.717     0.737     0.867     0.478         0
    80/199     4.03G     0.697     0.337         0      1.03        15       416     0.666     0.826     0.723     0.738     0.868     0.479         0
    81/199     4.03G     0.691     0.334         0      1.02        14       416      0.67      0.81     0.701     0.733     0.861       0.5         0
    82/199     4.03G     0.693     0.338         0      1.03        19       416     0.687     0.818     0.704     0.747     0.871      0.47         0
    83/199     4.03G     0.685      0.33         0      1.01        22       416     0.678     0.803     0.697     0.735     0.884     0.491         0
    84/199     4.03G     0.689     0.332         0      1.02        25       416     0.681     0.818     0.713     0.743     0.864     0.478         0
    85/199     4.03G     0.681     0.327         0      1.01        14       416     0.716     0.801     0.702     0.756     0.873     0.515         0
    86/199     4.03G     0.681     0.323         0         1        19       416     0.687     0.818     0.711     0.747     0.854      0.49         0
    87/199     4.03G     0.686     0.332         0      1.02        25       416     0.711     0.808     0.702     0.756     0.857     0.487         0
    88/199     4.03G     0.679     0.329         0      1.01        20       416     0.694     0.798     0.683     0.743     0.882     0.507         0
    89/199     4.03G      0.68     0.325         0         1        30       416     0.692     0.823     0.716     0.752     0.851     0.478         0
    90/199     4.03G     0.674     0.326         0         1        17       416     0.677      0.82     0.714     0.742     0.846     0.473         0
    91/199     4.03G     0.674     0.325         0     0.999        14       416     0.692     0.803     0.696     0.743     0.858     0.499         0
    92/199     4.03G     0.678     0.327         0         1        18       416     0.711     0.811     0.714     0.758     0.865     0.478         0
    93/199     4.03G      0.67     0.315         0     0.986        16       416     0.684     0.811      0.71     0.742     0.857     0.502         0
    94/199     4.03G     0.664     0.316         0      0.98        29       416     0.666     0.814     0.708     0.733     0.855      0.48         0
    95/199     4.03G     0.668     0.317         0     0.985        22       416     0.699     0.798     0.692     0.745      0.86     0.526         0
    96/199     4.03G     0.667     0.314         0     0.981        18       416     0.665     0.817     0.717     0.733     0.855     0.478         0
    97/199     4.03G      0.66     0.314         0     0.974        17       416     0.696     0.795     0.691     0.742     0.859     0.494         0
    98/199     4.03G      0.67     0.314         0     0.984        23       416     0.714     0.796     0.694     0.752     0.858     0.495         0
    99/199     4.03G     0.661     0.315         0     0.977        15       416     0.695     0.795     0.692     0.742     0.867     0.503         0
   100/199     4.03G     0.663     0.313         0     0.977        19       416     0.681     0.828     0.712     0.747     0.857     0.503         0
   101/199     4.03G     0.653     0.309         0     0.962        16       416     0.666     0.802     0.694     0.728     0.867     0.506         0
   102/199     4.03G     0.654     0.311         0     0.965        26       416     0.715     0.783     0.691     0.748     0.865     0.504         0
   103/199     4.03G     0.651     0.308         0     0.958        18       416     0.681     0.817       0.7     0.743     0.866      0.49         0
   104/199     4.03G     0.649      0.31         0     0.959        20       416     0.694     0.805     0.699     0.745     0.885     0.497         0
   105/199     4.03G     0.645     0.303         0     0.949        18       416     0.696     0.799     0.694     0.744     0.875     0.515         0
   106/199     4.03G     0.645     0.302         0     0.947        16       416     0.699     0.801     0.709     0.746     0.868     0.517         0
   107/199     4.03G     0.653     0.304         0     0.957        27       416     0.707     0.788     0.696     0.745     0.868     0.505         0
   108/199     4.03G     0.639     0.302         0     0.941        13       416     0.685     0.808     0.702     0.741     0.879     0.502         0
   109/199     4.03G     0.647     0.303         0     0.949        21       416     0.667     0.802     0.691     0.728     0.873     0.505         0
   110/199     4.03G     0.638     0.299         0     0.937        21       416     0.684     0.797     0.698     0.736     0.867     0.518         0
   111/199     4.03G     0.635     0.301         0     0.936        27       416     0.726     0.792     0.696     0.758     0.875     0.505         0
   112/199     4.03G     0.638     0.303         0     0.941        18       416     0.708     0.793     0.696     0.748     0.862     0.496         0
   113/199     4.03G     0.631     0.298         0     0.929        12       416     0.729     0.794     0.703      0.76     0.874     0.515         0
   114/199     4.03G     0.623     0.291         0     0.915        20       416       0.7     0.802     0.705     0.747     0.873     0.523         0
   115/199     4.03G     0.631     0.295         0     0.925        21       416     0.715      0.78     0.693     0.746     0.862     0.514         0
   116/199     4.03G     0.628     0.296         0     0.924        15       416     0.704     0.796     0.697     0.747     0.863      0.51         0
   117/199     4.03G     0.629     0.291         0      0.92        19       416     0.707     0.771     0.688     0.738     0.879      0.52         0
   118/199     4.03G     0.626      0.29         0     0.916        28       416     0.708     0.797      0.69      0.75     0.873     0.518         0
   119/199     4.03G     0.625     0.294         0     0.918        17       416     0.676     0.792     0.691     0.729     0.876     0.516         0
   120/199     4.03G     0.618     0.289         0     0.907        13       416     0.684      0.81     0.703     0.742     0.862      0.51         0
   121/199     4.03G     0.622     0.289         0     0.911        19       416     0.712     0.793      0.69      0.75     0.869     0.513         0
   122/199     4.03G     0.624     0.289         0     0.913        23       416     0.712     0.799     0.692     0.753     0.867     0.516         0
   123/199     4.03G     0.606     0.287         0     0.894        20       416     0.686     0.793     0.696     0.736     0.874     0.511         0
   124/199     4.03G     0.621     0.284         0     0.905        19       416     0.698     0.803     0.696     0.746     0.852     0.511         0
   125/199     4.03G     0.614     0.285         0       0.9        21       416     0.695     0.811     0.701     0.749     0.872     0.518         0
   126/199     4.03G     0.615     0.287         0     0.902        21       416     0.693     0.783      0.68     0.736     0.846     0.527         0
   127/199     4.03G     0.606     0.284         0     0.891        16       416     0.706      0.79     0.687     0.745     0.859     0.528         0
   128/199     4.03G     0.612     0.276         0     0.888        16       416      0.72     0.787     0.688     0.752     0.856     0.544         0
   129/199     4.03G     0.616     0.278         0     0.895        22       416     0.716     0.757     0.671     0.736     0.851     0.555         0
   130/199     4.03G     0.612     0.279         0     0.892        14       416     0.678     0.783     0.678     0.727     0.859     0.541         0
   131/199     4.03G     0.612     0.279         0     0.891        17       416     0.701     0.798     0.698     0.747     0.872      0.52         0
   132/199     4.03G     0.614     0.276         0      0.89        25       416     0.718     0.779     0.682     0.747     0.865     0.541         0
   133/199     4.03G     0.612     0.278         0      0.89        18       416     0.691     0.795     0.689     0.739     0.869     0.518         0
   134/199     4.03G     0.617     0.277         0     0.894        16       416     0.705     0.784     0.687     0.743     0.872     0.529         0
   135/199     4.03G     0.612     0.275         0     0.887        27       416     0.692     0.802       0.7     0.743     0.863     0.538         0
   136/199     4.03G     0.603     0.277         0      0.88        22       416     0.705     0.782     0.683     0.741      0.87     0.555         0
   137/199     4.03G      0.61     0.276         0     0.886        21       416     0.733     0.776     0.683     0.754     0.881     0.558         0
   138/199     4.03G     0.598     0.271         0     0.869        18       416     0.697     0.785     0.688     0.739     0.867     0.543         0
   139/199     4.03G     0.595     0.272         0     0.867        24       416     0.707     0.765     0.669     0.735     0.862     0.566         0
   140/199     4.03G     0.606     0.273         0     0.879        18       416     0.714     0.793     0.689     0.751     0.873      0.54         0
   141/199     4.03G     0.597     0.271         0     0.868        23       416      0.74     0.756     0.667     0.748     0.862     0.573         0
   142/199     4.03G       0.6     0.275         0     0.875        25       416     0.686     0.787     0.682     0.733     0.876     0.562         0
   143/199     4.03G     0.598     0.269         0     0.867        15       416     0.707     0.766     0.668     0.735      0.88     0.587         0
   144/199     4.03G     0.591     0.277         0     0.867        25       416     0.698     0.785     0.691     0.739     0.865     0.547         0
   145/199     4.03G     0.584     0.268         0     0.851        19       416     0.727     0.768     0.675     0.747     0.881     0.574         0
   146/199     4.03G     0.592     0.274         0     0.866        30       416     0.727     0.783     0.695     0.754     0.877      0.54         0
   147/199     4.03G     0.589     0.267         0     0.856        15       416     0.726     0.785     0.689     0.754      0.87     0.549         0
   148/199     4.03G     0.586     0.264         0      0.85        14       416     0.708     0.783     0.687     0.743     0.876     0.559         0
   149/199     4.03G     0.591     0.269         0      0.86        22       416     0.678     0.782     0.685     0.726     0.876     0.555         0
   150/199     4.03G     0.585     0.261         0     0.846        28       416      0.71     0.795     0.696      0.75     0.887     0.541         0
   151/199     4.03G     0.589     0.271         0      0.86        22       416     0.693      0.79     0.691     0.739     0.877     0.534         0
   152/199     4.03G     0.591     0.265         0     0.856        11       416     0.721     0.777     0.685     0.748     0.864      0.55         0
   153/199     4.03G     0.581     0.267         0     0.848        19       416     0.714     0.764     0.675     0.738     0.876     0.575         0
   154/199     4.03G     0.583     0.259         0     0.842        18       416     0.701     0.785     0.685     0.741     0.866     0.542         0
   155/199     4.03G     0.587     0.267         0     0.854        14       416     0.705      0.77     0.676     0.736     0.866     0.555         0
   156/199     4.03G     0.579     0.259         0     0.838        22       416     0.731     0.776     0.683     0.753     0.872     0.567         0
   157/199     4.03G     0.579     0.263         0     0.842        18       416     0.727     0.764     0.672     0.745     0.878     0.577         0
   158/199     4.03G     0.575     0.261         0     0.836        19       416      0.73     0.763     0.672     0.747     0.873     0.559         0
   159/199     4.03G     0.576     0.256         0     0.832        18       416      0.71     0.777      0.68     0.742     0.869     0.549         0
   160/199     4.03G     0.571     0.262         0     0.833        20       416     0.718     0.764      0.67     0.741     0.859      0.55         0
   161/199     4.03G     0.551     0.252         0     0.803        22       416     0.716     0.782     0.688     0.747     0.839     0.531         0
   162/199     4.03G     0.536     0.235         0     0.771        13       416     0.727      0.77     0.682     0.748     0.846      0.55         0
   163/199     4.03G     0.524     0.232         0     0.756        10       416     0.723     0.774     0.683     0.748     0.841     0.539         0
   164/199     4.03G     0.524     0.235         0     0.759        23       416     0.728     0.782      0.69     0.754     0.837     0.542         0
   165/199     4.03G     0.516     0.231         0     0.747        24       416     0.736     0.773     0.683     0.754     0.845     0.557         0
   166/199     4.03G     0.508     0.225         0     0.734        22       416     0.739     0.769     0.677     0.754     0.844     0.564         0
   167/199     4.03G     0.502     0.224         0     0.726        16       416     0.737     0.767     0.677     0.752     0.842     0.558         0
   168/199     4.03G     0.502     0.227         0     0.729        17       416     0.723     0.769     0.676     0.745     0.843     0.558         0
   169/199     4.03G      0.49     0.223         0     0.713        21       416     0.739     0.766     0.679     0.752     0.845     0.559         0
   170/199     4.03G     0.504     0.222         0     0.726        11       416     0.725     0.771     0.683     0.747      0.84     0.551         0
   171/199     4.03G     0.499     0.223         0     0.722        17       416     0.733     0.763     0.677     0.747     0.843     0.568         0
   172/199     4.03G     0.502     0.226         0     0.728        21       416     0.739     0.757     0.668     0.748     0.844     0.568         0
   173/199     4.03G     0.484     0.218         0     0.703        14       416      0.72     0.772     0.681     0.745     0.846     0.554         0
   174/199     4.03G     0.481     0.214         0     0.695        18       416     0.727     0.765     0.672     0.746     0.843     0.565         0
   175/199     4.03G     0.489     0.219         0     0.708        33       416     0.736     0.756     0.668     0.746     0.847      0.58         0
   176/199     4.03G     0.488     0.214         0     0.702        18       416     0.733     0.764     0.675     0.748     0.846     0.575         0
   177/199     4.03G     0.482     0.211         0     0.693        18       416     0.729     0.764     0.675     0.746     0.845     0.581         0
   178/199     4.03G     0.478     0.211         0     0.689        18       416     0.734     0.758     0.667     0.746     0.842     0.578         0
   179/199     4.03G     0.479     0.209         0     0.688        14       416     0.733     0.765     0.672     0.749     0.843     0.579         0
   180/199     4.03G      0.48     0.208         0     0.688        16       416     0.732     0.762     0.674     0.746     0.842     0.572         0
   181/199     4.03G     0.473     0.209         0     0.682        17       416     0.728     0.759     0.668     0.743     0.842     0.578         0
   182/199     4.03G      0.48     0.209         0     0.689        21       416     0.734     0.757     0.666     0.746     0.843     0.586         0
   183/199     4.03G     0.473     0.207         0      0.68        12       416     0.735     0.761     0.674     0.748     0.843     0.584         0
   184/199     4.03G     0.478     0.209         0     0.688        22       416     0.735     0.765     0.674      0.75     0.842     0.578         0
   185/199     4.03G     0.471     0.212         0     0.683        11       416     0.731     0.764     0.674     0.747     0.842     0.575         0
   186/199     4.03G     0.481     0.211         0     0.692        29       416     0.733     0.756     0.667     0.744     0.845     0.585         0
   187/199     4.03G     0.474     0.211         0     0.685        15       416     0.737     0.764     0.674     0.751     0.843      0.58         0
   188/199     4.03G     0.478     0.207         0     0.685        20       416     0.739     0.752     0.666     0.745     0.844     0.592         0
   189/199     4.03G     0.487     0.211         0     0.698        25       416     0.734     0.752     0.666     0.743     0.844     0.585         0
   190/199     4.03G     0.474      0.21         0     0.684        21       416     0.733     0.757     0.666     0.745     0.842     0.579         0
   191/199     4.03G     0.474     0.209         0     0.683        17       416     0.733     0.763     0.673     0.747      0.84     0.573         0
   192/199     4.03G     0.476     0.209         0     0.686        18       416     0.736     0.762     0.674     0.748     0.841     0.577         0
   193/199     4.03G     0.468     0.205         0     0.673        22       416     0.734     0.762     0.674     0.748      0.84      0.58         0
   194/199     4.03G     0.475     0.208         0     0.683        16       416     0.733     0.763     0.673     0.748     0.843     0.574         0
   195/199     4.03G     0.475      0.21         0     0.685        19       416     0.731     0.763     0.673     0.747     0.843     0.577         0
   196/199     4.03G     0.472      0.21         0     0.681        21       416     0.742     0.751     0.666     0.746     0.845      0.59         0
   197/199     4.03G      0.46     0.205         0     0.664        14       416     0.732     0.763     0.672     0.748     0.843     0.578         0
   198/199     4.03G     0.473     0.208         0     0.681        25       416     0.738     0.756     0.666     0.747     0.844     0.586         0
   199/199     4.03G     0.471     0.207         0     0.678        12       416     0.143     0.899     0.741     0.247     0.844     0.581         0
