      0/99     4.02G      2.28       1.2         0      3.48        22       416     0.439     0.473     0.317     0.456      1.53     0.815         0
      1/99     4.03G      1.64     0.927         0      2.57        28       416     0.557      0.61      0.48     0.582      1.34     0.679         0
      2/99     4.03G      1.48     0.812         0      2.29        13       416     0.578     0.671      0.52     0.621      1.24     0.607         0
      3/99     4.03G      1.39     0.765         0      2.15        17       416      0.59     0.712     0.573     0.645      1.18     0.572         0
      4/99     4.03G      1.32     0.727         0      2.04        27       416     0.592     0.742     0.596     0.658      1.14     0.541         0
      5/99     4.03G      1.26     0.688         0      1.95        18       416     0.597     0.784     0.637     0.678      1.12     0.521         0
      6/99     4.03G      1.22     0.673         0      1.89        17       416      0.59     0.798     0.659     0.679      1.06     0.504         0
      7/99     4.03G      1.19     0.645         0      1.83        21       416     0.602     0.785     0.648     0.681      1.05      0.49         0
      8/99     4.03G      1.16      0.64         0       1.8        22       416     0.598     0.803      0.67     0.686      1.01     0.479         0
      9/99     4.03G      1.12     0.614         0      1.74        16       416     0.575      0.83     0.689     0.679     0.994     0.469         0
     10/99     4.03G       1.1     0.609         0      1.71        25       416     0.601     0.816     0.688     0.692     0.981     0.466         0
     11/99     4.03G       1.1     0.589         0      1.68        22       416     0.624     0.823     0.699      0.71     0.967     0.464         0
     12/99     4.03G      1.07     0.585         0      1.66        16       416     0.573     0.846     0.689     0.683     0.949     0.461         0
     13/99     4.03G      1.05     0.567         0      1.62        27       416     0.635     0.824     0.697     0.718     0.949     0.448         0
     14/99     4.03G      1.04     0.557         0       1.6        23       416     0.596     0.835     0.708     0.695     0.933     0.444         0
     15/99     4.03G      1.04     0.549         0      1.59        18       416     0.615      0.84     0.709      0.71     0.935     0.441         0
     16/99     4.03G      1.02     0.549         0      1.57        17       416     0.621     0.843     0.707     0.715     0.932      0.44         0
     17/99     4.03G         1     0.537         0      1.54        15       416     0.619     0.836       0.7     0.711     0.922     0.451         0
     18/99     4.03G         1     0.536         0      1.54        14       416     0.606     0.845      0.71     0.706     0.923     0.435         0
     19/99     4.03G     0.972     0.515         0      1.49        18       416     0.618      0.84     0.712     0.712     0.916     0.434         0
     20/99     4.03G     0.972     0.523         0      1.49        22       416     0.646     0.836     0.716     0.729     0.902     0.435         0
     21/99     4.03G     0.958     0.508         0      1.47        22       416     0.644     0.843     0.725      0.73     0.891      0.44         0
     22/99     4.03G     0.941     0.508         0      1.45        19       416     0.632     0.852     0.727     0.726      0.89     0.429         0
     23/99     4.03G     0.949     0.502         0      1.45        20       416     0.661     0.837     0.715     0.739     0.892      0.43         0
     24/99     4.03G     0.935     0.503         0      1.44        21       416     0.634     0.851      0.73     0.727     0.892     0.435         0
     25/99     4.03G     0.912     0.492         0       1.4        14       416     0.638     0.854     0.726      0.73      0.87     0.426         0
     26/99     4.03G     0.926     0.487         0      1.41        17       416     0.665     0.846     0.729     0.744     0.888      0.43         0
     27/99     4.03G     0.905     0.478         0      1.38        16       416     0.661     0.838     0.714     0.739     0.889      0.43         0
     28/99     4.03G     0.902     0.479         0      1.38        22       416     0.612     0.857     0.717     0.714     0.865     0.431         0
     29/99     4.03G     0.891     0.472         0      1.36        20       416     0.682      0.84     0.731     0.753     0.875     0.424         0
     30/99     4.03G     0.888     0.463         0      1.35        18       416     0.656     0.842     0.726     0.738      0.88     0.432         0
     31/99     4.03G     0.881     0.461         0      1.34        10       416     0.654     0.852      0.73      0.74     0.873     0.425         0
     32/99     4.03G     0.873     0.459         0      1.33        21       416     0.652     0.841     0.729     0.734     0.866     0.428         0
     33/99     4.03G     0.859     0.453         0      1.31        23       416     0.654     0.848     0.736     0.738     0.878     0.429         0
     34/99     4.03G     0.864     0.447         0      1.31        25       416     0.651      0.84     0.731     0.734     0.883     0.429         0
     35/99     4.03G     0.854      0.45         0       1.3        14       416     0.648      0.85     0.729     0.735     0.874     0.431         0
     36/99     4.03G     0.848     0.443         0      1.29        19       416     0.628     0.851     0.721     0.723     0.883     0.423         0
     37/99     4.03G     0.851     0.438         0      1.29        21       416     0.649     0.849     0.729     0.736     0.866     0.426         0
     38/99     4.03G     0.841     0.433         0      1.27        12       416     0.612      0.85     0.729     0.711      0.88     0.432         0
     39/99     4.03G     0.834     0.428         0      1.26        21       416     0.639     0.848     0.726     0.729      0.88     0.437         0
     40/99     4.03G     0.834      0.43         0      1.26        18       416     0.663     0.835     0.724     0.739      0.87     0.429         0
     41/99     4.03G     0.827     0.425         0      1.25        23       416     0.656     0.836     0.727     0.735     0.878     0.433         0
     42/99     4.03G      0.83     0.422         0      1.25        25       416     0.669     0.841     0.725     0.745     0.876     0.437         0
     43/99     4.03G     0.814     0.421         0      1.24        22       416     0.656     0.837     0.726     0.736     0.869     0.439         0
     44/99     4.03G      0.82     0.415         0      1.24        13       416     0.675     0.843     0.732      0.75     0.882     0.444         0
     45/99     4.03G     0.799     0.418         0      1.22        18       416     0.649     0.837     0.729     0.731     0.881     0.444         0
     46/99     4.03G     0.815     0.413         0      1.23        19       416     0.648     0.834     0.728     0.729     0.879      0.45         0
     47/99     4.03G     0.793     0.406         0       1.2        14       416     0.686     0.813     0.708     0.744     0.867      0.45         0
     48/99     4.03G     0.794     0.399         0      1.19        18       416     0.639     0.837     0.719     0.725     0.867     0.449         0
     49/99     4.03G     0.792     0.397         0      1.19        21       416     0.652     0.825     0.712     0.728     0.864     0.457         0
     50/99     4.03G     0.797     0.406         0       1.2        23       416     0.691     0.825     0.714     0.752     0.875      0.45         0
     51/99     4.03G     0.771     0.394         0      1.16        22       416     0.691      0.84     0.734     0.759     0.878     0.451         0
     52/99     4.03G     0.788     0.396         0      1.18        13       416     0.665     0.837     0.722     0.741     0.865     0.456         0
     53/99     4.03G      0.78     0.386         0      1.17        25       416     0.709     0.817     0.718     0.759     0.862     0.455         0
     54/99     4.03G     0.762     0.384         0      1.15        17       416     0.678     0.841     0.733      0.75      0.86     0.441         0
     55/99     4.03G     0.767     0.386         0      1.15        16       416     0.671     0.833     0.729     0.743     0.861     0.441         0
     56/99     4.03G     0.771     0.387         0      1.16        22       416     0.643      0.85     0.739     0.733     0.862      0.43         0
     57/99     4.03G     0.762     0.387         0      1.15        19       416      0.68     0.836     0.717      0.75      0.85     0.447         0
     58/99     4.03G     0.761     0.383         0      1.14        23       416     0.662     0.829     0.708     0.736     0.864     0.454         0
     59/99     4.03G      0.76     0.376         0      1.14        12       416     0.684     0.815     0.712     0.744     0.881     0.452         0
     60/99     4.03G     0.757      0.38         0      1.14        11       416     0.655     0.824     0.711      0.73     0.858     0.455         0
     61/99     4.03G     0.757      0.38         0      1.14        23       416      0.67     0.817     0.703     0.736     0.853     0.449         0
     62/99     4.03G     0.743     0.373         0      1.12        17       416     0.662     0.806     0.698     0.727     0.879     0.475         0
     63/99     4.03G     0.743     0.358         0       1.1        17       416     0.629     0.827     0.712     0.714      0.87     0.474         0
     64/99     4.03G     0.738     0.367         0       1.1        17       416     0.661     0.841     0.738      0.74     0.858     0.458         0
     65/99     4.03G     0.739     0.367         0      1.11        14       416     0.676      0.83     0.716     0.745     0.869     0.466         0
     66/99     4.03G     0.739     0.363         0       1.1        24       416     0.683     0.805     0.701     0.739     0.864     0.476         0
     67/99     4.03G     0.731     0.364         0       1.1        27       416     0.714     0.811     0.714     0.759     0.864     0.472         0
     68/99     4.03G     0.728     0.351         0      1.08        24       416     0.684     0.803     0.696     0.739     0.861     0.466         0
     69/99     4.03G     0.731     0.354         0      1.08        15       416     0.687     0.805      0.71     0.742     0.877     0.484         0
     70/99     4.03G     0.722     0.356         0      1.08        28       416     0.688     0.812     0.714     0.745     0.859      0.47         0
     71/99     4.03G     0.718     0.357         0      1.07        18       416     0.665     0.811     0.708     0.731     0.855      0.47         0
     72/99     4.03G     0.717     0.353         0      1.07        17       416     0.675      0.82     0.719      0.74     0.856     0.462         0
     73/99     4.03G      0.71      0.35         0      1.06        15       416     0.672     0.823      0.72      0.74     0.867     0.463         0
     74/99     4.03G     0.717     0.353         0      1.07        33       416     0.683      0.81     0.706     0.741     0.879     0.473         0
     75/99     4.03G     0.719     0.342         0      1.06        17       416     0.701     0.803     0.701     0.749     0.861     0.493         0
     76/99     4.03G     0.712     0.345         0      1.06        15       416     0.694     0.806     0.707     0.746     0.861     0.465         0
     77/99     4.03G     0.691     0.345         0      1.04        18       416     0.671     0.821     0.709     0.738     0.862     0.469         0
     78/99     4.03G     0.706     0.342         0      1.05        23       416     0.675     0.807     0.704     0.735     0.866     0.493         0
     79/99     4.03G     0.696     0.341         0      1.04        13       416     0.669     0.821     0.717     0.737     0.867     0.478         0
     80/99     4.03G     0.697     0.337         0      1.03        15       416     0.666     0.826     0.723     0.738     0.868     0.479         0
     81/99     4.03G     0.669     0.324         0     0.993        14       416     0.701      0.81     0.715     0.751     0.844     0.478         0
     82/99     4.03G     0.645     0.319         0     0.963        19       416     0.708      0.81     0.713     0.755     0.841     0.473         0
     83/99     4.03G     0.628     0.305         0     0.934        22       416      0.71     0.802      0.71     0.753     0.841     0.483         0
     84/99     4.03G     0.632     0.304         0     0.936        25       416     0.718      0.81     0.714     0.761     0.833     0.476         0
     85/99     4.03G     0.616     0.299         0     0.915        14       416     0.706     0.815     0.719     0.756     0.838     0.478         0
     86/99     4.03G     0.615     0.295         0      0.91        19       416     0.706     0.808     0.709     0.753     0.843     0.485         0
     87/99     4.03G     0.625     0.302         0     0.927        25       416     0.714     0.811     0.719     0.759     0.837     0.482         0
     88/99     4.03G     0.611     0.298         0     0.909        20       416     0.712     0.822     0.728     0.763     0.838     0.471         0
     89/99     4.03G     0.614     0.294         0     0.908        30       416     0.731     0.797     0.707     0.763     0.845     0.491         0
     90/99     4.03G     0.607     0.293         0       0.9        17       416     0.721     0.801     0.713     0.759     0.842     0.484         0
     91/99     4.03G     0.604     0.293         0     0.898        14       416     0.723     0.811      0.72     0.764     0.836     0.475         0
     92/99     4.03G     0.606     0.296         0     0.901        18       416     0.728     0.803     0.712     0.764     0.839     0.485         0
     93/99     4.03G     0.603      0.29         0     0.893        16       416     0.721     0.809     0.712     0.762     0.837      0.48         0
     94/99     4.03G     0.595     0.287         0     0.882        29       416     0.716     0.806     0.712     0.758     0.834     0.478         0
     95/99     4.03G     0.599     0.291         0      0.89        22       416      0.72     0.809     0.712     0.762     0.835      0.48         0
     96/99     4.03G       0.6     0.287         0     0.887        18       416      0.72     0.806     0.712     0.761     0.835     0.484         0
     97/99     4.03G     0.594     0.287         0     0.881        17       416     0.717     0.803     0.711     0.758     0.837     0.484         0
     98/99     4.03G     0.602     0.287         0     0.889        23       416      0.72      0.81     0.719     0.763     0.838     0.482         0
     99/99     4.03G     0.601     0.294         0     0.895        15       416     0.116     0.917     0.773     0.206     0.837     0.487         0
