      0/99     4.18G      2.29      1.11         0      3.39        22       416     0.521     0.582     0.435      0.55      1.54      0.75         0
      1/99     4.19G      1.67     0.866         0      2.53        28       416      0.59     0.721     0.588     0.649      1.29     0.628         0
      2/99     4.19G      1.49     0.762         0      2.25        13       416     0.581     0.762     0.638     0.659       1.2     0.572         0
      3/99     4.19G      1.38     0.717         0       2.1        17       416     0.608     0.794     0.647     0.689      1.15     0.532         0
      4/99     4.19G      1.31     0.679         0      1.99        27       416     0.596     0.817     0.682     0.689      1.12     0.502         0
      5/99     4.19G      1.25      0.64         0      1.89        18       416     0.596     0.832     0.704     0.694      1.08     0.489         0
      6/99     4.19G      1.21     0.628         0      1.83        17       416     0.634     0.832     0.716      0.72      1.04     0.479         0
      7/99     4.19G      1.17     0.599         0      1.77        21       416     0.674     0.823     0.713     0.741         1     0.466         0
      8/99     4.19G      1.14     0.596         0      1.74        22       416     0.644     0.831      0.71     0.726     0.979     0.463         0
      9/99     4.19G      1.11     0.576         0      1.69        16       416     0.625     0.832     0.704     0.714     0.988     0.447         0
     10/99     4.19G      1.08     0.565         0      1.64        25       416     0.673     0.829     0.717     0.743     0.955     0.445         0
     11/99     4.19G      1.08     0.546         0      1.63        22       416     0.659     0.823     0.705     0.732     0.958     0.446         0
     12/99     4.19G      1.05     0.542         0      1.59        16       416     0.589     0.847     0.721     0.695     0.952      0.45         0
     13/99     4.19G      1.04     0.528         0      1.57        27       416     0.658     0.826     0.718     0.733     0.931     0.433         0
     14/99     4.19G      1.03     0.517         0      1.54        23       416      0.64     0.837     0.719     0.725     0.924      0.43         0
     15/99     4.19G      1.02     0.513         0      1.53        18       416     0.625     0.845     0.723     0.718     0.936     0.434         0
     16/99     4.19G     0.999     0.509         0      1.51        17       416     0.636     0.854     0.727     0.729     0.922     0.428         0
     17/99     4.19G     0.987     0.499         0      1.49        15       416     0.612     0.829      0.71     0.704     0.908     0.437         0
     18/99     4.19G     0.977     0.498         0      1.47        14       416     0.668     0.831     0.722     0.741     0.904     0.434         0
     19/99     4.19G     0.957     0.481         0      1.44        18       416      0.65      0.83     0.724     0.729     0.901     0.437         0
     20/99     4.19G     0.959     0.492         0      1.45        22       416     0.633     0.856     0.732     0.728     0.892     0.418         0
     21/99     4.19G     0.946     0.475         0      1.42        22       416     0.672     0.841     0.735     0.747     0.885     0.432         0
     22/99     4.19G     0.931     0.475         0      1.41        19       416     0.647     0.836     0.716     0.729     0.878     0.431         0
     23/99     4.19G     0.934     0.472         0      1.41        20       416     0.668     0.829     0.711      0.74     0.911     0.431         0
     24/99     4.19G     0.919     0.476         0       1.4        21       416      0.64      0.85     0.738      0.73      0.89      0.42         0
     25/99     4.19G     0.907     0.466         0      1.37        14       416     0.628     0.855      0.73     0.724     0.868     0.415         0
     26/99     4.19G      0.91      0.46         0      1.37        17       416      0.66     0.847     0.727     0.742     0.873     0.425         0
     27/99     4.19G     0.895     0.452         0      1.35        16       416     0.629     0.842     0.713      0.72     0.873     0.417         0
     28/99     4.19G     0.887     0.454         0      1.34        22       416     0.647     0.837     0.722      0.73     0.872      0.43         0
     29/99     4.19G     0.882     0.446         0      1.33        20       416     0.658     0.824      0.71     0.732      0.89     0.446         0
     30/99     4.19G      0.88     0.438         0      1.32        18       416     0.635     0.852     0.727     0.728     0.861     0.414         0
     31/99     4.19G     0.862     0.437         0       1.3        10       416     0.658      0.85     0.725     0.742     0.888     0.429         0
     32/99     4.19G      0.87     0.439         0      1.31        21       416     0.646     0.842     0.729     0.731      0.86     0.408         0
     33/99     4.19G     0.854     0.434         0      1.29        23       416      0.65     0.839      0.72     0.732     0.865     0.426         0
     34/99     4.19G     0.862     0.425         0      1.29        25       416     0.614     0.848     0.718     0.712     0.875     0.442         0
     35/99     4.19G     0.846      0.43         0      1.28        14       416     0.632     0.847     0.725     0.724     0.874     0.417         0
     36/99     4.19G     0.839     0.423         0      1.26        19       416     0.684     0.837     0.722     0.753     0.893     0.437         0
     37/99     4.19G     0.846     0.419         0      1.26        21       416     0.593     0.838     0.712     0.695     0.877     0.433         0
     38/99     4.19G     0.842     0.422         0      1.26        12       416     0.592     0.857     0.723     0.701     0.856     0.428         0
     39/99     4.19G     0.828     0.414         0      1.24        21       416     0.623     0.851     0.725     0.719     0.855     0.436         0
     40/99     4.19G     0.828     0.412         0      1.24        18       416     0.632     0.842     0.712     0.722      0.86     0.435         0
     41/99     4.19G     0.832      0.41         0      1.24        23       416     0.666     0.819     0.704     0.735     0.856      0.43         0
     42/99     4.19G     0.829     0.408         0      1.24        25       416     0.639     0.837      0.71     0.725     0.877     0.457         0
     43/99     4.19G     0.809     0.404         0      1.21        22       416      0.63     0.843     0.721     0.721     0.854     0.434         0
     44/99     4.19G     0.818     0.403         0      1.22        13       416     0.652     0.846     0.716     0.736     0.856     0.433         0
     45/99     4.19G     0.797     0.403         0       1.2        18       416     0.606      0.84     0.709     0.704     0.853     0.455         0
     46/99     4.19G     0.808     0.399         0      1.21        19       416      0.66     0.817     0.693      0.73     0.876     0.465         0
     47/99     4.19G     0.795     0.393         0      1.19        14       416     0.649     0.838      0.72     0.732     0.867     0.462         0
     48/99     4.19G     0.792      0.39         0      1.18        18       416     0.669     0.823     0.718     0.738     0.868     0.452         0
     49/99     4.19G     0.787     0.385         0      1.17        21       416     0.648     0.824     0.714     0.726     0.861     0.451         0
     50/99     4.19G     0.791     0.394         0      1.19        23       416     0.654     0.819     0.695     0.727     0.885     0.449         0
     51/99     4.19G     0.773     0.386         0      1.16        22       416     0.606     0.856     0.724      0.71     0.854     0.443         0
     52/99     4.19G     0.789     0.384         0      1.17        13       416     0.674     0.809     0.696     0.735      0.87     0.477         0
     53/99     4.19G     0.779     0.377         0      1.16        25       416     0.646      0.82     0.709     0.723     0.846     0.453         0
     54/99     4.19G     0.767     0.377         0      1.14        17       416     0.635     0.848     0.729     0.726     0.843     0.445         0
     55/99     4.19G     0.767     0.379         0      1.15        16       416      0.64     0.821     0.702     0.719     0.876     0.462         0
     56/99     4.19G     0.763     0.377         0      1.14        22       416     0.671     0.821     0.712     0.739     0.849     0.458         0
     57/99     4.19G     0.765     0.379         0      1.14        19       416     0.631      0.84     0.723     0.721     0.855      0.46         0
     58/99     4.19G     0.757     0.376         0      1.13        23       416     0.637     0.844     0.724     0.726     0.856     0.448         0
     59/99     4.19G     0.762     0.373         0      1.13        12       416     0.651     0.833      0.71     0.731     0.861     0.457         0
     60/99     4.19G     0.749     0.376         0      1.13        11       416      0.63     0.838     0.717     0.719     0.856     0.434         0
     61/99     4.19G     0.756     0.374         0      1.13        23       416     0.649      0.83     0.716     0.729     0.842     0.464         0
     62/99     4.19G     0.745     0.373         0      1.12        17       416      0.63     0.816       0.7     0.711      0.86     0.459         0
     63/99     4.19G     0.735     0.357         0      1.09        17       416     0.658     0.805     0.698     0.724     0.881     0.494         0
     64/99     4.19G     0.739     0.369         0      1.11        17       416     0.606     0.842     0.723     0.705     0.859     0.452         0
     65/99     4.19G     0.742     0.369         0      1.11        14       416     0.629     0.833     0.716     0.717     0.859     0.454         0
     66/99     4.19G     0.729     0.358         0      1.09        24       416     0.636      0.83     0.709      0.72     0.874     0.464         0
     67/99     4.19G     0.728     0.361         0      1.09        27       416     0.662     0.816     0.702     0.731     0.853     0.463         0
     68/99     4.19G     0.733      0.35         0      1.08        24       416     0.692     0.809     0.702     0.746     0.868     0.471         0
     69/99     4.19G     0.728     0.352         0      1.08        15       416     0.595     0.817     0.698     0.688     0.847     0.481         0
     70/99     4.19G     0.719     0.353         0      1.07        28       416     0.644     0.803     0.688     0.715      0.86     0.481         0
     71/99     4.19G     0.715     0.355         0      1.07        18       416     0.629     0.836     0.711     0.718     0.846     0.464         0
     72/99     4.19G     0.723     0.353         0      1.08        17       416     0.652     0.834      0.72     0.732     0.842     0.463         0
     73/99     4.19G     0.713     0.352         0      1.07        15       416     0.669     0.791     0.683     0.725     0.855     0.501         0
     74/99     4.19G     0.716      0.35         0      1.07        33       416     0.651      0.83     0.713     0.729     0.856     0.458         0
     75/99     4.19G     0.723     0.342         0      1.07        17       416     0.642     0.802     0.694     0.713     0.866     0.492         0
     76/99     4.19G     0.715     0.346         0      1.06        15       416     0.635     0.843     0.719     0.724     0.852     0.454         0
     77/99     4.19G     0.693     0.348         0      1.04        18       416     0.659     0.815     0.706     0.729     0.853     0.472         0
     78/99     4.19G     0.707      0.34         0      1.05        23       416     0.636     0.819     0.701     0.716     0.865     0.499         0
     79/99     4.19G     0.698     0.343         0      1.04        13       416     0.663     0.806     0.702     0.727     0.885     0.484         0
     80/99     4.19G     0.703      0.34         0      1.04        15       416     0.659      0.81       0.7     0.726     0.861     0.483         0
     81/99     4.19G     0.655     0.313         0     0.969        14       416     0.671     0.816     0.707     0.736     0.839     0.474         0
     82/99     4.19G     0.627       0.3         0     0.926        19       416     0.697     0.815     0.707     0.751     0.836     0.474         0
     83/99     4.19G     0.606     0.286         0     0.892        22       416     0.699     0.803     0.701     0.747     0.836     0.489         0
     84/99     4.19G     0.613     0.284         0     0.897        25       416     0.691     0.805     0.703     0.743     0.828      0.48         0
     85/99     4.19G     0.594     0.278         0     0.872        14       416     0.688     0.804     0.698     0.741     0.827      0.49         0
     86/99     4.19G     0.592     0.272         0     0.864        19       416     0.682     0.804     0.698     0.738     0.827     0.492         0
     87/99     4.19G     0.597     0.279         0     0.876        25       416     0.693     0.802     0.698     0.743     0.828       0.5         0
     88/99     4.19G     0.582      0.27         0     0.852        20       416      0.69       0.8     0.696     0.741      0.83     0.512         0
     89/99     4.19G     0.585     0.267         0     0.852        30       416     0.705     0.789     0.681     0.744     0.831     0.519         0
     90/99     4.19G      0.57     0.266         0     0.836        17       416     0.683     0.811     0.706     0.742     0.829     0.504         0
     91/99     4.19G     0.571     0.263         0     0.834        14       416     0.692       0.8     0.699     0.742     0.829     0.503         0
     92/99     4.19G     0.577     0.265         0     0.841        18       416     0.699     0.799     0.693     0.746     0.832     0.514         0
     93/99     4.19G      0.57     0.261         0     0.832        16       416     0.684     0.807     0.697     0.741     0.828     0.506         0
     94/99     4.19G     0.559     0.258         0     0.818        29       416     0.696     0.798     0.692     0.744     0.826     0.515         0
     95/99     4.19G     0.569     0.261         0      0.83        22       416       0.7     0.799     0.693     0.746     0.826     0.516         0
     96/99     4.19G     0.565     0.257         0     0.822        18       416     0.695     0.799     0.693     0.744     0.825     0.513         0
     97/99     4.19G     0.561     0.257         0     0.819        17       416       0.7     0.796      0.69     0.745     0.829     0.517         0
     98/99     4.19G     0.564     0.259         0     0.824        23       416     0.707     0.795     0.692     0.748     0.829     0.519         0
     99/99     4.19G     0.569     0.262         0     0.832        15       416     0.143     0.917      0.75     0.248     0.826     0.514         0
