      0/99     4.02G      2.08      29.6         0      31.7       203       416         0         0         0         0      3.26       nan         0
      1/99     4.02G      2.09      29.6         0      31.7       286       416         0         0         0         0      3.26       nan         0
      2/99     4.02G      2.08      29.6         0      31.7       230       416         0         0         0         0      3.26       nan         0
      3/99     4.02G      2.13      29.6         0      31.7       185       416  0.000674   0.00396  6.25e-05   0.00115      2.04      29.6         0
      4/99     4.02G      2.13      29.6         0      31.7       226       416  0.000736   0.00436  4.25e-05   0.00126      2.04      29.6         0
      5/99     4.02G      2.13      29.4         0      31.5       196       416  0.000738   0.00436  3.82e-05   0.00126      2.04      29.3         0
      6/99     4.02G      2.11      29.1         0      31.2       225       416  0.000771   0.00456  3.94e-05   0.00132      2.04      28.9         0
      7/99     4.02G      2.13      28.7         0      30.9       196       416  0.000763   0.00456   3.9e-05   0.00131      2.04      28.6         0
      8/99     4.02G      2.07      28.4         0      30.4       231       416   0.00073   0.00436  4.32e-05   0.00125      2.03      28.2         0
      9/99     4.02G      2.07      27.9         0        30       224       416  0.000658   0.00396  5.93e-05   0.00113      2.03      27.8         0
     10/99     4.02G      2.11      25.9         0        28       265       416   0.00072   0.00456  0.000769   0.00124      2.01      23.3         0
     11/99     4.02G      2.07      21.9         0      23.9       184       416  0.000886   0.00535  4.92e-05   0.00152      1.99      20.6         0
     12/99     4.02G      1.94      18.3         0      20.2       225       416   0.00134   0.00753   6.9e-05   0.00228      1.97      16.9         0
     13/99     4.02G      1.94      15.1         0      17.1       203       416   0.00256    0.0139  0.000112   0.00433      1.95      13.7         0
     14/99     4.02G      1.95      12.4         0      14.4       206       416     0.006    0.0323   0.00242    0.0101      1.93        11         0
     15/99     4.02G      1.78      5.94         0      7.73       209       416         0         0         0         0      1.89      2.68         0
     16/99     4.02G      1.67      1.34         0      3.01       194       416         0         0         0         0      2.06      2.17         0
     17/99     4.02G      1.98      1.44         0      3.42       274       416         0         0         0         0      2.18      3.11         0
     18/99     4.02G      2.01      1.81         0      3.82       240       416         0         0         0         0      2.18      3.95         0
     19/99     4.02G      1.86      2.03         0      3.89       199       416         0         0         0         0      2.07       4.6         0
     20/99     4.02G      2.48      3.62         0       6.1       227       416         0         0         0         0      3.64      58.4         0
     21/99     4.02G      2.78      4.64         0      7.43       149       416  0.000112  0.000594   1.8e-06  0.000189      3.05       356         0
